#    Model               GR#     GDT_TS   NP_P    RANK  Z-M1-GDT  Z-M1s-GDT  Z-MA-GDT  Z-MAs-GDT  GDT_HA   Z-M1s-GDT-HA  GDC_SC   GDC_ALL  RMS_CA   RMS_ALL  NP    err  PC01  PC05  AL0_P  AL4_P  Z-M1-AL0_p  Z-M1s-AL0_p  Z-MA-AL0_p   Z-MAs-AL0_p  ALI_P  LGA_S    RMSD[L]  Z-score[M]  Z-Score[D]  Al.Res.  RMSD[D]  MolPrb_Score  LDDT    SphGr     CAD_AA  RPF     CODM    DFM     Handed.  SOV     CE      QCS     CONTS   TMscore  Dali(raw)  FlexE    QSE      CAD_SS    MolPrb_clash  MolPrb_rotout  MolPrb_ramout  MolPrb_ramfv 

-    starting_model      -       60.97    -       -     -         -          -         -          39.35    -             18.52    -        4.23     5.10     -     -    -     -     -      -      -           -            -            -            -      -        -        6.38        14.30       148      3.60     3.48          0.57    77.10     0.59    0.64    0.93    0.25    0.88     95.40   5.99    78.04   73.83   0.71     953.60     3.61     84.11    0.30      29.98         21.32         2.61           91.50        

1    R0957s2TS457_4      457     70.32    100.00  0     N/A       N/A        1.24      N/A        48.71    N/A           29.49    42.07    3.461    4.301    155   1    0     0     76.13  86.45  N/A         N/A          1.36         N/A          86.45  74.193   1.92     8.08        17.3        148      2.5      1.43          0.64    79.03     0.66    0.70    0.94    0.23    0.90     91.10   5.86    85.21   79.36   0.79    1126.30    3.15     86.88    0.41      2.46          0.00          0.00           94.12        
2    R0957s2TS195_1      195     68.71    100.00  0     1.08      N/A        1.11      N/A        48.39    N/A           30.48    42.87    3.722    4.49     155   1    0     0     70.32  81.94  1.00        N/A          1.05         N/A          81.94  75.14    1.87     7.48        16.6        146      3.2      1.06          0.60    76.45     0.64    0.66    0.94    0.22    0.90     92.80   6.23    82.38   76.03   0.77    1084.30    5.36     N/A      0.38      0.00          2.94          1.31           96.73        
3    R0957s2TS102_1      102s    67.90    100.00  0     1.01      1.08       1.04      1.42       46.62    0.99          25.45    39.31    3.83     4.642    155   1    0     0     67.74  80.65  0.86        0.88         0.92         1.10         80.65  74.398   1.80     7.23        16.2        147      2.9      1.30          0.60    76.45     0.62    0.68    0.92    0.25    0.89     86.40   5.99    82.67   76.45   0.77    1062.60    3.37     84.23    0.35      1.23          0.74          0.65           92.81        
4    R0957s2TS457_1      457     67.42    100.00  0     0.97      N/A        1.00      N/A        48.06    N/A           25.01    36.87    3.715    4.542    155   1    0     0     70.97  81.94  1.04        N/A          1.09         N/A          83.23  68.588   2.01     7.40        16          146      2.6      1.28          0.61    74.19     0.61    0.67    0.93    0.23    0.90     96.10   5.73    83.55   77.48   0.76    1049.20    3.32     82.71    0.34      2.87          0.00          0.00           96.73        
5    R0957s2TS390_3      390     67.26    100.00  0     N/A       N/A        0.99      N/A        47.09    N/A           23.29    38.03    3.937    4.821    155   1    0     0     67.74  81.94  N/A         N/A          0.92         N/A          82.58  70.066   1.93     6.89        15.8        147      3.1      1.51          0.60    76.77     0.62    0.66    0.93    0.23    0.89     93.90   5.99    81.95   77.23   0.75    1042.00    3.32     83.38    0.34      2.46          0.00          0.65           92.16        
6    R0957s2TS356_2      356     67.26    100.00  0     N/A       N/A        0.99      N/A        47.74    N/A           25.83    39.68    4.413    5.415    155   1    0     0     67.10  79.35  N/A         N/A          0.88         N/A          79.35  67.854   1.99     6.89        14.5        144      3.3      0.82          0.59    73.87     0.64    0.64    0.93    0.28    0.89     95.00   6.11    78.06   76.45   0.74    961.30     4.06     82.71    0.37      0.00          0.00          0.00           95.42        
7    R0957s2TS112_2      112     66.13    100.00  0     N/A       N/A        0.89      N/A        46.29    N/A           24.53    39.32    4.375    5.086    155   0    0     0     67.10  75.48  N/A         N/A          0.88         N/A          77.42  67.48    2.00     6.38        15.4        147      3.4      1.60          0.59    74.52     0.61    0.65    0.94    0.25    0.88     95.20   5.99    80.03   75.49   0.75    1015.00    3.80     86.87    0.34      1.64          2.21          1.31           93.46        
8    R0957s2TS068_4      068     66.13    100.00  0     N/A       N/A        0.89      N/A        44.68    N/A           21.91    36.73    3.646    4.711    155   0    0     0     69.68  83.87  N/A         N/A          1.02         N/A          83.87  69.303   2.06     7.57        15.5        151      3.2      0.88          0.60    79.68     0.62    0.66    0.94    0.19    0.90     91.30   6.11    81.11   76.01   0.75    1023.70    3.29     83.51    0.35      0.82          0.00          0.00           97.39        
9    R0957s2TS390_1      390     66.13    100.00  0     0.86      N/A        0.89      N/A        45.65    N/A           20.44    34.34    3.939    4.834    155   1    0     0     67.10  81.29  0.82        N/A          0.88         N/A          81.29  69.124   2.02     6.97        16.2        147      3.1      1.40          0.60    77.74     0.61    0.67    0.93    0.23    0.89     96.20   6.11    80.34   78.32   0.74    1066.00    3.23     83.43    0.35      2.05          0.00          0.65           93.46        
10   R0957s2TS190_3      190     65.16    100.00  0     N/A       N/A        0.81      N/A        46.13    N/A           23.14    36.46    4.451    5.254    155   0    0     0     63.23  75.48  N/A         N/A          0.68         N/A          75.48  69.013   1.88     7.14        14.1        148      3.7      2.40          0.58    75.16     0.62    0.64    0.93    0.26    0.88     90.80   5.99    79.04   74.46   0.72    941.30     3.52     38.87    0.37      13.55         4.41          0.65           96.08        
11   R0957s2TS102_4      102s    65.00    100.00  0     N/A       N/A        0.80      0.94       43.87    N/A           24.61    38.68    4.248    5.183    155   1    0     0     66.45  81.29  N/A         N/A          0.85         0.97         81.29  70.93    1.88     6.81        15.2        146      3.2      1.40          0.59    75.48     0.60    0.66    0.91    0.27    0.88     89.40   5.86    80.76   75.85   0.75    1007.50    3.37     80.00    0.32      2.05          0.74          0.00           93.46        
12   R0957s2TS390_4      390     64.68    100.00  0     N/A       N/A        0.77      N/A        43.71    N/A           22.63    36.29    4.06     4.91     155   1    0     0     65.81  81.94  N/A         N/A          0.81         N/A          82.58  66.063   1.94     7.31        15.5        147      3        1.27          0.59    74.84     0.62    0.66    0.91    0.27    0.89     86.00   5.86    80.94   76.73   0.76    1022.90    3.52     83.97    0.34      1.23          0.00          1.31           93.46        
13   R0957s2TS356_3      356     64.52    100.00  0     N/A       N/A        0.76      N/A        45.16    N/A           24.24    34.61    4.489    5.438    155   1    0     0     63.87  76.13  N/A         N/A          0.71         N/A          76.13  62.221   2.08     6.55        14.1        139      3        0.50          0.60    74.52     0.64    0.64    0.92    0.27    0.88     90.20   5.04    77.44   75.79   0.72    943.20     4.78     81.67    0.39      0.00          0.74          0.00           98.69        
14   R0957s2TS068_1      068     64.03    100.00  0     0.68      N/A        0.72      N/A        43.55    N/A           22.91    35.43    4.277    5.275    155   0    0     0     63.87  81.94  0.65        N/A          0.71         N/A          81.94  67.888   2.15     6.89        15.3        147      3.5      0.76          0.60    77.10     0.63    0.66    0.93    0.25    0.88     96.10   6.11    80.41   76.14   0.72    1009.00    3.47     80.95    0.35      0.82          0.00          0.00           98.04        
15   R0957s2TS102_2      102s    63.87    100.00  0     N/A       N/A        0.71      0.76       44.03    N/A           21.98    35.38    4.141    5.099    155   1    0     0     62.58  80.65  N/A         N/A          0.64         0.57         80.65  66.806   2.20     6.13        15.2        148      3.4      1.59          0.59    75.16     0.60    0.65    0.93    0.25    0.88     90.20   5.99    80.27   75.47   0.72    1006.40    3.38     81.32    0.31      4.11          0.00          0.65           94.12        
16   R0957s2TS174_2      174     63.55    100.00  0     N/A       N/A        0.68      N/A        42.90    N/A           19.32    32.02    4.107    5.003    155   0    0     0     63.23  81.29  N/A         N/A          0.68         N/A          81.29  66.927   2.14     7.06        15.9        148      3.4      1.69          0.61    80.00     0.63    0.68    0.94    0.23    0.88     94.90   6.11    81.72   79.00   0.73    1043.10    2.93     N/A      0.35      9.03          0.74          0.65           96.73        
17   R0957s2TS457_2      457     63.55    100.00  0     N/A       N/A        0.68      N/A        42.26    N/A           18.09    28.20    3.843    4.735    155   1    0     0     63.23  79.35  N/A         N/A          0.68         N/A          79.35  62.822   2.15     6.64        15.3        148      3.3      1.16          0.58    75.48     0.60    0.65    0.93    0.24    0.88     90.90   5.99    83.14   76.63   0.71    1009.90    3.28     78.74    0.31      1.23          0.00          0.00           95.42        
18   R0957s2TS390_5      390     63.55    100.00  0     N/A       N/A        0.68      N/A        43.23    N/A           23.56    34.48    4.175    5.069    155   1    0     0     63.23  78.71  N/A         N/A          0.68         N/A          78.71  66.095   2.12     6.89        14.9        147      3.5      1.48          0.59    76.77     0.60    0.66    0.93    0.26    0.88     92.40   5.99    80.28   75.23   0.72    988.70     3.60     80.95    0.32      2.46          0.00          0.65           92.81        
19   R0957s2TS117_1      117     63.55    100.00  0     0.64      N/A        0.68      N/A        42.09    N/A           16.06    30.68    4.083    4.995    155   1    0     0     61.29  80.65  0.50        N/A          0.58         N/A          80.65  62.804   2.18     6.97        14.9        148      3.4      3.76          0.58    77.10     0.59    0.65    0.94    0.23    0.89     96.50   5.99    79.68   75.55   0.72    989.70     3.73     75.39    0.29      92.81         10.29         5.88           89.54        
20   R0957s2TS102_3      102s    63.39    100.00  0     N/A       N/A        0.67      0.68       42.90    N/A           20.79    34.04    4.175    5.146    155   1    0     0     62.58  81.94  N/A         N/A          0.64         0.57         81.94  66.594   2.23     6.55        15.1        147      3.4      1.37          0.59    75.81     0.60    0.65    0.93    0.26    0.88     95.90   5.99    79.46   74.77   0.72    1000.20    3.62     82.61    0.32      1.64          0.00          0.65           92.81        
21   R0957s2TS068_5      068     63.39    100.00  0     N/A       N/A        0.67      N/A        42.74    N/A           21.48    34.64    4.292    5.17     155   0    0     0     61.94  81.94  N/A         N/A          0.61         N/A          81.94  66.316   2.16     6.81        15.4        146      3.2      0.76          0.59    78.06     0.62    0.66    0.94    0.25    0.88     95.10   6.11    80.35   77.24   0.72    1018.20    3.14     79.71    0.32      0.82          0.00          0.65           98.04        
22   R0957s2TS117_2      117     63.23    100.00  0     N/A       N/A        0.65      N/A        42.10    N/A           16.59    32.45    4.076    5.05     155   1    0     0     63.23  80.65  N/A         N/A          0.68         N/A          80.65  64.193   2.03     6.81        15.4        148      3.3      3.85          0.58    75.16     0.59    0.65    0.93    0.23    0.89     96.10   5.86    81.08   77.18   0.73    1018.20    3.47     76.54    0.29      108.01        13.24         3.92           91.50        
23   R0957s2TS390_2      390     63.23    100.00  0     N/A       N/A        0.65      N/A        42.90    N/A           21.28    34.92    4.091    5        155   1    0     0     61.94  80.65  N/A         N/A          0.61         N/A          80.65  65.521   2.19     6.47        15.2        147      3.4      1.68          0.59    76.13     0.59    0.65    0.93    0.26    0.89     96.40   5.99    80.21   75.39   0.73    1004.00    3.39     81.58    0.30      4.11          0.00          0.65           92.16        
24   R0957s2TS190_1      190     63.23    100.00  0     0.61      N/A        0.65      N/A        42.10    N/A           21.56    32.86    4.33     5.11     155   0    0     0     61.94  80.65  0.54        N/A          0.61         N/A          81.29  63.428   2.20     7.23        13.2        145      3.5      1.99          0.57    76.13     0.61    0.63    0.93    0.26    0.88     95.90   5.46    77.46   72.98   0.71    888.00     4.14     43.00    0.35      8.62          2.21          0.65           96.08        
25   R0957s2TS457_3      457     63.23    100.00  0     N/A       N/A        0.65      N/A        42.74    N/A           22.05    35.69    3.999    4.918    155   1    0     0     67.10  82.58  N/A         N/A          0.88         N/A          83.23  66.486   2.00     7.48        14.3        148      3.1      1.40          0.58    73.23     0.60    0.65    0.93    0.24    0.90     96.10   5.60    81.22   75.67   0.75    952.20     3.76     81.56    0.31      2.05          0.00          0.00           93.46        
26   R0957s2TS356_5      356     63.23    100.00  0     N/A       N/A        0.65      N/A        44.68    N/A           23.89    35.00    4.619    5.55     155   1    0     0     61.29  77.42  N/A         N/A          0.58         N/A          77.42  64.812   1.94     6.30        12.9        141      3.3      0.62          0.57    71.61     0.62    0.62    0.92    0.30    0.89     95.70   5.99    75.38   73.56   0.72    868.20     4.51     83.33    0.34      0.00          0.00          0.65           97.39        
27   R0957s2TS004_1      004s    63.06    100.00  0     0.60      0.35       0.64      0.63       43.55    0.50          24.32    36.79    4.637    5.532    155   0    0     0     64.52  76.13  0.68        0.56         0.75         0.77         76.13  63.832   1.99     6.72        13.7        143      3.5      1.02          0.58    72.90     0.61    0.63    0.91    0.26    0.88     95.50   5.86    79.00   75.93   0.72    915.90     3.59     78.15    0.32      0.00          1.47          1.31           94.12        
28   R0957s2TS174_4      174     62.58    100.00  0     N/A       N/A        0.60      N/A        42.42    N/A           19.04    30.88    4.347    5.251    155   0    0     0     60.00  78.71  N/A         N/A          0.51         N/A          78.71  64.438   2.20     6.89        15.3        147      3.5      2.32          0.59    75.48     0.62    0.66    0.93    0.26    0.88     95.20   5.99    80.57   77.09   0.71    1008.80    3.58     N/A      0.33      2.46          11.03         2.61           91.50        
29   R0957s2TS217_3      217     62.58    100.00  0     N/A       N/A        0.60      N/A        40.48    N/A           19.04    32.94    4.187    5.116    155   1    0     0     61.94  81.29  N/A         N/A          0.61         N/A          81.29  62.23    2.14     6.64        14.5        149      3.5      3.79          0.50    77.10     0.58    0.65    0.94    0.24    0.88     95.10   6.11    78.00   73.43   0.72    964.10     4.36     80.26    0.31      153.18        5.88          1.31           89.54        
30   R0957s2TS156_3      156s    62.58    100.00  0     N/A       N/A        0.60      0.55       41.94    N/A           22.65    33.52    4.42     5.167    155   0    0     0     62.58  82.58  N/A         N/A          0.64         0.57         82.58  66.598   2.17     6.97        15.4        146      3.3      0.96          0.60    79.36     0.64    0.67    0.93    0.26    0.88     95.60   6.11    80.33   77.08   0.72    1015.10    3.31     81.10    0.36      0.82          0.74          0.65           96.73        
31   R0957s2TS156_2      156s    62.42    100.00  0     N/A       N/A        0.59      0.52       41.77    N/A           22.11    35.86    4.483    5.208    155   0    0     0     65.16  80.65  N/A         N/A          0.78         0.83         81.29  67.464   2.12     6.72        15.5        145      3.3      0.76          0.61    79.36     0.64    0.68    0.93    0.26    0.88     95.60   6.11    80.78   77.19   0.72    1021.40    3.23     80.10    0.38      0.82          0.00          0.00           98.04        
32   R0957s2TS086_4      086     62.42    100.00  0     N/A       N/A        0.59      N/A        42.09    N/A           19.76    30.19    4.404    5.196    155   0    0     0     58.71  76.77  N/A         N/A          0.44         N/A          77.42  63.475   2.15     6.64        15.8        147      3.6      1.09          0.62    78.71     0.65    0.70    0.92    0.24    0.87     89.10   5.99    83.64   81.11   0.70    1041.00    2.99     77.90    0.37      2.05          0.00          0.00           97.39        
33   R0957s2TS190_2      190     62.26    100.00  0     N/A       N/A        0.57      N/A        41.93    N/A           20.16    32.21    4.445    5.17     155   0    0     0     60.65  76.77  N/A         N/A          0.54         N/A          76.77  63.031   2.10     6.55        14          144      3.5      2.06          0.58    76.13     0.61    0.64    0.93    0.27    0.88     96.40   5.04    78.20   73.66   0.71    935.10     3.98     41.74    0.36      9.45          2.94          1.96           96.73        
34   R0957s2TS190_4      190     62.26    100.00  0     N/A       N/A        0.57      N/A        43.06    N/A           18.60    34.54    4.449    5.199    155   0    0     0     61.94  78.71  N/A         N/A          0.61         N/A          78.71  66.059   2.04     6.81        13.2        148      3.7      2.37          0.56    76.45     0.61    0.62    0.93    0.28    0.88     96.80   5.86    77.26   71.23   0.71    887.60     4.10     39.81    0.33      9.86          5.15          0.65           95.42        
35   R0957s2TS156_1      156s    62.10    100.00  0     0.51      0.20       0.56      0.47       41.45    0.16          22.82    35.11    4.448    5.303    155   0    0     0     61.29  81.29  0.50        0.25         0.58         0.44         81.29  67.446   2.16     6.72        15.2        145      3.3      0.85          0.60    78.71     0.63    0.66    0.93    0.27    0.88     95.60   6.11    79.92   76.66   0.72    1005.70    3.33     81.61    0.35      0.41          0.00          0.00           96.73        
36   R0957s2TS156_4      156s    62.10    100.00  0     N/A       N/A        0.56      0.47       40.97    N/A           18.94    33.52    4.114    5.017    155   0    0     0     62.58  80.65  N/A         N/A          0.64         0.57         80.65  66.8     2.19     6.30        15          146      3.5      0.77          0.59    75.48     0.62    0.65    0.93    0.25    0.88     96.90   6.11    79.12   75.67   0.71    991.80     3.52     80.81    0.32      0.41          0.00          0.00           97.39        
37   R0957s2TS356_4      356     62.10    100.00  0     N/A       N/A        0.56      N/A        43.38    N/A           23.02    34.79    4.475    5.417    155   1    0     0     58.71  77.42  N/A         N/A          0.44         N/A          77.42  60.459   2.16     6.64        12.9        143      3.9      0.77          0.56    70.00     0.61    0.61    0.91    0.31    0.88     97.20   5.99    72.21   74.06   0.72    872.40     4.74     80.66    0.34      0.00          0.00          1.31           96.08        
38   R0957s2TS217_5      217     62.10    100.00  0     N/A       N/A        0.56      N/A        40.16    N/A           19.81    32.58    4.181    5.134    155   1    0     0     60.65  80.65  N/A         N/A          0.54         N/A          80.65  62.979   2.14     6.64        14.5        149      3.5      3.81          0.47    76.77     0.58    0.65    0.94    0.25    0.88     94.10   6.11    77.86   73.15   0.72    962.60     4.44     80.16    0.30      144.56        5.88          1.31           87.58        
39   R0957s2TS156_5      156s    61.77    100.00  0     N/A       N/A        0.53      0.42       40.48    N/A           20.41    34.09    4.178    5.036    155   0    0     0     63.23  81.94  N/A         N/A          0.68         0.64         81.94  65.535   2.19     6.38        15.3        147      3.5      0.77          0.60    79.36     0.64    0.67    0.93    0.23    0.88     91.30   6.11    80.25   76.84   0.72    1013.50    2.96     79.68    0.38      0.00          0.00          0.00           96.08        
40   R0957s2TS217_4      217     61.77    100.00  0     N/A       N/A        0.53      N/A        39.84    N/A           19.69    33.08    4.297    5.198    155   1    0     0     61.29  80.00  N/A         N/A          0.58         N/A          80.00  62.798   2.14     6.47        14.3        148      3.4      3.77          0.47    77.10     0.58    0.65    0.93    0.25    0.88     96.30   5.99    77.99   73.52   0.72    955.20     4.16     79.53    0.29      146.38        5.88          3.92           89.54        
41   R0957s2TS217_1      217     61.77    100.00  0     0.48      N/A        0.53      N/A        39.84    N/A           19.06    32.88    4.266    5.191    155   1    0     0     61.94  80.65  0.54        N/A          0.61         N/A          80.65  62.778   2.16     6.55        14.5        149      3.4      3.89          0.49    76.45     0.58    0.65    0.94    0.26    0.88     96.80   6.11    77.97   73.39   0.72    963.30     4.41     79.83    0.30      154.83        7.35          3.27           88.89        
42   R0957s2TS217_2      217     61.61    100.00  0     N/A       N/A        0.52      N/A        39.68    N/A           20.48    33.60    4.252    5.172    155   1    0     0     61.29  80.65  N/A         N/A          0.58         N/A          80.65  62.232   2.14     6.47        14.5        148      3.4      3.83          0.47    77.10     0.58    0.65    0.94    0.25    0.88     95.10   6.11    77.88   73.31   0.72    961.60     4.43     80.18    0.30      147.43        6.62          1.96           88.89        
43   R0957s2TS174_1      174     61.61    100.00  0     0.47      N/A        0.52      N/A        40.65    N/A           21.23    33.61    4.19     5.06     155   0    0     0     64.52  79.35  0.68        N/A          0.75         N/A          79.35  64.705   2.16     6.81        15.9        148      3.5      1.61          0.61    80.97     0.63    0.69    0.94    0.22    0.88     94.90   6.11    81.47   78.90   0.72    1048.00    3.02     N/A      0.36      7.39          0.00          0.00           96.73        
44   R0957s2TS344_2      344     61.45    100.00  0     N/A       N/A        0.51      N/A        40.48    N/A           21.91    33.52    4.239    5.048    155   1    0     0     59.35  80.00  N/A         N/A          0.47         N/A          80.00  64.634   2.25     6.21        13.7        148      3.6      1.68          0.57    76.77     0.61    0.64    0.93    0.27    0.88     93.60   5.46    77.70   73.33   0.71    919.90     3.92     76.67    0.34      0.00          4.41          1.31           83.01        
45   R0957s2TS356_1      356     61.45    100.00  0     0.46      N/A        0.51      N/A        41.45    N/A           21.95    33.66    4.299    5.215    155   1    0     0     61.29  79.35  0.50        N/A          0.58         N/A          79.35  64.686   2.11     6.30        14.5        148      3.6      0.83          0.58    74.84     0.62    0.64    0.93    0.24    0.88     89.80   5.86    78.45   75.46   0.71    965.00     3.51     81.26    0.33      0.00          1.47          1.31           96.73        
46   R0957s2TS174_5      174     61.29    100.00  0     N/A       N/A        0.49      N/A        39.68    N/A           19.85    33.82    4.239    5.105    155   0    0     0     61.94  81.29  N/A         N/A          0.61         N/A          81.29  62.867   2.17     6.38        14.5        148      3.6      2.67          0.57    76.77     0.58    0.64    0.93    0.24    0.88     96.50   5.99    78.54   74.63   0.71    962.80     3.53     N/A      0.32      2.87          14.71         7.19           81.70        
47   R0957s2TS460_2      460     61.29    100.00  0     N/A       N/A        0.49      N/A        39.84    N/A           18.98    32.65    4.26     5.088    155   1    0     0     59.35  79.35  N/A         N/A          0.47         N/A          79.35  64.591   2.23     6.55        13.9        148      3.6      2.96          0.57    77.10     0.59    0.64    0.93    0.26    0.88     96.80   5.86    76.95   73.53   0.71    930.80     3.86     83.52    0.31      20.12         10.29         1.96           94.12        
48   R0957s2TS460_3      460     61.29    100.00  0     N/A       N/A        0.49      N/A        39.84    N/A           18.81    32.69    4.26     5.089    155   1    0     0     59.35  79.35  N/A         N/A          0.47         N/A          79.35  64.537   2.23     6.55        13.9        148      3.6      2.99          0.57    76.77     0.59    0.64    0.93    0.26    0.88     96.30   5.86    76.93   73.47   0.71    931.30     3.86     83.59    0.31      20.12         11.03         1.96           94.12        
49   R0957s2TS460_5      460     61.29    100.00  0     N/A       N/A        0.49      N/A        39.84    N/A           18.98    32.41    4.257    5.092    155   1    0     0     59.35  79.35  N/A         N/A          0.47         N/A          79.35  64.356   2.24     6.55        13.9        148      3.6      2.88          0.56    76.77     0.59    0.63    0.93    0.26    0.88     96.30   5.86    76.82   73.32   0.71    927.50     3.85     83.46    0.30      14.78         11.76         1.96           94.12        
50   R0957s2TS102_5      102s    61.13    100.00  0     N/A       N/A        0.48      0.31       40.32    N/A           19.77    33.24    4.226    5.034    155   1    0     0     59.35  80.00  N/A         N/A          0.47         0.24         80.00  63.483   2.17     6.47        14.7        148      3.5      1.71          0.58    76.13     0.61    0.64    0.93    0.24    0.88     97.00   5.99    78.87   75.11   0.71    978.60     3.48     81.45    0.31      5.34          0.00          0.00           93.46        
51   R0957s2TS460_1      460     61.13    100.00  0     0.43      N/A        0.48      N/A        39.68    N/A           19.17    32.63    4.261    5.087    155   1    0     0     60.00  80.00  0.43        N/A          0.51         N/A          80.00  64.008   2.23     6.55        13.9        148      3.6      2.96          0.57    77.10     0.59    0.64    0.93    0.26    0.88     96.80   5.86    76.98   73.58   0.71    929.80     3.85     83.59    0.31      20.12         10.29         1.96           94.12        
52   R0957s2TS197_4      197     61.13    100.00  0     N/A       N/A        0.48      N/A        40.16    N/A           20.07    31.32    4.409    5.343    155   1    0     0     59.35  77.42  N/A         N/A          0.47         N/A          78.06  60.372   2.25     6.81        14.7        148      3.8      3.28          0.58    73.55     0.60    0.65    0.93    0.24    0.87     93.00   5.86    79.23   76.86   0.70    978.00     3.20     73.88    0.30      43.12         8.09          2.61           92.16        
53   R0957s2TS174_3      174     61.13    100.00  0     N/A       N/A        0.48      N/A        39.68    N/A           19.05    33.26    4.244    5.123    155   0    0     0     60.65  81.94  N/A         N/A          0.54         N/A          81.94  62.924   2.26     6.38        14.5        148      3.6      2.79          0.57    77.10     0.59    0.65    0.93    0.25    0.88     97.30   5.99    78.64   74.92   0.71    961.60     3.59     N/A      0.32      4.11          14.71         6.54           81.70        
54   R0957s2TS457_5      457     61.13    100.00  0     N/A       N/A        0.48      N/A        39.35    N/A           18.54    33.41    4.224    5.087    155   1    0     0     61.94  81.29  N/A         N/A          0.61         N/A          81.29  63.012   2.15     6.13        14.4        148      3.6      3.86          0.57    76.77     0.58    0.65    0.93    0.26    0.88     90.70   5.99    78.04   73.97   0.71    960.00     3.55     80.92    0.30      53.80         25.00         2.61           88.24        
55   R0957s2TS270_4      270     61.13    100.00  0     N/A       N/A        0.48      N/A        40.32    N/A           20.05    32.14    4.37     5.292    155   1    0     0     58.71  81.29  N/A         N/A          0.44         N/A          81.29  64.711   2.18     6.38        13.5        148      3.7      1.92          0.55    74.84     0.60    0.62    0.93    0.28    0.88     83.90   5.60    77.19   72.44   0.71    903.40     4.08     N/A      0.33      1.64          3.68          1.31           88.89        
56   R0957s2TS431_5      431     60.97    100.00  0     N/A       N/A        0.47      N/A        40.32    N/A           18.46    32.65    4.328    5.347    155   1    0     0     59.35  79.35  N/A         N/A          0.47         N/A          79.35  64.014   2.17     6.55        13.6        146      3.6      1.48          0.55    73.87     0.60    0.61    0.93    0.26    0.88     94.80   5.86    76.45   72.68   0.71    911.80     3.72     74.41    0.29      0.41          2.94          0.65           92.16        
57   R0957s2TS425_1      425     60.97    100.00  0     0.41      N/A        0.47      N/A        40.80    N/A           19.60    31.85    4.2      5.047    155   0    0     0     59.35  81.29  0.40        N/A          0.47         N/A          81.29  59.334   2.18     7.31        15.1        147      3.3      0.50          0.60    74.84     0.63    0.66    0.92    0.28    0.88     93.50   5.86    81.10   77.89   0.72    996.60     3.56     N/A      0.35      0.00          0.00          0.00           98.69        
58   R0957s2TS270_3      270     60.97    100.00  0     N/A       N/A        0.47      N/A        39.52    N/A           19.57    33.55    4.238    5.167    155   1    0     0     61.29  80.65  N/A         N/A          0.58         N/A          80.65  64.749   2.15     6.47        14.5        148      3.5      2.54          0.57    75.81     0.59    0.64    0.93    0.25    0.88     97.40   5.99    78.40   74.26   0.71    964.60     3.59     N/A      0.30      4.11          8.82          2.61           86.93        
59   R0957s2TS460_4      460     60.97    100.00  0     N/A       N/A        0.47      N/A        39.52    N/A           19.05    32.39    4.261    5.095    155   1    0     0     58.06  80.00  N/A         N/A          0.41         N/A          80.00  64.259   2.25     6.55        13.8        148      3.6      2.86          0.56    76.77     0.59    0.63    0.93    0.25    0.88     96.30   5.86    76.71   73.16   0.71    921.80     3.87     83.47    0.30      13.14         12.50         1.96           94.12        
60   R0957s2TS344_3      344     60.97    100.00  0     N/A       N/A        0.47      N/A        40.16    N/A           19.23    32.69    4.322    5.279    155   1    0     0     60.65  80.00  N/A         N/A          0.54         N/A          80.00  62.214   2.15     6.21        13.6        146      3.6      1.42          0.56    73.55     0.59    0.62    0.92    0.28    0.88     97.10   5.86    77.28   72.42   0.71    911.40     4.17     76.60    0.31      0.00          2.21          1.96           84.97        
61   R0957s2TS358_3      358     60.81    100.00  0     N/A       N/A        0.45      N/A        39.68    N/A           19.00    33.41    4.253    5.168    155   0    0     0     60.65  79.35  N/A         N/A          0.54         N/A          80.00  62.04    2.22     6.47        14.6        148      3.6      2.34          0.52    74.19     0.58    0.63    0.93    0.25    0.88     95.90   5.86    78.12   75.19   0.72    967.20     3.86     76.26    0.27      46.00         0.00          0.65           96.73        
62   R0957s2TS190_5      190     60.65    100.00  0     N/A       N/A        0.44      N/A        39.03    N/A           18.14    33.25    4.249    5.114    155   0    0     0     63.23  80.65  N/A         N/A          0.68         N/A          80.65  65.154   2.14     6.47        14.4        147      3.5      3.03          0.57    76.45     0.59    0.64    0.93    0.25    0.88     95.60   5.99    77.92   74.45   0.71    959.20     3.32     84.08    0.30      36.96         6.62          1.31           94.77        
63   R0957s2TS197_3      197     60.65    100.00  0     N/A       N/A        0.44      N/A        39.52    N/A           19.12    30.53    4.427    5.317    155   0    0     0     59.35  78.06  N/A         N/A          0.47         N/A          78.71  64.873   2.17     6.64        15          147      3.7      3.09          0.58    75.81     0.60    0.65    0.93    0.23    0.87     96.90   5.86    79.38   77.36   0.70    991.10     3.17     73.41    0.31      41.89         4.41          2.61           91.50        
64   R0957s2TS344_1      344     60.65    100.00  0     0.39      N/A        0.44      N/A        40.00    N/A           21.06    33.74    4.317    5.255    155   3    0     0     60.00  78.71  0.43        N/A          0.51         N/A          78.71  65.258   2.16     6.81        14.1        148      3.6      1.36          0.57    73.55     0.59    0.63    0.93    0.26    0.88     89.30   5.86    78.14   74.19   0.71    939.40     3.63     75.66    0.29      0.41          2.21          1.31           92.81        
65   R0957s2TS358_1      358     60.48    100.00  0     0.37      N/A        0.43      N/A        38.87    N/A           21.36    32.21    4.197    5.054    155   0    0     0     58.71  80.65  0.36        N/A          0.44         N/A          81.29  59.739   2.24     7.06        14.6        146      3.2      2.45          0.52    76.13     0.61    0.65    0.92    0.25    0.89     96.00   5.86    79.33   75.65   0.72    970.50     3.70     77.25    0.30      58.73         0.00          0.00           96.73        
66   R0957s2TS086_1      086     60.32    100.00  0     0.36      N/A        0.41      N/A        40.48    N/A           20.43    30.17    4.698    5.335    155   0    0     0     63.23  73.55  0.61        N/A          0.68         N/A          74.19  61.496   2.06     6.13        15.2        146      3.7      0.76          0.63    79.68     0.67    0.69    0.92    0.27    0.87     94.60   5.60    81.33   77.95   0.70    1006.30    3.82     N/A      0.42      0.82          0.00          0.65           98.04        
67   R0957s2TS086_3      086     60.16    100.00  0     N/A       N/A        0.40      N/A        39.35    N/A           18.34    28.31    4.572    5.27     155   0    0     0     56.77  73.55  N/A         N/A          0.34         N/A          73.55  59.678   2.06     6.64        14.8        147      3.7      0.84          0.60    77.10     0.65    0.67    0.92    0.27    0.87     94.60   5.99    78.99   76.28   0.69    983.70     3.80     N/A      0.40      1.23          0.00          0.00           98.69        
68   R0957s2TS197_2      197     60.16    100.00  0     N/A       N/A        0.40      N/A        38.71    N/A           18.41    31.08    4.412    5.216    155   0    0     0     61.94  76.77  N/A         N/A          0.61         N/A          77.42  61.822   2.21     6.81        15.2        148      3.8      3.23          0.59    76.45     0.61    0.66    0.93    0.22    0.87     97.10   5.86    79.60   78.01   0.70    1006.70    3.17     73.47    0.32      46.41         5.15          3.92           90.20        
69   R0957s2TS344_5      344     60.16    100.00  0     N/A       N/A        0.40      N/A        39.35    N/A           19.92    32.46    4.417    5.389    155   1    0     0     60.00  78.06  N/A         N/A          0.51         N/A          78.06  63.284   2.22     6.97        13.4        147      3.7      1.54          0.56    70.64     0.58    0.61    0.93    0.27    0.88     80.10   5.86    75.97   71.21   0.70    901.20     4.36     76.54    0.29      0.00          3.68          1.31           87.58        
70   R0957s2TS425_2      425     60.00    100.00  0     N/A       N/A        0.39      N/A        39.03    N/A           19.43    32.84    4.246    5.009    155   0    0     0     58.06  81.29  N/A         N/A          0.41         N/A          81.29  61.415   2.13     6.72        15.2        147      3.3      0.65          0.61    76.13     0.64    0.69    0.91    0.27    0.88     95.40   5.99    82.34   79.62   0.72    1004.50    3.13     76.15    0.36      0.41          0.00          0.00           98.04        
71   R0957s2TS270_1      270     60.00    100.00  0     0.33      N/A        0.39      N/A        39.68    N/A           17.87    31.11    4.425    5.418    155   1    0     0     58.71  78.71  0.36        N/A          0.44         N/A          79.35  58.907   2.16     6.47        13.1        147      3.6      1.85          0.55    70.64     0.59    0.62    0.92    0.29    0.88     91.90   6.11    76.69   72.36   0.71    881.00     4.79     N/A      0.32      1.64          3.68          0.65           91.50        
72   R0957s2TS270_5      270     59.84    100.00  0     N/A       N/A        0.37      N/A        38.87    N/A           18.72    31.46    4.392    5.409    155   1    0     0     59.35  79.35  N/A         N/A          0.47         N/A          80.00  60.477   2.17     6.38        12.9        146      3.6      1.71          0.55    69.68     0.60    0.61    0.92    0.29    0.88     98.00   5.86    76.36   71.66   0.71    867.70     4.88     N/A      0.32      0.82          3.68          1.31           90.85        
73   R0957s2TS344_4      344     59.68    100.00  0     N/A       N/A        0.36      N/A        38.71    N/A           18.56    31.39    4.347    5.298    155   1    0     0     55.48  78.06  N/A         N/A          0.27         N/A          78.06  62.612   2.19     6.30        13.2        146      3.6      1.42          0.54    71.94     0.55    0.60    0.93    0.27    0.88     83.50   5.86    76.29   71.02   0.70    886.00     3.99     77.38    0.25      0.00          2.21          1.96           84.97        
74   R0957s2TS425_5      425     59.52    100.00  0     N/A       N/A        0.35      N/A        38.38    N/A           20.82    31.52    4.324    4.993    155   0    0     0     60.65  80.65  N/A         N/A          0.54         N/A          80.65  59.172   2.31     7.40        15.2        146      3        1.12          0.61    76.45     0.64    0.68    0.91    0.28    0.88     83.90   5.99    82.69   79.12   0.72    1003.60    3.09     78.04    0.37      1.64          0.00          0.00           96.73        
75   R0957s2TS425_4      425     59.35    100.00  0     N/A       N/A        0.33      N/A        40.97    N/A           19.29    29.77    5.386    6.06     155   0    0     0     57.42  67.74  N/A         N/A          0.37         N/A          69.68  58.105   2.06     5.79        14.2        144      4.1      1.05          0.61    77.74     0.65    0.67    0.91    0.26    0.84     90.00   5.99    79.86   77.11   0.65    944.10     3.93     74.53    0.39      1.23          0.00          0.00           96.73        
76   R0957s2TS068_2      068     58.87    100.00  0     N/A       N/A        0.29      N/A        37.74    N/A           17.10    27.89    4.938    5.905    155   0    0     0     53.55  80.00  N/A         N/A          0.17         N/A          80.00  64.282   2.16     6.64        14.4        145      3.4      1.05          0.56    69.68     0.60    0.62    0.91    0.29    0.86     86.70   5.99    76.52   72.77   0.67    959.90     5.87     76.28    0.30      1.23          0.00          0.00           96.73        
77   R0957s2TS270_2      270     58.55    100.00  0     N/A       N/A        0.27      N/A        38.55    N/A           21.82    31.20    4.851    5.565    155   0    0     0     56.77  73.55  N/A         N/A          0.34         N/A          73.55  57.498   2.22     6.13        12.5        145      4        1.25          0.55    77.42     0.60    0.63    0.90    0.27    0.87     99.40   5.73    74.68   73.05   0.68    845.00     3.98     N/A      0.32      0.41          1.47          1.31           92.16        
78   R0957s2TS086_2      086     58.39    100.00  0     N/A       N/A        0.25      N/A        37.26    N/A           17.91    31.57    4.802    5.576    155   0    0     0     52.90  72.26  N/A         N/A          0.13         N/A          72.90  60.36    2.01     5.28        13.5        144      3.6      0.65          0.57    71.94     0.61    0.64    0.91    0.30    0.84     90.20   5.86    77.80   74.29   0.65    907.90     4.40     N/A      0.31      0.41          0.00          0.00           99.35        
79   R0957s2TS197_1      197     58.39    100.00  0     0.19      N/A        0.25      N/A        36.94    N/A           18.41    29.24    4.48     5.369    155   0    0     0     56.77  74.84  0.25        N/A          0.34         N/A          76.13  57.932   2.25     6.64        14.5        148      3.9      3.17          0.57    76.45     0.59    0.64    0.93    0.23    0.86     93.00   5.86    78.31   76.43   0.69    963.00     3.28     72.17    0.29      41.89         4.41          3.27           88.89        
80   R0957s2TS196_5      196     58.39    100.00  0     N/A       N/A        0.25      N/A        37.26    N/A           16.96    29.28    4.381    5.239    155   3    0     0     58.06  78.71  N/A         N/A          0.41         N/A          78.71  59.522   2.17     6.38        12.6        147      3.7      1.58          0.53    75.16     0.57    0.60    0.93    0.28    0.88     92.20   5.73    74.56   69.25   0.69    852.60     4.22     84.46    0.28      0.00          2.94          3.92           81.05        
81   R0957s2TS068_3      068     58.23    100.00  0     N/A       N/A        0.24      N/A        37.42    N/A           18.17    29.00    4.36     5.172    155   0    0     0     55.48  76.77  N/A         N/A          0.27         N/A          76.77  59.047   2.24     6.13        14.1        148      3.8      1.05          0.58    80.97     0.62    0.64    0.93    0.24    0.87     91.40   5.99    77.47   76.24   0.68    940.50     3.36     78.97    0.33      1.23          0.00          0.65           96.73        
82   R0957s2TS196_4      196     58.06    100.00  0     N/A       N/A        0.23      N/A        36.45    N/A           16.90    28.89    4.359    5.238    155   6    0     0     57.42  79.35  N/A         N/A          0.37         N/A          79.35  59.624   2.10     6.38        12.6        147      3.7      1.69          0.54    74.84     0.56    0.60    0.93    0.28    0.87     83.20   5.86    75.10   69.90   0.69    855.80     4.16     84.74    0.27      0.00          4.41          3.27           82.35        
83   R0957s2TS196_3      196     57.90    100.00  0     N/A       N/A        0.21      N/A        36.13    N/A           17.38    28.49    4.326    5.216    155   6    0     0     55.48  79.35  N/A         N/A          0.27         N/A          80.00  58.471   2.22     6.47        12.6        147      3.7      1.71          0.54    74.84     0.56    0.61    0.93    0.28    0.87     69.70   5.86    75.07   70.10   0.69    851.90     4.16     85.05    0.27      0.00          4.41          3.27           81.05        
84   R0957s2TS425_3      425     57.74    100.00  0     N/A       N/A        0.20      N/A        39.52    N/A           16.02    24.34    5.05     5.876    155   0    0     0     43.87  68.39  N/A         N/A          -0.34        N/A          70.97  56.315   2.15     5.96        14.8        145      4.1      1.12          0.60    76.13     0.62    0.68    0.92    0.28    0.84     84.20   5.60    80.01   78.27   0.65    981.30     3.36     73.35    0.33      3.29          0.00          0.00           98.04        
85   R0957s2TS197_5      197     57.26    100.00  0     N/A       N/A        0.16      N/A        35.80    N/A           16.70    28.23    4.567    5.436    155   0    0     0     55.48  75.48  N/A         N/A          0.27         N/A          76.13  56.245   2.23     6.13        14.5        148      4        3.07          0.57    74.84     0.59    0.65    0.93    0.24    0.86     93.20   5.86    77.78   75.60   0.68    962.50     3.47     72.28    0.30      33.26         4.41          3.27           88.89        
86   R0957s2TS086_5      086     56.94    100.00  0     N/A       N/A        0.13      N/A        36.45    N/A           17.30    27.14    4.881    5.513    155   0    0     0     56.77  68.39  N/A         N/A          0.34         N/A          69.03  54.768   2.18     6.21        14.7        146      3.9      0.88          0.63    79.36     0.67    0.70    0.91    0.27    0.85     90.80   5.99    81.24   79.14   0.65    976.00     3.50     N/A      0.43      0.82          0.00          0.00           97.39        
87   R0957s2TS358_4      358     56.45    100.00  0     N/A       N/A        0.09      N/A        37.90    N/A           15.99    27.93    8.725    8.792    155   0    0     0     56.13  69.68  N/A         N/A          0.30         N/A          71.61  59.828   2.05     5.96        12.9        129      3.2      2.37          0.49    63.87     0.59    0.62    0.82    0.46    0.76     96.10   5.86    65.15   73.76   0.65    821.90     11.25    70.49    0.27      48.46         0.74          0.65           96.73        
88   R0957s2TS196_2      196     55.97    100.00  0     N/A       N/A        0.05      N/A        34.19    N/A           18.10    27.18    4.408    5.261    155   7    0     0     52.90  78.06  N/A         N/A          0.13         N/A          78.71  56.064   2.30     5.53        12.2        147      3.7      1.57          0.53    74.19     0.55    0.61    0.92    0.29    0.87     66.30   5.86    74.35   69.36   0.68    828.10     4.37     84.91    0.26      0.00          2.21          3.92           73.20        
89   R0957s2TS433_3      433     55.81    100.00  0     N/A       N/A        0.04      N/A        34.84    N/A           0.00     16.57    4.744    4.642    155   1    0     0     52.90  74.19  N/A         N/A          0.13         N/A          75.48  54.899   2.27     6.55        13.1        146      4.1      6.00          0.17    57.67     0.46    0.13    0.92    0.26    0.86     90.70   5.73    73.71   70.87   0.66    881.40     4.34     N/A      0.00      7.67          N/A           2.61           90.85        
90   R0957s2TS112_4      112     55.81    100.00  0     N/A       N/A        0.04      N/A        35.48    N/A           15.51    25.16    4.816    5.697    155   0    0     0     48.39  69.03  N/A         N/A          -0.11        N/A          69.68  52.37    2.23     5.53        13.3        143      3.9      1.11          0.54    72.58     0.61    0.62    0.93    0.27    0.86     89.60   5.86    75.17   74.20   0.66    891.40     4.38     85.16    0.31      0.00          1.47          1.31           92.16        
91   R0957s2TS112_1      112     55.65    100.00  0     -0.05     N/A        0.03      N/A        35.16    N/A           16.10    26.67    5.438    6.25     155   0    0     0     55.48  69.68  0.18        N/A          0.27         N/A          70.97  54.056   2.26     5.70        11.8        130      3.3      1.52          0.52    66.45     0.58    0.58    0.89    0.33    0.86     94.10   5.46    72.94   71.98   0.65    804.80     5.19     82.14    0.26      0.82          2.21          1.96           91.50        
92   R0957s2TS328_4      328     55.32    100.00  0     N/A       N/A        -0.00     N/A        34.68    N/A           10.56    18.20    4.722    5.616    155   0    0     0     41.29  67.10  N/A         N/A          -0.48        N/A          67.74  50.99    2.31     5.36        12.7        145      4.2      2.87          0.57    72.26     0.59    0.65    0.92    0.29    0.86     96.40   5.73    76.59   75.61   0.61    859.60     4.48     N/A      0.28      11.09         9.56          5.23           89.54        
93   R0957s2TS433_2      433     54.68    100.00  0     N/A       N/A        -0.05     N/A        33.55    N/A           0.00     16.82    4.607    4.505    155   1    0     0     53.55  71.61  N/A         N/A          0.17         N/A          73.55  53.874   2.33     6.47        13          146      3.9      6.00          0.17    57.67     0.46    0.13    0.92    0.26    0.86     90.70   5.86    74.92   70.53   0.67    875.00     4.22     N/A      0.00      6.39          N/A           2.61           90.20        
94   R0957s2TS433_1      433     54.03    100.00  0     -0.19     N/A        -0.11     N/A        32.90    N/A           0.00     17.55    4.718    4.614    155   1    0     0     54.19  76.13  0.11        N/A          0.20         N/A          77.42  54.816   2.36     6.30        12.8        146      3.9      6.00          0.17    57.67     0.46    0.13    0.91    0.26    0.86     95.40   5.73    74.52   70.31   0.67    862.30     4.36     N/A      0.00      3.84          N/A           2.61           90.20        
95   R0957s2TS433_5      433     54.03    100.00  0     N/A       N/A        -0.11     N/A        33.06    N/A           0.00     15.58    5.001    4.895    155   1    0     0     47.74  72.90  N/A         N/A          -0.14        N/A          74.19  51.867   2.51     6.38        12.5        142      3.9      6.00          0.17    57.67     0.46    0.13    0.92    0.26    0.84     90.70   5.73    73.49   70.93   0.63    847.70     4.33     N/A      0.00      5.12          N/A           2.61           90.20        
96   R0957s2TS433_4      433     53.87    100.00  0     N/A       N/A        -0.12     N/A        32.74    N/A           0.00     15.15    4.855    4.754    155   1    0     0     46.45  74.84  N/A         N/A          -0.21        N/A          76.13  52.843   2.47     6.04        12.9        146      4.2      6.00          0.17    57.48     0.46    0.13    0.92    0.25    0.85     90.70   5.86    73.53   70.90   0.64    868.30     4.31     N/A      0.00      5.12          N/A           2.61           90.85        
97   R0957s2TS196_1      196     53.55    100.00  0     -0.23     N/A        -0.15     N/A        31.61    N/A           15.72    24.02    4.598    5.435    155   9    0     0     43.87  73.55  -0.46       N/A          -0.34        N/A          73.55  47.969   2.37     5.53        11.9        146      3.9      1.82          0.53    73.55     0.55    0.60    0.91    0.28    0.86     70.90   5.86    72.36   68.72   0.66    812.90     4.59     84.43    0.27      0.41          2.94          6.54           72.55        
98   R0957s2TS328_1      328     53.06    100.00  0     -0.27     N/A        -0.19     N/A        30.48    N/A           10.83    18.43    4.52     5.512    155   0    0     0     38.06  72.26  -0.78       N/A          -0.65        N/A          73.55  49.83    2.44     5.45        11.2        141      3.8      2.70          0.52    64.52     0.55    0.58    0.90    0.36    0.86     92.60   5.60    75.50   71.52   0.63    773.00     5.20     N/A      0.21      7.39          8.09          3.92           87.58        
99   R0957s2TS112_5      112     52.42    100.00  0     N/A       N/A        -0.24     N/A        33.07    N/A           11.99    19.10    5.46     6.143    155   0    0     0     42.58  63.23  N/A         N/A          -0.41        N/A          65.16  49.409   2.45     4.60        11.8        142      4.2      1.09          0.53    70.97     0.60    0.60    0.92    0.30    0.83     92.30   5.86    71.37   71.88   0.59    805.00     4.82     80.81    0.30      0.41          1.47          0.65           95.42        
100  R0957s2TS112_3      112     52.10    100.00  0     N/A       N/A        -0.27     N/A        33.06    N/A           11.23    18.44    5.47     6.132    155   0    0     0     42.58  63.87  N/A         N/A          -0.41        N/A          66.45  48.098   2.25     5.11        12.1        143      4.2      0.95          0.53    71.61     0.59    0.60    0.92    0.30    0.83     92.00   5.86    71.48   72.27   0.60    823.30     4.69     81.94    0.29      0.00          0.00          0.00           92.81        
101  R0957s2TS328_3      328     51.61    100.00  0     N/A       N/A        -0.31     N/A        30.16    N/A           11.83    18.97    4.613    5.58     155   0    0     0     41.29  68.39  N/A         N/A          -0.48        N/A          69.68  48.203   2.48     5.53        11.2        141      3.8      2.93          0.52    64.84     0.55    0.59    0.89    0.35    0.86     85.40   5.60    75.50   71.53   0.63    768.80     5.45     N/A      0.23      9.86          8.09          10.46          81.05        
102  R0957s2TS312_5      312s    51.61    100.00  0     N/A       N/A        -0.31     -1.24      31.45    N/A           11.34    20.82    5.668    6.246    155   0    0     0     43.23  61.29  N/A         N/A          -0.38        -1.41        69.68  49.853   2.43     5.62        10.9        145      5        3.19          0.54    70.64     0.57    0.62    0.91    0.31    0.82     96.50   5.60    72.23   74.75   0.56    752.50     3.91     52.05    0.27      82.14         2.94          1.96           92.81        
103  R0957s2TS328_5      328     50.32    100.00  0     N/A       N/A        -0.42     N/A        28.39    N/A           10.03    14.84    5.118    6.018    155   1    0     0     38.06  60.65  N/A         N/A          -0.65        N/A          68.39  47.926   2.42     5.02        11.3        147      4.2      3.31          0.52    65.48     0.54    0.58    0.91    0.38    0.83     88.90   5.86    74.10   71.21   0.57    777.40     5.33     N/A      0.20      25.46         9.56          7.19           84.31        
104  R0957s2TS312_2      312s    50.32    100.00  0     N/A       N/A        -0.42     -1.45      30.64    N/A           11.28    20.07    5.851    6.47     155   0    0     0     43.87  61.94  N/A         N/A          -0.34        -1.35        68.39  49.063   2.48     5.45        10.4        143      5.2      2.86          0.53    69.03     0.57    0.61    0.91    0.32    0.81     96.50   5.60    71.43   73.76   0.55    721.80     4.13     52.99    0.26      99.79         0.00          0.65           94.12        
105  R0957s2TS312_4      312s    50.00    100.00  0     N/A       N/A        -0.44     -1.50      30.32    N/A           12.39    19.98    5.847    6.415    155   0    0     0     41.94  60.65  N/A         N/A          -0.45        -1.55        67.74  47.712   2.46     5.45        10.5        143      5.2      2.92          0.54    70.97     0.58    0.62    0.91    0.31    0.81     96.50   5.60    71.48   73.75   0.55    728.20     4.15     52.93    0.30      85.01         1.47          0.65           94.12        
106  R0957s2TS312_1      312s    50.00    100.00  0     -0.53     -1.63      -0.44     -1.50      30.16    -1.65         10.05    19.58    5.922    6.503    155   0    0     0     41.29  61.29  -0.60       -1.69        -0.48        -1.61        67.10  47.693   2.47     5.70        10.3        144      5.3      2.73          0.53    69.36     0.58    0.61    0.91    0.31    0.81     95.30   5.46    71.27   74.01   0.55    721.40     4.11     52.77    0.27      88.30         0.74          0.65           95.42        
107  R0957s2TS328_2      328     50.00    100.00  0     N/A       N/A        -0.44     N/A        29.68    N/A           10.37    17.75    5.182    6.066    155   1    0     0     36.77  52.90  N/A         N/A          -0.72        N/A          61.94  46.508   2.22     4.94        10.5        145      4.7      2.44          0.53    65.16     0.57    0.59    0.90    0.34    0.85     96.60   5.60    72.56   72.12   0.56    728.80     5.56     N/A      0.23      7.80          2.94          8.50           84.97        
108  R0957s2TS312_3      312s    50.00    100.00  0     N/A       N/A        -0.44     -1.50      30.32    N/A           11.55    20.16    5.78     6.365    155   0    0     0     43.87  61.94  N/A         N/A          -0.34        -1.35        69.03  49.494   2.45     5.28        10.5        142      5        2.72          0.54    70.97     0.58    0.62    0.91    0.32    0.81     96.50   5.60    71.61   73.83   0.56    730.10     4.14     52.75    0.28      86.65         0.74          0.65           95.42        
109  R0957s2TS358_2      358     49.35    100.00  0     N/A       N/A        -0.50     N/A        30.80    N/A           15.09    22.85    6.623    7.323    155   0    0     0     43.87  52.26  N/A         N/A          -0.34        N/A          59.35  47.198   2.22     4.09        10.2        143      6        2.39          0.49    72.26     0.59    0.62    0.89    0.32    0.81     96.40   4.58    66.80   72.93   0.52    713.40     7.43     57.49    0.27      50.92         0.00          0.65           96.73        
110  R0957s2TS208_4      208     49.03    100.00  0     N/A       N/A        -0.52     N/A        27.74    N/A           7.96     15.37    4.899    5.755    155   0    0     0     33.55  72.26  N/A         N/A          -0.89        N/A          72.26  47.501   2.47     5.62        11.1        145      4.2      0.91          0.50    63.23     0.57    0.56    0.89    0.33    0.85     94.90   5.60    74.18   69.39   0.59    762.80     5.01     69.21    0.25      0.41          0.00          1.31           96.08        
111  R0957s2TS208_2      208     47.42    100.00  0     N/A       N/A        -0.66     N/A        25.81    N/A           9.30     13.73    4.959    5.843    155   0    0     0     21.94  69.68  N/A         N/A          -1.50        N/A          69.68  43.547   2.59     4.01        10.3        145      4.4      1.19          0.49    62.58     0.56    0.54    0.90    0.33    0.84     93.90   5.60    71.22   66.12   0.57    718.10     5.56     66.95    0.23      0.00          1.47          1.31           89.54        
112  R0957s2TS208_5      208     46.29    100.00  0     N/A       N/A        -0.75     N/A        25.16    N/A           8.88     14.73    5.19     5.968    155   0    0     0     21.29  65.16  N/A         N/A          -1.54        N/A          71.61  44.802   2.56     5.11        10.4        146      4.6      1.22          0.49    62.58     0.55    0.54    0.89    0.41    0.84     94.40   5.60    70.87   66.57   0.57    723.30     5.80     67.03    0.22      0.41          0.74          3.27           88.89        
113  R0957s2TS208_3      208     44.84    100.00  0     N/A       N/A        -0.87     N/A        24.20    N/A           8.45     15.97    5.815    6.513    155   0    0     0     18.71  68.39  N/A         N/A          -1.67        N/A          69.68  42.663   2.56     5.11        9.1         137      3.8      1.19          0.50    62.58     0.57    0.55    0.88    0.35    0.81     91.70   5.60    68.96   67.67   0.52    650.00     5.73     62.86    0.24      0.00          2.21          0.65           93.46        
114  R0957s2TS208_1      208     44.52    100.00  0     -1.01     N/A        -0.90     N/A        23.71    N/A           8.69     15.48    5.453    6.194    155   0    0     0     27.10  55.48  -1.38       N/A          -1.23        N/A          60.00  38.876   2.65     4.77        9.9         144      5.1      1.26          0.50    67.42     0.57    0.56    0.90    0.33    0.82     94.00   5.60    70.46   67.86   0.53    692.80     5.15     63.07    0.24      0.00          2.21          1.96           91.50        
115  R0957s2TS358_5      358     43.06    100.00  0     N/A       N/A        -1.02     N/A        28.71    N/A           17.10    25.17    8.511    9.013    155   0    0     0     30.32  50.97  N/A         N/A          -1.06        N/A          53.55  35.448   2.52     2.57        10.4        73       2        2.22          0.48    65.48     0.58    0.59    0.85    0.34    0.70     96.40   4.07    60.85   71.87   0.47    397.00     11.76    51.89    0.27      41.48         0.00          0.65           97.39        
116  R0957s2TS281_2      281     39.19    100.00  0     N/A       N/A        -1.34     N/A        22.91    N/A           9.56     16.23    9.11     9.754    155   0    0     0     29.03  49.68  N/A         N/A          -1.13        N/A          54.84  38.75    2.43     3.84        6.8         125      5.5      2.34          0.42    50.97     0.55    0.49    0.77    0.65    0.68     95.50   5.33    54.90   65.45   0.45    511.60     10.52    48.66    0.20      15.20         2.21          1.31           94.12        
117  R0957s2TS281_1      281     38.87    100.00  0     -1.50     N/A        -1.36     N/A        23.07    N/A           9.79     16.47    9.276    9.896    155   0    0     0     29.68  52.26  -1.24       N/A          -1.09        N/A          56.13  39.836   2.43     3.84        6.8         125      5.6      2.31          0.43    50.65     0.55    0.49    0.76    0.64    0.68     94.60   5.04    55.01   65.75   0.45    514.50     10.33    48.83    0.21      16.84         2.21          1.31           95.42        
118  R0957s2TS492_1      492     35.00    100.00  0     -1.83     N/A        -1.68     N/A        19.36    N/A           8.00     13.30    8.188    9.068    155   0    0     0     18.06  39.35  -1.88       N/A          -1.71        N/A          53.55  32.669   2.62     3.50        4.1         65       3.2      1.62          0.40    46.77     0.51    0.41    0.70    0.72    0.72     75.60   5.04    57.30   59.14   0.39    211.60     11.93    61.33    0.16      1.23          2.94          1.31           93.46        
119  R0957s2TS288_1      288     33.06    100.00  0     -2.00     N/A        -1.85     N/A        16.61    N/A           4.92     9.29     8.191    8.913    155   0    0     0     10.97  47.10  -2.27       N/A          -2.08        N/A          49.03  32.505   2.75     1.89        5           71       3.4      1.08          0.39    42.90     0.48    0.37    0.68    0.77    0.75     84.10   5.33    48.65   56.51   0.41    232.80     12.42    73.65    0.12      0.00          1.47          0.00           92.81        
120  R0957s2TS288_3      288     31.93    100.00  0     N/A       N/A        -1.94     N/A        17.09    N/A           4.99     10.73    8.771    9.389    155   0    0     0     6.45   23.87  N/A         N/A          -2.32        N/A          46.45  31.074   2.29     2.06        5.3         68       3.7      1.06          0.43    50.32     0.52    0.46    0.68    0.58    0.71     85.10   4.58    58.27   63.52   0.38    228.10     9.71     68.38    0.17      0.00          0.74          1.96           89.54        
121  R0957s2TS492_2      492     30.00    100.00  0     N/A       N/A        -2.10     N/A        15.00    N/A           5.05     7.25     8.781    9.638    155   0    0     0     11.61  42.58  N/A         N/A          -2.05        N/A          43.87  27.692   2.56     1.46        3.3         53       3.5      1.58          0.37    36.77     0.49    0.35    0.68    0.90    0.73     75.70   4.42    44.87   52.50   0.39    145.70     17.82    69.20    0.14      0.41          3.68          3.92           91.50        
122  R0957s2TS492_4      492     29.03    100.00  0     N/A       N/A        -2.18     N/A        16.13    N/A           5.19     8.08     9.509    10.285   155   0    0     0     0.00   0.00   N/A         N/A          -2.66        N/A          44.52  26.528   2.52     0.70        3           70       3.8      1.69          0.38    37.74     0.48    0.38    0.69    0.85    0.66     84.20   3.70    47.64   54.18   0.34    179.20     15.10    61.16    0.13      0.82          2.94          1.31           88.89        
123  R0957s2TS288_2      288     28.39    100.00  0     N/A       N/A        -2.23     N/A        16.13    N/A           2.89     8.61     11.703   12.496   155   0    0     0     1.29   1.94   N/A         N/A          -2.59        N/A          43.87  26.776   2.52     1.38        2.8         87       5.1      1.58          0.37    35.81     0.49    0.38    0.58    1.00    0.64     68.00   4.07    43.58   56.55   0.35    282.50     16.56    65.74    0.15      0.41          2.94          1.96           88.89        
124  R0957s2TS492_3      492     24.84    100.00  0     N/A       N/A        -2.53     N/A        13.71    N/A           2.78     5.23     13.649   14.17    155   0    0     0     1.94   34.19  N/A         N/A          -2.56        N/A          45.16  28.261   2.67     1.63        2.1         61       3.1      1.53          0.36    34.84     0.48    0.35    0.52    1.03    0.59     72.80   4.25    42.04   55.32   0.31    179.80     17.56    64.50    0.12      0.41          4.41          0.65           94.12        
125  R0957s2TS492_5      492     22.74    100.00  0     N/A       N/A        -2.70     N/A        12.74    N/A           3.38     6.92     13.165   13.771   155   0    0     0     4.52   8.39   N/A         N/A          -2.42        N/A          50.32  29.904   2.61     1.12        4.1         87       3.9      0.96          0.35    35.48     0.49    0.35    0.63    0.95    0.57     76.10   4.07    40.48   56.70   0.29    337.20     17.33    54.81    0.13      0.41          0.74          0.65           95.42        
126  R0957s2TS288_4      288     21.45    100.00  0     N/A       N/A        -2.81     N/A        12.74    N/A           2.91     7.16     14.475   14.868   155   0    0     0     0.00   13.55  N/A         N/A          -2.66        N/A          41.94  25.664   2.48     1.38        2.6         61       4        1.59          0.35    31.93     0.48    0.35    0.60    0.97    0.56     70.40   4.42    38.18   54.79   0.27    181.70     22.48    57.16    0.13      0.82          2.21          1.31           88.89        
127  R0957s2TS431_3      431     21.45    100.00  0     N/A       N/A        -2.81     N/A        13.39    N/A           3.80     7.59     13.633   14.263   155   1    0     0     13.55  23.87  N/A         N/A          -1.95        N/A          42.58  28.542   2.45     -0.49       2.6         81       3.8      1.50          0.33    26.45     0.47    0.32    0.47    1.21    0.53     84.90   4.07    33.79   54.71   0.28    278.00     26.79    42.10    0.11      0.41          5.15          0.00           95.42        
128  R0957s2TS288_5      288     19.52    100.00  0     N/A       N/A        -2.97     N/A        12.26    N/A           4.57     7.12     16.379   16.768   155   0    0     0     3.23   5.16   N/A         N/A          -2.49        N/A          32.26  21.962   2.53     0.19        4           59       3.2      1.61          0.32    27.10     0.49    0.33    0.47    1.27    0.54     72.90   3.07    35.89   55.79   0.25    186.40     30.01    48.92    0.12      0.82          2.94          0.65           91.50        
129  R0957s2TS431_2      431     18.55    100.00  0     N/A       N/A        -3.05     N/A        11.94    N/A           5.03     7.58     15.91    16.577   155   1    0     0     0.00   5.81   N/A         N/A          -2.66        N/A          34.84  21.479   2.53     -0.06       1.6         52       2.7      1.28          0.31    21.61     0.48    0.32    0.34    1.42    0.53     73.70   3.29    27.68   52.45   0.25    154.10     45.74    35.86    0.11      0.41          1.47          1.31           91.50        
130  R0957s2TS431_1      431     18.55    100.00  0     -3.26     N/A        -3.05     N/A        11.77    N/A           2.54     5.57     15.084   15.598   155   2    0     0     0.00   3.87   -2.87       N/A          -2.66        N/A          35.48  23.806   2.41     -0.83       0.6         46       3.9      0.98          0.33    24.19     0.49    0.33    0.39    1.65    0.50     79.90   2.30    29.88   54.14   0.23    107.40     36.38    32.34    0.12      0.00          0.00          1.96           92.16        
131  R0957s2TS431_4      431     15.81    100.00  0     N/A       N/A        -3.27     N/A        10.64    N/A           3.37     5.48     18.564   18.901   155   2    0     0     0.00   1.29   N/A         N/A          -2.66        N/A          21.94  16.242   2.51     -1.33       0.6         50       9.1      1.75          0.29    19.03     0.46    0.28    0.30    1.72    0.48     71.60   2.58    26.64   51.50   0.19    113.60     47.35    32.72    0.09      1.23          3.68          1.31           92.16        

