#    Model               GR#     GDT_TS   NP_P    RANK  Z-M1-GDT  Z-M1s-GDT  Z-MA-GDT  Z-MAs-GDT  GDT_HA   Z-M1s-GDT-HA  GDC_SC   GDC_ALL  RMS_CA   RMS_ALL  NP    err  PC01  PC05  AL0_P  AL4_P  Z-M1-AL0_p  Z-M1s-AL0_p  Z-MA-AL0_p   Z-MAs-AL0_p  ALI_P  LGA_S    RMSD[L]  Z-score[M]  Z-Score[D]  Al.Res.  RMSD[D]  MolPrb_Score  LDDT    SphGr     CAD_AA  RPF     CODM    DFM     Handed.  SOV     CE      QCS     CONTS   TMscore  Dali(raw)  FlexE    QSE      CAD_SS    MolPrb_clash  MolPrb_rotout  MolPrb_ramout  MolPrb_ramfv 

-    starting_model      -       86.25    -       -     -         -          -         -          68.96    -             34.07    -        1.65     2.55     -     -    -     -     -      -      -           -            -            -            -      -        -        8.27        21.10       118      1.50     3.68          0.74    90.83     0.69    0.79    0.98    0.10    0.95     94.00   6.35    95.55   91.65   0.90     1091.80    1.15     49.57    0.49      N/A           N/A           N/A            N/A          

1    R0976-D1TS086_3     086     92.71    100.00  1     N/A       N/A        1.18      N/A        78.75    N/A           50.27    70.42    1.1      1.887    120   0    0     0     95.83  99.17  N/A         N/A          0.71         N/A          99.17  96.842   1.10     8.68        22.8        120      1.1      0.50          0.79    97.92     0.75    0.82    0.99    0.05    0.96     96.70   6.58    97.19   93.75   0.94    1159.30    0.58     N/A      0.57      0.00          1.00          0.00           99.15        
2    R0976-D1TS086_5     086     91.88    100.00  2     N/A       N/A        1.09      N/A        77.50    N/A           53.78    68.52    1.247    1.915    120   0    0     0     95.00  99.17  N/A         N/A          0.65         N/A          99.17  95.906   1.25     8.68        22.5        120      1.3      0.91          0.80    97.92     0.76    0.83    0.99    0.05    0.96     96.70   6.47    96.72   93.75   0.93    1151.50    0.57     N/A      0.59      1.63          1.00          0.00           100.00       
3    R0976-D1TS356_3     356     90.42    100.00  3     N/A       N/A        0.93      N/A        74.38    N/A           43.69    64.80    1.547    2.331    120   1    0     0     94.17  96.67  N/A         N/A          0.59         N/A          96.67  93.9     1.21     8.48        20.9        120      1.5      0.50          0.77    91.67     0.73    0.79    0.98    0.09    0.95     94.80   6.35    95.72   89.54   0.92    1077.90    1.87     95.38    0.60      0.00          1.00          0.00           98.31        
4    R0976-D1TS156_4     156s    90.21    100.00  4     N/A       N/A        0.91      1.14       74.38    N/A           46.93    65.85    1.409    2.054    120   0    0     0     94.17  98.33  N/A         N/A          0.59         1.07         98.33  95.3     1.41     8.58        22.2        120      1.4      0.61          0.80    96.67     0.77    0.83    0.99    0.05    0.95     96.70   6.47    96.76   93.66   0.92    1144.50    0.81     95.01    0.63      0.00          0.00          0.00           97.46        
5    R0976-D1TS086_4     086     90.21    100.00  4     N/A       N/A        0.91      N/A        77.08    N/A           46.95    65.70    1.536    2.204    120   0    0     0     92.50  97.50  N/A         N/A          0.47         N/A          97.50  94.803   1.29     8.58        22.1        119      1.3      0.68          0.78    97.08     0.75    0.82    0.98    0.06    0.95     96.70   6.47    96.52   92.63   0.92    1123.80    0.78     N/A      0.58      0.54          0.00          0.00           98.31        
6    R0976-D1TS425_1     425     89.58    100.00  6     0.91      N/A        0.84      N/A        73.12    N/A           51.91    68.44    1.251    1.881    120   0    0     0     95.83  99.17  0.85        N/A          0.71         N/A          99.17  95.596   1.25     8.68        22.3        119      1.2      0.68          0.81    95.42     0.77    0.84    0.99    0.07    0.96     98.30   6.47    96.72   93.43   0.93    1135.80    0.71     N/A      0.59      0.54          0.00          0.00           98.31        
7    R0976-D1TS425_2     425     89.58    100.00  6     N/A       N/A        0.84      N/A        73.54    N/A           51.09    66.10    1.439    2.099    120   0    0     0     91.67  97.50  N/A         N/A          0.41         N/A          97.50  94.836   1.36     8.27        21.5        119      1.3      0.68          0.78    94.58     0.73    0.83    0.98    0.09    0.95     98.30   6.35    95.97   91.30   0.91    1098.40    0.98     92.92    0.56      0.54          0.00          0.00           100.00       
8    R0976-D1TS156_5     156s    89.58    100.00  6     N/A       N/A        0.84      1.00       73.75    N/A           47.09    65.27    1.769    2.303    120   0    0     0     92.50  97.50  N/A         N/A          0.47         0.57         97.50  93.852   1.35     8.48        21.9        120      1.8      0.68          0.80    95.42     0.77    0.83    0.98    0.09    0.95     98.30   6.47    96.58   93.26   0.91    1117.70    1.06     94.45    0.63      0.54          0.00          0.00           98.31        
9    R0976-D1TS156_2     156s    89.38    100.00  9     N/A       N/A        0.82      0.96       73.33    N/A           46.60    65.14    1.507    2.115    120   0    0     0     93.33  97.50  N/A         N/A          0.53         0.82         97.50  94.324   1.40     8.58        22.1        120      1.5      0.79          0.80    96.25     0.77    0.83    0.99    0.06    0.95     98.30   6.47    96.70   93.66   0.91    1124.40    0.83     95.09    0.63      0.54          0.00          0.00           97.46        
10   R0976-D1TS156_1     156s    88.96    100.00  10    0.84      0.77       0.78      0.87       72.92    0.78          47.36    65.29    1.462    2.098    120   0    0     0     93.33  96.67  0.64        0.88         0.53         0.82         96.67  93.834   1.33     8.58        22.2        120      1.5      0.90          0.80    96.25     0.77    0.83    0.99    0.05    0.95     96.70   6.47    96.72   93.71   0.91    1129.00    0.83     95.23    0.63      0.54          0.00          0.00           96.61        
11   R0976-D1TS102_4     102s    88.33    100.00  11    N/A       N/A        0.71      0.73       72.71    N/A           48.38    65.43    1.814    2.436    120   1    0     0     90.00  95.83  N/A         N/A          0.28         -0.19        95.83  92.876   1.32     8.07        20.9        118      1.6      1.53          0.79    91.25     0.75    0.82    0.97    0.11    0.95     99.00   6.35    95.48   90.39   0.90    1068.70    1.58     86.80    0.60      2.71          1.00          0.85           92.37        
12   R0976-D1TS102_1     102s    88.33    100.00  11    0.77      0.66       0.71      0.73       72.08    0.68          46.95    64.49    1.724    2.386    120   1    0     0     90.00  95.83  0.37        0.20         0.28         -0.19        95.83  93.026   1.37     8.17        20.9        118      1.5      1.39          0.78    90.83     0.74    0.82    0.98    0.10    0.95     95.60   6.35    95.08   90.25   0.90    1067.40    1.43     87.84    0.61      2.17          1.00          0.85           94.07        
13   R0976-D1TS356_2     356     88.33    100.00  11    N/A       N/A        0.71      N/A        72.50    N/A           45.34    64.86    1.526    2.312    120   1    0     0     93.33  97.50  N/A         N/A          0.53         N/A          97.50  93.882   1.28     8.48        21.2        119      1.5      0.50          0.77    91.67     0.73    0.79    0.98    0.10    0.95     98.30   6.35    95.16   90.73   0.91    1081.90    1.51     95.44    0.58      0.00          0.00          0.00           98.31        
14   R0976-D1TS068_1     068     87.92    100.00  14    0.73      N/A        0.66      N/A        70.83    N/A           45.91    64.55    1.624    2.115    120   0    0     0     91.67  97.50  0.51        N/A          0.41         N/A          97.50  93.216   1.37     8.38        21.7        119      1.5      0.79          0.79    94.58     0.77    0.83    0.98    0.06    0.95     96.70   6.35    96.18   93.68   0.90    1117.10    0.92     94.22    0.63      0.54          0.00          0.00           97.46        
15   R0976-D1TS390_4     390     87.92    100.00  14    N/A       N/A        0.66      N/A        69.38    N/A           45.87    63.49    1.631    2.351    120   1    0     0     92.50  96.67  N/A         N/A          0.47         N/A          96.67  93.721   1.36     8.27        20.8        118      1.4      1.75          0.77    90.83     0.73    0.82    0.98    0.10    0.95     97.30   6.35    95.34   89.75   0.90    1067.00    1.33     88.74    0.57      2.17          3.00          0.85           94.07        
16   R0976-D1TS068_4     068     87.50    100.00  16    N/A       N/A        0.62      N/A        70.83    N/A           43.93    62.58    1.568    2.18     120   0    0     0     92.50  97.50  N/A         N/A          0.47         N/A          97.50  93.673   1.44     8.48        21.6        119      1.4      0.90          0.78    94.58     0.76    0.81    0.98    0.07    0.95     98.30   6.35    96.15   93.01   0.90    1101.40    0.88     94.62    0.60      0.54          0.00          0.00           96.61        
17   R0976-D1TS086_1     086     87.29    100.00  17    0.66      N/A        0.60      N/A        71.87    N/A           47.95    63.28    1.6      2.149    120   0    0     0     90.83  97.50  0.44        N/A          0.34         N/A          97.50  93.147   1.44     8.38        21          119      1.5      1.12          0.77    95.00     0.75    0.81    0.98    0.08    0.95     100.00  6.35    95.62   91.47   0.90    1072.60    0.85     N/A      0.58      3.25          0.00          0.00           98.31        
18   R0976-D1TS068_3     068     87.29    100.00  17    N/A       N/A        0.60      N/A        70.83    N/A           44.85    63.02    1.462    2.031    120   1    0     0     91.67  99.17  N/A         N/A          0.41         N/A          99.17  93.841   1.41     8.68        21.7        119      1.4      0.79          0.79    97.08     0.76    0.83    0.99    0.07    0.95     96.70   6.47    96.36   93.67   0.91    1108.20    0.66     95.34    0.61      0.00          0.00          0.00           95.76        
19   R0976-D1TS431_5     431     87.08    100.00  19    N/A       N/A        0.57      N/A        67.92    N/A           44.00    62.53    1.519    2.259    120   0    0     0     91.67  97.50  N/A         N/A          0.41         N/A          97.50  93.659   1.41     8.58        20.6        119      1.4      1.62          0.74    92.08     0.73    0.79    0.98    0.08    0.95     93.50   6.35    94.28   89.77   0.90    1055.10    1.41     94.17    0.57      1.08          4.00          1.69           94.92        
20   R0976-D1TS102_2     102s    87.08    100.00  19    N/A       N/A        0.57      0.46       68.54    N/A           44.15    62.83    1.644    2.333    120   1    0     0     90.83  95.83  N/A         N/A          0.34         0.06         95.83  92.876   1.30     8.27        20.8        118      1.5      1.62          0.77    91.25     0.73    0.82    0.98    0.10    0.95     97.30   6.35    95.28   90.14   0.90    1076.60    1.25     88.43    0.58      2.17          2.00          0.85           94.07        
21   R0976-D1TS068_5     068     87.08    100.00  19    N/A       N/A        0.57      N/A        70.62    N/A           46.45    62.61    1.63     2.269    120   0    0     0     90.00  97.50  N/A         N/A          0.28         N/A          97.50  93.279   1.47     8.38        21.9        119      1.5      0.79          0.79    95.00     0.76    0.82    0.99    0.06    0.95     96.70   6.35    96.20   93.72   0.90    1114.20    0.74     94.07    0.61      0.54          0.00          0.00           97.46        
22   R0976-D1TS156_3     156s    87.08    100.00  19    N/A       N/A        0.57      0.46       70.42    N/A           46.27    63.50    1.593    2.21     120   0    0     0     91.67  96.67  N/A         N/A          0.41         0.31         96.67  93.03    1.39     8.48        21.6        120      1.6      0.61          0.79    95.00     0.76    0.82    0.98    0.06    0.95     98.30   6.35    96.32   93.13   0.90    1116.40    0.90     94.87    0.61      0.00          0.00          0.00           97.46        
23   R0976-D1TS102_5     102s    86.88    100.00  23    N/A       N/A        0.55      0.42       69.38    N/A           43.40    62.55    1.603    2.387    120   1    0     0     91.67  96.67  N/A         N/A          0.41         0.31         96.67  93.567   1.36     8.27        21          118      1.4      1.50          0.76    90.42     0.73    0.81    0.98    0.09    0.95     97.30   6.35    95.34   90.65   0.90    1074.70    1.26     88.11    0.58      2.71          1.00          0.85           93.22        
24   R0976-D1TS102_3     102s    86.46    100.00  24    N/A       N/A        0.51      0.32       67.71    N/A           45.49    62.09    1.643    2.437    120   1    0     0     90.83  96.67  N/A         N/A          0.34         0.06         96.67  92.803   1.42     8.27        20.9        118      1.5      1.59          0.76    89.58     0.71    0.80    0.98    0.10    0.95     95.00   6.35    95.15   90.48   0.90    1071.50    1.27     88.54    0.55      2.71          1.00          0.85           90.68        
25   R0976-D1TS390_3     390     86.46    100.00  24    N/A       N/A        0.51      N/A        67.92    N/A           48.31    62.65    1.733    2.426    120   1    0     0     91.67  96.67  N/A         N/A          0.41         N/A          96.67  92.767   1.37     8.17        20.5        118      1.5      1.61          0.77    90.42     0.72    0.82    0.98    0.11    0.95     98.30   6.35    95.07   89.32   0.90    1050.10    1.31     88.41    0.57      4.33          1.00          1.69           94.07        
26   R0976-D1TS390_5     390     86.46    100.00  24    N/A       N/A        0.51      N/A        67.50    N/A           43.22    61.98    1.635    2.426    120   1    0     0     91.67  96.67  N/A         N/A          0.41         N/A          96.67  92.584   1.38     8.27        20.8        118      1.4      1.64          0.76    90.83     0.72    0.80    0.98    0.11    0.95     96.70   6.35    95.19   90.43   0.90    1067.00    1.29     89.29    0.56      3.79          1.00          0.85           92.37        
27   R0976-D1TS174_1     174     86.46    100.00  24    0.57      N/A        0.51      N/A        69.17    N/A           35.33    59.50    1.63     2.532    120   0    0     0     91.67  96.67  0.51        N/A          0.41         N/A          96.67  92.562   1.46     8.27        21.2        118      1.4      2.62          0.74    89.17     0.69    0.80    0.98    0.10    0.95     96.70   6.35    95.52   91.55   0.90    1086.20    1.18     N/A      0.52      2.71          17.00         2.54           86.44        
28   R0976-D1TS174_5     174     86.46    100.00  24    N/A       N/A        0.51      N/A        68.54    N/A           39.47    60.41    1.673    2.482    120   0    0     0     90.00  96.67  N/A         N/A          0.28         N/A          96.67  93.004   1.37     8.17        20.8        118      1.5      2.41          0.75    90.00     0.70    0.80    0.98    0.10    0.95     92.80   6.35    95.25   90.62   0.89    1065.00    1.50     N/A      0.56      3.25          7.00          3.39           85.59        
29   R0976-D1TS433_1     433     86.46    100.00  24    0.57      N/A        0.51      N/A        69.38    N/A           0.00     38.55    1.633    1.62     120   0    0     0     90.83  96.67  0.44        N/A          0.34         N/A          96.67  92.898   1.40     8.27        21.2        119      1.5      6.00          0.24    61.38     0.48    0.17    0.98    0.10    0.95     94.00   6.35    95.60   91.59   0.90    1087.10    1.16     N/A      0.00      3.24          N/A           3.39           92.37        
30   R0976-D1TS208_3     208     86.04    100.00  30    N/A       N/A        0.46      N/A        67.50    N/A           40.84    61.05    1.604    2.385    120   0    0     0     91.67  96.67  N/A         N/A          0.41         N/A          96.67  92.876   1.37     8.38        19.9        119      1.5      1.17          0.72    89.58     0.70    0.75    0.98    0.11    0.95     95.40   6.35    93.67   86.70   0.90    1022.80    1.90     93.20    0.53      0.00          2.00          0.85           93.22        
31   R0976-D1TS004_1     004s    86.04    100.00  30    0.52      0.28       0.46      0.23       69.79    0.41          41.44    60.57    1.684    2.381    120   1    0     0     88.33  95.83  0.23        -0.14        0.16         -0.70        95.83  92.522   1.44     8.27        20.6        118      1.5      0.50          0.76    91.25     0.71    0.79    0.98    0.13    0.95     93.10   6.35    94.72   89.66   0.89    1053.00    1.52     93.30    0.55      0.00          1.00          0.00           98.31        
32   R0976-D1TS433_5     433     86.04    100.00  30    N/A       N/A        0.46      N/A        69.17    N/A           0.00     38.39    1.651    1.641    120   0    0     0     90.83  96.67  N/A         N/A          0.34         N/A          96.67  92.602   1.45     8.27        21          118      1.5      6.00          0.24    61.38     0.49    0.18    0.98    0.10    0.95     94.00   6.35    95.53   91.49   0.90    1074.20    1.16     N/A      0.00      6.48          N/A           3.39           92.37        
33   R0976-D1TS208_1     208     86.04    100.00  30    0.52      N/A        0.46      N/A        68.33    N/A           38.74    59.68    1.65     2.516    120   0    0     0     90.83  96.67  0.44        N/A          0.34         N/A          96.67  92.778   1.39     8.38        19.6        119      1.6      1.36          0.71    88.33     0.69    0.73    0.98    0.13    0.95     99.60   6.35    93.48   86.86   0.89    1010.60    1.83     92.73    0.50      0.00          3.00          1.69           91.53        
34   R0976-D1TS312_5     312s    85.83    100.00  34    N/A       N/A        0.44      0.19       68.13    N/A           37.40    59.41    1.536    2.284    120   0    0     0     92.50  98.33  N/A         N/A          0.47         0.57         98.33  93.246   1.46     8.58        21.3        120      1.5      3.16          0.75    94.58     0.71    0.81    0.98    0.07    0.95     96.70   6.35    95.46   91.63   0.90    1100.60    0.87     17.49    0.53      87.22         5.00          2.54           96.61        
35   R0976-D1TS312_1     312s    85.83    100.00  34    0.50      0.24       0.44      0.19       67.08    0.08          35.20    58.02    1.591    2.39     120   0    0     0     93.33  98.33  0.64        0.88         0.53         0.82         98.33  92.69    1.50     8.48        21.2        118      1.4      2.90          0.75    93.75     0.71    0.81    0.98    0.08    0.95     96.70   6.35    95.30   91.48   0.89    1084.00    0.98     17.74    0.51      82.34         2.00          0.85           95.76        
36   R0976-D1TS086_2     086     85.83    100.00  34    N/A       N/A        0.44      N/A        70.42    N/A           45.89    60.74    1.817    2.37     120   0    0     0     88.33  95.00  N/A         N/A          0.16         N/A          95.00  89.817   1.33     8.17        20.9        119      1.7      1.03          0.77    94.17     0.73    0.81    0.98    0.10    0.94     98.30   6.35    95.31   91.35   0.88    1070.10    0.94     N/A      0.57      1.08          0.00          0.00           96.61        
37   R0976-D1TS174_3     174     85.62    100.00  37    N/A       N/A        0.41      N/A        68.12    N/A           39.27    58.81    1.653    2.587    120   0    0     0     91.67  96.67  N/A         N/A          0.41         N/A          96.67  92.05    1.43     8.38        20.8        119      1.6      1.62          0.75    88.33     0.71    0.80    0.98    0.10    0.95     95.00   6.35    95.13   91.08   0.89    1065.60    1.33     N/A      0.53      13.00         1.00          0.00           98.31        
38   R0976-D1TS312_4     312s    85.62    100.00  37    N/A       N/A        0.41      0.14       67.29    N/A           35.00    58.60    1.575    2.331    120   0    0     0     92.50  98.33  N/A         N/A          0.47         0.57         98.33  93.074   1.49     8.48        21.2        118      1.4      2.68          0.75    94.58     0.72    0.81    0.98    0.08    0.95     96.70   6.35    95.32   91.44   0.90    1097.60    0.98     17.69    0.53      65.01         0.00          1.69           94.07        
39   R0976-D1TS217_4     217     85.62    100.00  37    N/A       N/A        0.41      N/A        67.92    N/A           34.78    56.91    1.659    2.695    120   0    0     0     89.17  96.67  N/A         N/A          0.22         N/A          96.67  92.558   1.42     8.48        20.5        118      1.5      3.86          0.64    89.17     0.65    0.79    0.98    0.12    0.95     81.70   6.35    94.68   90.94   0.89    1053.00    1.25     93.44    0.46      158.89        4.00          6.78           79.66        
40   R0976-D1TS433_3     433     85.62    100.00  37    N/A       N/A        0.41      N/A        66.46    N/A           0.00     37.93    1.596    1.586    120   0    0     0     91.67  96.67  N/A         N/A          0.41         N/A          96.67  92.865   1.45     8.38        20.5        119      1.5      6.00          0.23    61.38     0.49    0.17    0.98    0.10    0.95     94.00   6.35    95.11   90.38   0.90    1049.10    1.16     N/A      0.00      4.86          N/A           2.54           92.37        
41   R0976-D1TS312_3     312s    85.42    100.00  41    N/A       N/A        0.39      0.10       66.88    N/A           37.11    58.35    1.619    2.382    120   0    0     0     91.67  98.33  N/A         N/A          0.41         0.31         98.33  92.284   1.53     8.48        21.2        118      1.4      2.85          0.75    94.58     0.70    0.80    0.98    0.08    0.95     91.40   6.35    95.13   90.99   0.89    1094.00    1.04     17.93    0.51      87.22         1.00          0.85           93.22        
42   R0976-D1TS208_5     208     85.42    100.00  41    N/A       N/A        0.39      N/A        64.79    N/A           38.36    58.77    1.552    2.443    120   0    0     0     93.33  97.50  N/A         N/A          0.53         N/A          97.50  92.869   1.40     8.48        19.7        119      1.5      0.97          0.70    87.08     0.69    0.74    0.98    0.11    0.95     92.10   6.35    93.56   86.32   0.90    1012.20    2.07     93.26    0.53      0.00          1.00          2.54           92.37        
43   R0976-D1TS312_2     312s    85.42    100.00  41    N/A       N/A        0.39      0.10       67.29    N/A           35.05    58.44    1.586    2.439    120   0    0     0     92.50  98.33  N/A         N/A          0.47         0.57         98.33  92.738   1.49     8.48        21.2        118      1.4      2.84          0.75    94.17     0.71    0.81    0.98    0.08    0.95     96.70   6.35    95.33   91.46   0.89    1083.90    0.95     17.72    0.52      70.96         2.00          0.85           95.76        
44   R0976-D1TS190_5     190     85.42    100.00  41    N/A       N/A        0.39      N/A        67.92    N/A           36.58    59.56    1.662    2.555    120   0    0     0     91.67  96.67  N/A         N/A          0.41         N/A          96.67  92.255   1.44     8.27        20.9        118      1.5      3.21          0.74    90.42     0.70    0.78    0.98    0.11    0.95     95.60   6.35    94.97   90.14   0.90    1069.20    1.44     49.62    0.51      36.86         10.00         2.54           94.07        
45   R0976-D1TS356_1     356     85.42    100.00  41    0.45      N/A        0.39      N/A        68.33    N/A           37.34    57.80    1.773    2.467    120   1    0     0     91.67  95.83  0.51        N/A          0.41         N/A          95.83  91.952   1.43     8.38        19.2        120      1.8      0.50          0.71    89.17     0.68    0.76    0.97    0.12    0.94     97.50   6.35    93.98   86.29   0.88    991.40     2.00     95.51    0.53      0.00          0.00          0.00           99.15        
46   R0976-D1TS208_2     208     85.21    100.00  46    N/A       N/A        0.37      N/A        66.25    N/A           40.82    59.86    1.686    2.54     120   0    0     0     92.50  96.67  N/A         N/A          0.47         N/A          96.67  92.295   1.38     8.27        20          119      1.6      1.13          0.72    88.33     0.70    0.74    0.98    0.11    0.95     99.00   6.35    93.58   86.98   0.89    1027.60    1.84     92.57    0.54      0.00          2.00          2.54           94.07        
47   R0976-D1TS390_1     390     85.21    100.00  46    0.43      N/A        0.37      N/A        67.29    N/A           43.42    60.51    1.861    2.47     120   1    0     0     90.00  95.83  0.37        N/A          0.28         N/A          95.83  90.102   1.35     8.07        20.7        118      1.6      1.28          0.77    92.08     0.74    0.83    0.98    0.10    0.94     99.00   6.35    95.20   90.71   0.88    1061.40    1.18     89.51    0.59      1.08          1.00          1.69           92.37        
48   R0976-D1TS068_2     068     85.21    100.00  46    N/A       N/A        0.37      N/A        67.92    N/A           42.34    59.92    1.957    2.577    120   0    0     0     89.17  96.67  N/A         N/A          0.22         N/A          96.67  91.667   1.56     8.38        20.8        119      1.8      0.79          0.77    92.92     0.75    0.81    0.98    0.09    0.94     98.30   6.35    95.02   92.53   0.88    1080.70    1.31     92.92    0.59      0.00          0.00          0.00           95.76        
49   R0976-D1TS460_4     460     85.21    100.00  46    N/A       N/A        0.37      N/A        66.25    N/A           36.47    58.20    1.641    2.555    120   2    0     0     90.83  96.67  N/A         N/A          0.34         N/A          96.67  92.756   1.48     8.38        20.2        118      1.5      3.10          0.73    90.42     0.70    0.78    0.98    0.10    0.95     96.70   6.35    94.54   88.66   0.89    1037.40    1.78     87.82    0.53      23.29         13.00         0.85           94.07        
50   R0976-D1TS217_5     217     85.00    100.00  50    N/A       N/A        0.35      N/A        67.29    N/A           35.84    56.57    1.729    2.661    120   0    0     0     89.17  96.67  N/A         N/A          0.22         N/A          96.67  92.197   1.48     8.38        20.5        118      1.6      3.83          0.66    90.00     0.66    0.79    0.98    0.12    0.94     92.90   6.35    94.51   90.99   0.89    1049.40    1.35     92.58    0.46      146.96        4.00          6.78           79.66        
51   R0976-D1TS217_3     217     85.00    100.00  50    N/A       N/A        0.35      N/A        67.71    N/A           36.15    56.53    1.72     2.67     120   0    0     0     89.17  95.83  N/A         N/A          0.22         N/A          95.83  92.219   1.50     8.38        20.2        119      1.7      3.76          0.63    90.42     0.66    0.79    0.98    0.12    0.94     93.60   6.35    94.41   90.27   0.89    1042.50    1.35     92.76    0.46      156.18        4.00          6.78           85.59        
52   R0976-D1TS270_3     270     85.00    100.00  50    N/A       N/A        0.35      N/A        66.67    N/A           35.11    58.59    1.667    2.478    120   1    0     0     90.83  96.67  N/A         N/A          0.34         N/A          96.67  92.438   1.46     8.27        20.4        118      1.5      2.35          0.70    90.42     0.68    0.77    0.98    0.11    0.95     92.90   6.35    94.49   89.03   0.89    1048.00    1.74     N/A      0.49      1.63          13.00         0.85           88.14        
53   R0976-D1TS433_2     433     85.00    100.00  50    N/A       N/A        0.35      N/A        66.67    N/A           0.00     37.82    1.672    1.656    120   0    0     0     90.83  96.67  N/A         N/A          0.34         N/A          96.67  92.178   1.51     8.27        20.8        119      1.6      6.00          0.24    61.38     0.48    0.17    0.98    0.10    0.94     94.00   6.35    95.08   90.56   0.89    1075.50    1.19     N/A      0.00      1.62          N/A           2.54           92.37        
54   R0976-D1TS460_2     460     85.00    100.00  50    N/A       N/A        0.35      N/A        66.04    N/A           36.15    58.03    1.647    2.561    120   2    0     0     91.67  96.67  N/A         N/A          0.41         N/A          96.67  92.628   1.48     8.27        20.1        118      1.5      3.06          0.73    90.42     0.70    0.77    0.98    0.10    0.95     98.30   6.35    94.44   88.44   0.89    1032.20    1.80     87.78    0.52      19.50         14.00         0.85           94.07        
55   R0976-D1TS460_1     460     85.00    100.00  50    0.41      N/A        0.35      N/A        66.25    N/A           36.20    58.01    1.651    2.563    120   2    0     0     91.67  96.67  0.51        N/A          0.41         N/A          96.67  92.632   1.49     8.27        20.1        119      1.6      2.96          0.73    90.42     0.69    0.77    0.98    0.10    0.95     98.30   6.35    94.39   88.29   0.89    1030.40    1.82     87.82    0.52      14.63         13.00         0.85           93.22        
56   R0976-D1TS208_4     208     85.00    100.00  50    N/A       N/A        0.35      N/A        65.42    N/A           37.16    58.51    1.692    2.513    120   0    0     0     90.83  95.83  N/A         N/A          0.34         N/A          95.83  92.018   1.38     8.27        19.5        119      1.6      0.97          0.70    88.75     0.68    0.74    0.98    0.13    0.94     86.10   6.35    92.41   84.60   0.89    1005.10    2.22     92.65    0.52      0.00          1.00          1.69           92.37        
57   R0976-D1TS174_4     174     85.00    100.00  50    N/A       N/A        0.35      N/A        67.50    N/A           39.05    59.64    1.636    2.521    120   0    0     0     91.67  97.50  N/A         N/A          0.41         N/A          97.50  92.094   1.49     8.48        20.7        119      1.6      1.66          0.75    90.00     0.70    0.80    0.98    0.11    0.95     96.70   6.35    94.85   91.00   0.89    1060.50    1.28     N/A      0.52      10.83         0.00          0.00           97.46        
58   R0976-D1TS174_2     174     85.00    100.00  50    N/A       N/A        0.35      N/A        67.29    N/A           40.53    59.63    1.633    2.585    120   0    0     0     91.67  97.50  N/A         N/A          0.41         N/A          97.50  92.518   1.46     8.38        20.6        119      1.5      2.08          0.74    88.75     0.69    0.79    0.98    0.10    0.95     88.90   6.35    94.81   90.68   0.89    1054.50    1.35     N/A      0.51      0.54          10.00         4.24           86.44        
59   R0976-D1TS217_1     217     84.79    100.00  59    0.38      N/A        0.32      N/A        66.88    N/A           34.84    55.62    1.742    2.698    120   0    0     0     89.17  95.83  0.30        N/A          0.22         N/A          95.83  91.904   1.50     8.38        20.2        119      1.7      3.68          0.61    89.17     0.66    0.79    0.98    0.11    0.94     91.10   6.35    94.50   90.50   0.88    1035.80    1.25     93.02    0.45      145.88        3.00          6.78           83.05        
60   R0976-D1TS433_4     433     84.58    100.00  60    N/A       N/A        0.30      N/A        67.29    N/A           0.00     37.11    1.696    1.677    120   0    0     0     90.83  96.67  N/A         N/A          0.34         N/A          96.67  92.208   1.48     8.27        20.7        119      1.6      6.00          0.23    61.38     0.48    0.17    0.98    0.10    0.94     94.00   6.35    95.05   90.66   0.89    1060.90    1.17     N/A      0.00      3.24          N/A           3.39           92.37        
61   R0976-D1TS460_5     460     84.58    100.00  60    N/A       N/A        0.30      N/A        65.21    N/A           35.76    57.83    1.66     2.569    120   2    0     0     91.67  96.67  N/A         N/A          0.41         N/A          96.67  92.569   1.50     8.27        19.9        119      1.6      2.71          0.72    90.42     0.69    0.77    0.98    0.10    0.95     98.30   6.35    94.29   88.05   0.89    1023.90    1.84     87.78    0.52      9.21          14.00         1.69           94.92        
62   R0976-D1TS112_4     112     84.38    100.00  62    N/A       N/A        0.28      N/A        65.21    N/A           44.38    59.60    1.697    2.198    120   0    0     0     91.67  96.67  N/A         N/A          0.41         N/A          96.67  91.648   1.51     8.27        19.3        120      1.7      1.10          0.73    94.17     0.72    0.78    0.98    0.11    0.94     90.90   6.35    93.37   85.76   0.89    996.90     1.63     92.35    0.56      1.08          1.00          0.85           95.76        
63   R0976-D1TS117_2     117     84.38    100.00  62    N/A       N/A        0.28      N/A        64.79    N/A           32.60    56.68    1.566    2.491    120   0    0     0     90.83  98.33  N/A         N/A          0.34         N/A          98.33  92.632   1.50     8.48        20.2        120      1.6      4.01          0.71    91.67     0.67    0.79    0.98    0.09    0.95     92.00   6.35    94.81   89.44   0.89    1034.50    1.48     93.66    0.47      106.23        20.00         3.39           90.68        
64   R0976-D1TS217_2     217     84.38    100.00  62    N/A       N/A        0.28      N/A        66.88    N/A           36.27    56.22    1.756    2.682    120   0    0     0     89.17  96.67  N/A         N/A          0.22         N/A          96.67  91.762   1.52     8.38        20.3        118      1.6      3.73          0.60    90.42     0.66    0.79    0.98    0.12    0.94     84.20   6.35    94.45   90.56   0.88    1040.90    1.38     91.47    0.47      134.49        4.00          6.78           83.90        
65   R0976-D1TS460_3     460     84.38    100.00  62    N/A       N/A        0.28      N/A        64.58    N/A           35.47    57.62    1.671    2.575    120   2    0     0     91.67  96.67  N/A         N/A          0.41         N/A          96.67  92.445   1.51     8.27        19.8        119      1.6      2.61          0.72    90.00     0.69    0.76    0.98    0.11    0.95     96.70   6.35    94.11   87.72   0.89    1017.80    1.88     87.70    0.52      7.58          13.00         0.85           94.92        
66   R0976-D1TS328_4     328     84.38    100.00  62    N/A       N/A        0.28      N/A        67.08    N/A           41.49    58.43    1.711    2.505    120   0    0     0     88.33  97.50  N/A         N/A          0.16         N/A          97.50  92.153   1.56     8.48        20.1        120      1.7      1.57          0.73    91.25     0.71    0.78    0.98    0.10    0.94     96.70   6.35    93.93   86.82   0.88    1034.00    1.60     N/A      0.54      1.08          2.00          1.69           90.68        
67   R0976-D1TS425_3     425     84.17    100.00  67    N/A       N/A        0.26      N/A        63.75    N/A           42.74    59.19    1.525    2.182    120   0    0     0     93.33  99.17  N/A         N/A          0.53         N/A          99.17  92.683   1.45     8.58        20.4        119      1.5      0.99          0.75    94.17     0.71    0.81    0.98    0.09    0.95     98.30   6.35    94.48   88.46   0.89    1043.90    1.10     N/A      0.54      2.17          0.00          0.00           98.31        
68   R0976-D1TS117_1     117     83.96    100.00  68    0.29      N/A        0.23      N/A        64.17    N/A           31.93    55.75    1.572    2.488    120   0    0     0     92.50  97.50  0.58        N/A          0.47         N/A          97.50  92.683   1.44     8.48        20.2        120      1.6      4.28          0.70    90.42     0.64    0.77    0.98    0.10    0.95     90.10   6.35    94.78   88.19   0.89    1039.50    1.51     93.49    0.46      109.49        29.00         6.78           84.75        
69   R0976-D1TS425_4     425     83.96    100.00  68    N/A       N/A        0.23      N/A        65.83    N/A           44.89    59.39    1.751    2.384    120   0    0     0     87.50  97.50  N/A         N/A          0.10         N/A          97.50  91.393   1.63     8.48        19.2        119      1.6      0.68          0.73    92.08     0.71    0.80    0.98    0.12    0.95     88.00   6.23    92.30   89.10   0.88    989.10     1.14     N/A      0.52      0.54          0.00          0.00           99.15        
70   R0976-D1TS344_1     344     83.96    100.00  68    0.29      N/A        0.23      N/A        65.62    N/A           39.98    59.53    1.689    2.58     120   1    0     0     88.33  97.50  0.23        N/A          0.16         N/A          97.50  92.383   1.46     8.38        19.8        119      1.6      1.18          0.72    87.92     0.68    0.76    0.98    0.12    0.94     92.60   6.35    92.68   86.19   0.89    1018.00    1.99     94.18    0.53      0.00          0.00          0.85           83.90        
71   R0976-D1TS270_1     270     83.54    100.00  71    0.25      N/A        0.19      N/A        65.83    N/A           37.95    59.25    1.774    2.543    120   1    0     0     90.00  96.67  0.37        N/A          0.28         N/A          96.67  91.425   1.42     8.17        19.4        118      1.6      1.57          0.71    88.75     0.68    0.75    0.97    0.13    0.94     82.30   6.35    91.13   87.20   0.89    1001.60    2.31     N/A      0.51      1.08          3.00          0.00           94.07        
72   R0976-D1TS328_5     328     83.54    100.00  71    N/A       N/A        0.19      N/A        66.46    N/A           38.18    57.38    1.759    2.605    120   0    0     0     90.00  96.67  N/A         N/A          0.28         N/A          96.67  91.334   1.53     8.48        19.9        119      1.7      1.60          0.72    90.00     0.69    0.77    0.98    0.09    0.94     97.10   6.35    93.57   85.61   0.88    1035.00    1.84     N/A      0.50      0.54          3.00          2.54           89.83        
73   R0976-D1TS390_2     390     83.33    100.00  73    N/A       N/A        0.17      N/A        65.42    N/A           40.24    56.29    1.966    2.632    120   1    0     0     89.17  95.00  N/A         N/A          0.22         N/A          95.00  89.276   1.47     8.17        20.1        119      1.8      1.78          0.76    91.67     0.73    0.81    0.97    0.10    0.94     97.30   6.35    94.34   89.62   0.87    1033.40    1.38     88.94    0.58      3.25          2.00          1.69           93.22        
74   R0976-D1TS270_5     270     83.12    100.00  74    N/A       N/A        0.14      N/A        63.54    N/A           37.64    56.99    1.824    2.58     120   1    0     0     89.17  95.83  N/A         N/A          0.22         N/A          95.83  90.647   1.52     8.17        19.4        118      1.6      1.62          0.68    88.75     0.68    0.75    0.97    0.13    0.94     86.80   6.35    90.96   87.09   0.88    998.30     2.37     N/A      0.52      0.54          3.00          2.54           88.98        
75   R0976-D1TS270_2     270     82.92    100.00  75    N/A       N/A        0.12      N/A        64.79    N/A           39.26    58.03    1.823    2.542    120   1    0     0     90.00  96.67  N/A         N/A          0.28         N/A          96.67  90.552   1.45     8.07        19.2        118      1.7      2.00          0.70    88.33     0.68    0.75    0.97    0.13    0.94     88.80   6.23    90.40   85.96   0.88    989.20     2.41     N/A      0.53      1.63          5.00          2.54           89.83        
76   R0976-D1TS328_3     328     82.50    100.00  76    N/A       N/A        0.08      N/A        64.79    N/A           39.33    55.60    1.868    2.653    120   0    0     0     89.17  96.67  N/A         N/A          0.22         N/A          96.67  89.996   1.58     8.48        19.6        119      1.8      1.86          0.72    88.33     0.69    0.77    0.97    0.11    0.94     97.90   6.35    93.44   85.17   0.87    1009.40    2.20     N/A      0.50      2.71          3.00          0.85           93.22        
77   R0976-D1TS425_5     425     82.29    100.00  77    N/A       N/A        0.05      N/A        62.71    N/A           44.93    57.51    1.861    2.438    120   0    0     0     87.50  95.83  N/A         N/A          0.10         N/A          95.83  90.446   1.58     8.17        19.6        119      1.7      1.17          0.73    92.50     0.71    0.80    0.98    0.11    0.94     92.90   6.23    92.91   89.61   0.87    1010.70    1.13     N/A      0.55      2.71          1.00          0.00           97.46        
78   R0976-D1TS270_4     270     82.29    100.00  77    N/A       N/A        0.05      N/A        63.12    N/A           35.13    55.85    1.794    2.656    120   1    0     0     89.17  95.83  N/A         N/A          0.22         N/A          95.83  90.621   1.56     8.27        19.2        119      1.7      2.05          0.69    88.75     0.69    0.76    0.97    0.12    0.94     89.80   6.23    91.00   86.29   0.88    988.60     2.22     N/A      0.54      2.17          5.00          2.54           90.68        
79   R0976-D1TS190_4     190     82.29    100.00  77    N/A       N/A        0.05      N/A        62.50    N/A           36.27    56.55    1.727    2.448    120   0    0     0     90.83  97.50  N/A         N/A          0.34         N/A          97.50  90.537   1.52     8.48        19.1        119      1.7      2.66          0.70    89.17     0.68    0.75    0.98    0.14    0.94     89.30   6.23    90.76   86.18   0.88    984.80     2.08     26.47    0.49      20.05         7.00          0.85           96.61        
80   R0976-D1TS328_2     328     82.29    100.00  77    N/A       N/A        0.05      N/A        63.54    N/A           40.36    56.15    1.803    2.573    120   0    0     0     90.83  97.50  N/A         N/A          0.34         N/A          97.50  90.417   1.59     8.48        19.5        120      1.8      0.97          0.73    90.83     0.70    0.78    0.98    0.10    0.94     98.80   6.35    93.52   86.05   0.87    1004.00    1.82     N/A      0.55      0.00          1.00          2.54           92.37        
81   R0976-D1TS431_4     431     81.67    100.00  81    N/A       N/A        -0.01     N/A        65.83    N/A           42.02    58.36    3.271    3.585    120   0    0     0     81.67  85.83  N/A         N/A          -0.32        N/A          90.00  86.506   1.29     7.56        18.6        116      2.1      1.08          0.72    85.00     0.71    0.76    0.95    0.16    0.90     89.60   6.11    89.99   86.06   0.82    960.20     3.58     86.70    0.54      0.00          3.00          0.00           96.61        
82   R0976-D1TS344_3     344     81.67    100.00  81    N/A       N/A        -0.01     N/A        61.25    N/A           32.00    53.63    1.693    2.508    120   0    0     0     90.00  97.50  N/A         N/A          0.28         N/A          97.50  90.804   1.65     8.58        18.6        120      1.7      1.21          0.66    90.42     0.64    0.73    0.98    0.12    0.94     80.70   6.35    90.27   81.50   0.88    960.80     2.11     94.80    0.46      0.00          1.00          1.69           82.20        
83   R0976-D1TS190_2     190     81.46    100.00  83    N/A       N/A        -0.04     N/A        61.25    N/A           36.76    55.17    1.848    2.57     120   0    0     0     87.50  96.67  N/A         N/A          0.10         N/A          96.67  90.106   1.63     8.48        18.7        119      1.8      2.42          0.70    89.17     0.68    0.75    0.97    0.13    0.94     90.40   6.23    90.16   85.72   0.87    965.90     2.19     35.59    0.50      16.80         6.00          1.69           97.46        
84   R0976-D1TS358_4     358     81.46    100.00  83    N/A       N/A        -0.04     N/A        63.54    N/A           33.84    48.16    2.675    3.307    120   0    0     0     81.67  90.83  N/A         N/A          -0.32        N/A          90.83  86.334   1.64     7.46        17.7        118      2.5      2.33          0.63    85.42     0.67    0.76    0.95    0.13    0.92     91.70   6.35    90.87   86.23   0.82    921.60     1.71     88.06    0.47      55.83         0.00          1.69           97.46        
85   R0976-D1TS344_4     344     81.25    100.00  85    N/A       N/A        -0.06     N/A        60.62    N/A           34.71    54.54    1.763    2.407    120   0    0     0     86.67  97.50  N/A         N/A          0.04         N/A          97.50  90.34    1.70     8.48        19.1        120      1.8      1.64          0.69    92.08     0.67    0.76    0.98    0.13    0.94     84.50   6.35    91.70   83.18   0.87    983.30     2.05     94.90    0.52      0.00          4.00          3.39           83.90        
86   R0976-D1TS356_5     356     81.25    100.00  85    N/A       N/A        -0.06     N/A        60.62    N/A           37.18    55.25    1.88     2.585    120   1    0     0     87.50  95.00  N/A         N/A          0.10         N/A          95.00  90.121   1.57     8.17        18.4        119      1.8      0.50          0.70    88.33     0.68    0.75    0.97    0.14    0.94     90.30   6.23    93.53   84.27   0.86    953.30     2.10     93.43    0.52      0.00          0.00          0.00           98.31        
87   R0976-D1TS358_1     358     81.25    100.00  85    -0.01     N/A        -0.06     N/A        63.96    N/A           33.26    47.55    2.349    3.092    120   0    0     0     81.67  92.50  -0.32       N/A          -0.32        N/A          92.50  86.952   1.51     7.76        18.3        118      2.2      2.45          0.64    86.67     0.68    0.76    0.96    0.13    0.93     93.40   6.35    91.67   85.84   0.83    947.80     1.67     89.31    0.47      57.99         1.00          1.69           96.61        
88   R0976-D1TS359_5     359s    81.25    100.00  85    N/A       N/A        -0.06     -0.80      59.58    N/A           32.09    52.31    1.792    2.631    120   4    0     0     91.67  97.50  N/A         N/A          0.41         0.31         97.50  90.121   1.61     8.38        18.2        118      1.6      2.14          0.67    88.75     0.63    0.73    0.97    0.14    0.94     91.50   6.23    91.06   82.22   0.87    941.20     2.28     93.39    0.46      1.08          6.00          5.08           79.66        
89   R0976-D1TS196_5     196     81.25    100.00  85    N/A       N/A        -0.06     N/A        59.58    N/A           32.09    52.31    1.792    2.631    120   4    0     0     91.67  97.50  N/A         N/A          0.41         N/A          97.50  90.121   1.61     8.38        18.2        118      1.6      2.14          0.67    88.75     0.63    0.73    0.97    0.14    0.94     91.50   6.23    91.06   82.22   0.87    941.20     2.28     93.39    0.46      1.08          6.00          5.08           79.66        
90   R0976-D1TS344_5     344     81.25    100.00  85    N/A       N/A        -0.06     N/A        60.62    N/A           34.71    54.54    1.763    2.407    120   0    0     0     86.67  97.50  N/A         N/A          0.04         N/A          97.50  90.34    1.70     8.48        19.1        120      1.8      1.64          0.69    92.08     0.67    0.76    0.98    0.13    0.94     84.50   6.35    91.70   83.18   0.87    983.30     2.05     94.90    0.52      0.00          4.00          3.39           83.90        
91   R0976-D1TS358_5     358     81.04    100.00  91    N/A       N/A        -0.08     N/A        62.71    N/A           34.42    48.83    2.419    3.076    120   0    0     0     83.33  92.50  N/A         N/A          -0.20        N/A          92.50  87.511   1.62     7.97        18.3        119      2.4      2.40          0.65    87.50     0.69    0.76    0.96    0.11    0.92     91.70   6.23    92.16   86.79   0.83    945.80     1.68     89.14    0.50      50.95         0.00          0.85           96.61        
92   R0976-D1TS344_2     344     80.62    100.00  92    N/A       N/A        -0.13     N/A        59.38    N/A           36.98    53.59    1.97     2.789    120   0    0     0     87.50  96.67  N/A         N/A          0.10         N/A          96.67  89.635   1.57     8.07        18.4        119      1.9      1.72          0.68    87.92     0.66    0.74    0.97    0.12    0.94     90.50   6.23    90.59   82.87   0.86    951.00     2.40     93.81    0.51      0.00          5.00          1.69           83.05        
93   R0976-D1TS358_2     358     80.42    100.00  93    N/A       N/A        -0.15     N/A        62.71    N/A           31.24    45.68    2.505    3.199    120   0    0     0     81.67  91.67  N/A         N/A          -0.32        N/A          91.67  86.495   1.66     7.66        17.9        118      2.4      2.40          0.62    87.08     0.68    0.75    0.96    0.13    0.92     91.70   6.35    91.23   85.55   0.82    930.00     1.76     87.89    0.48      42.28         0.00          1.69           95.76        
94   R0976-D1TS328_1     328     80.21    100.00  94    -0.12     N/A        -0.17     N/A        61.46    N/A           34.42    51.69    2.091    2.784    120   0    0     0     85.00  95.83  -0.05       N/A          -0.08        N/A          95.83  87.734   1.69     8.27        19.1        119      2        1.73          0.71    91.67     0.69    0.77    0.97    0.10    0.94     98.80   6.35    92.49   85.39   0.85    987.60     1.54     N/A      0.50      1.08          3.00          2.54           89.83        
95   R0976-D1TS358_3     358     80.21    100.00  94    N/A       N/A        -0.17     N/A        62.71    N/A           31.04    47.40    2.98     3.652    120   0    0     0     81.67  89.17  N/A         N/A          -0.32        N/A          90.00  86.389   1.67     7.05        17.4        118      2.9      2.41          0.63    82.92     0.67    0.74    0.95    0.14    0.91     91.70   6.23    90.45   85.85   0.82    907.40     1.88     86.84    0.47      52.57         0.00          1.69           96.61        
96   R0976-D1TS190_3     190     79.79    100.00  96    N/A       N/A        -0.22     N/A        60.00    N/A           32.73    51.86    1.942    2.662    120   0    0     0     85.00  96.67  N/A         N/A          -0.08        N/A          96.67  89.108   1.70     8.38        18.1        119      1.9      2.43          0.68    89.17     0.68    0.74    0.97    0.14    0.94     77.90   6.23    89.21   84.68   0.85    937.70     2.27     31.23    0.50      12.47         5.00          3.39           95.76        
97   R0976-D1TS190_1     190     79.79    100.00  96    -0.17     N/A        -0.22     N/A        60.41    N/A           35.38    53.77    1.893    2.589    120   0    0     0     87.50  96.67  0.16        N/A          0.10         N/A          96.67  89.137   1.77     8.58        18.3        119      1.8      2.40          0.69    90.00     0.67    0.74    0.97    0.15    0.93     93.80   6.23    89.55   84.81   0.86    946.80     2.42     34.94    0.49      16.80         4.00          2.54           96.61        
98   R0976-D1TS112_1     112     79.79    100.00  96    -0.17     N/A        -0.22     N/A        59.79    N/A           37.71    54.46    2.021    2.551    120   0    0     0     85.00  92.50  -0.05       N/A          -0.08        N/A          92.50  88.567   1.67     7.97        17.7        119      2        1.49          0.68    91.25     0.71    0.76    0.97    0.13    0.93     91.30   6.11    92.76   85.16   0.86    919.50     1.75     91.53    0.51      1.63          2.00          1.69           94.92        
99   R0976-D1TS112_2     112     79.58    100.00  99    N/A       N/A        -0.24     N/A        59.59    N/A           37.87    53.31    2.145    2.59     120   0    0     0     85.83  92.50  N/A         N/A          -0.02        N/A          92.50  87.215   1.68     7.76        17.7        120      2.1      0.98          0.68    89.58     0.69    0.76    0.97    0.14    0.93     84.80   6.23    92.06   83.94   0.84    919.50     1.96     91.82    0.53      0.54          1.00          1.69           95.76        
100  R0976-D1TS196_4     196     79.58    100.00  99    N/A       N/A        -0.24     N/A        57.50    N/A           30.93    50.50    1.833    2.658    120   5    0     0     89.17  97.50  N/A         N/A          0.22         N/A          97.50  89.364   1.65     8.38        17.9        118      1.7      2.23          0.66    89.58     0.63    0.73    0.97    0.14    0.94     85.20   6.23    90.79   81.62   0.86    930.20     2.38     93.09    0.45      1.63          6.00          5.93           80.51        
101  R0976-D1TS359_4     359s    79.58    100.00  99    N/A       N/A        -0.24     -1.16      57.50    N/A           30.93    50.50    1.833    2.658    120   5    0     0     89.17  97.50  N/A         N/A          0.22         -0.44        97.50  89.364   1.65     8.38        17.9        118      1.7      2.23          0.66    89.58     0.63    0.73    0.97    0.14    0.94     85.20   6.23    90.79   81.62   0.86    930.20     2.38     93.09    0.45      1.63          6.00          5.93           80.51        
102  R0976-D1TS112_5     112     79.58    100.00  99    N/A       N/A        -0.24     N/A        57.91    N/A           35.87    53.04    1.969    2.556    120   0    0     0     89.17  95.00  N/A         N/A          0.22         N/A          95.00  88.048   1.74     8.07        17.7        120      2        1.40          0.66    92.50     0.70    0.75    0.97    0.13    0.93     89.40   6.23    93.05   85.07   0.85    920.70     1.79     92.81    0.51      0.54          3.00          1.69           94.92        
103  R0976-D1TS359_3     359s    78.75    100.00  103   N/A       N/A        -0.33     -1.34      56.88    N/A           29.66    48.70    1.889    2.708    120   7    0     0     90.00  97.50  N/A         N/A          0.28         -0.19        97.50  88.622   1.70     8.38        17.5        119      1.8      1.97          0.65    88.75     0.62    0.72    0.97    0.15    0.94     80.60   6.23    90.26   80.37   0.86    911.80     2.56     92.84    0.43      0.54          5.00          7.63           78.81        
104  R0976-D1TS196_3     196     78.75    100.00  103   N/A       N/A        -0.33     N/A        56.88    N/A           29.66    48.70    1.889    2.708    120   7    0     0     90.00  97.50  N/A         N/A          0.28         N/A          97.50  88.622   1.70     8.38        17.5        119      1.8      1.97          0.65    88.75     0.62    0.72    0.97    0.15    0.94     80.60   6.23    90.26   80.37   0.86    911.80     2.56     92.84    0.43      0.54          5.00          7.63           78.81        
105  R0976-D1TS356_4     356     77.29    100.00  105   N/A       N/A        -0.49     N/A        58.54    N/A           33.22    51.31    2.258    2.905    120   1    0     0     82.50  92.50  N/A         N/A          -0.26        N/A          92.50  85.742   1.78     7.86        17.5        120      2.3      0.50          0.68    83.33     0.68    0.73    0.96    0.18    0.92     93.70   6.23    91.84   83.25   0.83    908.30     2.50     90.07    0.52      0.00          0.00          0.00           98.31        
106  R0976-D1TS112_3     112     76.04    100.00  106   N/A       N/A        -0.62     N/A        56.46    N/A           35.73    50.09    2.23     2.691    120   0    0     0     82.50  94.17  N/A         N/A          -0.26        N/A          94.17  78.742   1.94     7.66        17.4        120      2.2      1.36          0.67    93.33     0.70    0.76    0.97    0.13    0.93     94.60   6.23    91.64   84.99   0.82    915.40     1.67     93.71    0.52      1.63          2.00          0.85           96.61        
107  R0976-D1TS359_2     359s    75.42    100.00  107   N/A       N/A        -0.69     -2.07      52.91    N/A           27.09    44.98    2.228    2.986    120   10   0     0     83.33  93.33  N/A         N/A          -0.20        -2.22        93.33  86.243   1.88     8.07        16.3        119      2.2      2.01          0.64    88.33     0.60    0.72    0.96    0.17    0.93     67.40   6.23    88.53   78.71   0.83    861.40     2.99     90.34    0.41      0.54          5.00          10.17          74.58        
108  R0976-D1TS196_2     196     75.42    100.00  107   N/A       N/A        -0.69     N/A        52.91    N/A           27.09    44.98    2.228    2.986    120   10   0     0     83.33  93.33  N/A         N/A          -0.20        N/A          93.33  86.243   1.88     8.07        16.3        119      2.2      2.01          0.64    88.33     0.60    0.72    0.96    0.17    0.93     67.40   6.23    88.53   78.71   0.83    861.40     2.99     90.34    0.41      0.54          5.00          10.17          74.58        
109  R0976-D1TS281_2     281     73.54    100.00  109   N/A       N/A        -0.90     N/A        52.09    N/A           26.80    41.73    2.364    2.971    120   0    0     0     80.00  93.33  N/A         N/A          -0.44        N/A          93.33  80.639   1.97     8.17        17.8        119      2.3      2.51          0.65    90.00     0.67    0.75    0.96    0.13    0.91     92.70   6.23    90.78   83.84   0.79    925.20     3.05     85.83    0.46      16.80         2.00          5.08           89.83        
110  R0976-D1TS281_1     281     72.92    100.00  110   -0.92     N/A        -0.96     N/A        51.88    N/A           27.11    41.44    2.382    2.998    120   0    0     0     79.17  95.83  -0.53       N/A          -0.50        N/A          95.83  77.291   2.07     8.07        17.4        120      2.4      2.28          0.67    90.00     0.68    0.75    0.96    0.13    0.91     92.70   6.23    90.60   83.30   0.79    908.00     3.14     85.78    0.46      16.80         1.00          5.08           89.83        
111  R0976-D1TS196_1     196     72.71    100.00  111   -0.95     N/A        -0.99     N/A        50.00    N/A           25.13    41.96    2.434    3.18     120   13   0     0     80.00  90.83  -0.46       N/A          -0.44        N/A          90.83  82.501   1.93     7.86        15.5        118      2.2      2.10          0.62    86.25     0.60    0.70    0.95    0.19    0.92     71.00   6.11    86.91   77.55   0.80    817.80     3.30     88.98    0.40      0.54          6.00          8.47           72.03        
112  R0976-D1TS359_1     359s    72.71    100.00  111   -0.95     -1.96      -0.99     -2.65      50.00    -1.94         25.13    41.96    2.434    3.18     120   13   0     0     80.00  90.83  -0.46       -1.84        -0.44        -3.23        90.83  82.501   1.93     7.86        15.5        118      2.2      2.10          0.62    86.25     0.60    0.70    0.95    0.19    0.92     71.00   6.11    86.91   77.55   0.80    817.80     3.30     88.98    0.40      0.54          6.00          8.47           72.03        
113  R0976-D1TS431_2     431     70.42    100.00  113   N/A       N/A        -1.23     N/A        51.25    N/A           31.45    43.41    3.465    4.25     120   0    0     0     65.83  82.50  N/A         N/A          -1.47        N/A          82.50  76.526   1.88     6.64        13.3        112      2.6      0.85          0.61    72.92     0.62    0.64    0.87    0.44    0.86     85.10   5.73    77.44   72.31   0.74    712.70     5.33     81.13    0.41      0.00          1.00          0.00           94.92        
114  R0976-D1TS431_1     431     60.83    100.00  114   -2.26     N/A        -2.27     N/A        44.17    N/A           23.75    34.78    6.906    7.472    120   0    0     0     59.17  68.33  -2.18       N/A          -1.96        N/A          71.67  67.427   1.69     4.90        10.3        97       2.8      0.50          0.52    55.42     0.58    0.53    0.63    0.79    0.76     78.30   5.19    67.86   70.30   0.64    574.60     21.90    70.79    0.33      0.00          0.00          0.00           99.15        
115  R0976-D1TS288_1     288     48.96    100.00  115   -3.56     N/A        -3.56     N/A        27.50    N/A           14.09    19.76    4.934    5.54     120   0    0     0     36.67  67.50  -4.04       N/A          -3.59        N/A          67.50  45.929   2.45     4.39        6.1         101      3.5      2.12          0.45    49.17     0.49    0.49    0.80    0.53    0.82     73.00   5.46    71.22   56.47   0.55    379.10     15.97    82.99    0.21      1.63          5.00          3.39           83.90        
116  R0976-D1TS288_2     288     48.75    100.00  116   N/A       N/A        -3.58     N/A        27.92    N/A           11.78    19.10    5.164    5.914    120   0    0     0     34.17  65.00  N/A         N/A          -3.78        N/A          67.50  46.368   2.36     4.70        7.3         110      4.9      1.55          0.48    57.50     0.52    0.55    0.84    0.41    0.82     83.10   5.33    74.76   62.45   0.54    431.90     12.25    78.66    0.26      0.00          4.00          1.69           88.14        
117  R0976-D1TS288_3     288     47.29    100.00  117   N/A       N/A        -3.74     N/A        24.79    N/A           10.51    18.25    4.814    5.661    120   0    0     0     22.50  73.33  N/A         N/A          -4.62        N/A          73.33  45.169   2.46     4.39        7.4         111      4        2.09          0.47    57.08     0.50    0.50    0.84    0.50    0.82     73.90   5.60    72.66   61.64   0.53    441.10     9.81     80.04    0.21      0.54          8.00          3.39           81.36        
118  R0976-D1TS288_5     288     46.88    100.00  118   N/A       N/A        -3.79     N/A        25.84    N/A           15.26    18.88    5.406    6.047    120   0    0     0     37.50  58.33  N/A         N/A          -3.53        N/A          62.50  39.882   2.37     3.47        5.9         100      4.2      1.97          0.45    57.50     0.48    0.51    0.83    0.49    0.81     83.40   5.46    72.69   59.04   0.52    383.50     11.09    77.26    0.22      0.54          6.00          1.69           83.05        
119  R0976-D1TS288_4     288     45.42    100.00  119   N/A       N/A        -3.94     N/A        24.79    N/A           10.91    14.66    5.338    5.973    120   0    0     0     20.00  61.67  N/A         N/A          -4.81        N/A          62.50  40.495   2.57     3.57        5.8         99       3.8      2.02          0.45    48.33     0.49    0.50    0.80    0.56    0.81     77.10   5.19    74.21   61.05   0.50    363.50     10.34    82.90    0.21      1.08          5.00          4.24           83.90        
120  R0976-D1TS431_3     431     43.54    100.00  120   N/A       N/A        -4.15     N/A        25.00    N/A           10.58    16.66    6.543    6.99     120   2    0     0     32.50  54.17  N/A         N/A          -3.90        N/A          55.83  39.523   2.55     3.06        3.9         80       3.4      1.03          0.41    39.58     0.49    0.41    0.60    0.84    0.76     74.80   3.70    55.50   53.60   0.50    273.70     29.61    65.30    0.20      0.54          0.00          0.00           94.92        

