#    Model               GR#     GDT_TS   NP_P    RANK  Z-M1-GDT  Z-M1s-GDT  Z-MA-GDT  Z-MAs-GDT  GDT_HA   Z-M1s-GDT-HA  GDC_SC   GDC_ALL  RMS_CA   RMS_ALL  NP    err  PC01  PC05  AL0_P  AL4_P  Z-M1-AL0_p  Z-M1s-AL0_p  Z-MA-AL0_p   Z-MAs-AL0_p  ALI_P  LGA_S    RMSD[L]  Z-score[M]  Z-Score[D]  Al.Res.  RMSD[D]  MolPrb_Score  LDDT    SphGr     CAD_AA  RPF     CODM    DFM     Handed.  SOV     CE      QCS     CONTS   TMscore  Dali(raw)  FlexE    QSE      CAD_SS    MolPrb_clash  MolPrb_rotout  MolPrb_ramout  MolPrb_ramfv 

-    starting_model      -       83.06    -       -     -         -          -         -          64.92    -             36.03    -        2.25     3.11     -     -    -     -     -      -      -           -            -            -            -      -        -        7.62        19.60       122      2.20     3.71          0.73    89.92     0.72    0.80    0.97    0.09    0.94     96.20   6.35    92.62   90.44   0.86     1040.60    1.64     49.55    0.53      N/A           N/A           N/A            N/A          

1    R0976-D2TS086_3     086     89.72    100.00  1     N/A       N/A        0.89      N/A        75.61    N/A           50.76    67.34    1.993    2.658    124   0    0     0     95.16  95.97  N/A         N/A          0.90         N/A          95.97  93.754   1.19     8.42        21.9        122      1.5      0.68          0.79    94.76     0.75    0.83    0.98    0.06    0.96     95.40   6.58    96.46   92.14   0.91    1147.50    0.74     N/A      0.58      0.51          0.00          0.00           99.18        
2    R0976-D2TS086_5     086     89.72    100.00  1     N/A       N/A        0.89      N/A        75.60    N/A           53.03    67.83    1.993    2.633    124   0    0     0     95.16  95.97  N/A         N/A          0.90         N/A          95.97  93.754   1.20     8.42        22          122      1.5      0.68          0.81    95.97     0.77    0.85    0.98    0.07    0.96     93.80   6.58    96.63   92.72   0.91    1153.30    0.67     N/A      0.60      0.51          0.00          0.00           99.18        
3    R0976-D2TS086_1     086     89.11    100.00  3     0.90      N/A        0.84      N/A        73.39    N/A           52.24    68.14    1.873    2.458    124   0    0     0     92.74  96.77  0.82        N/A          0.77         N/A          96.77  93.418   1.21     8.52        21.6        123      1.5      0.97          0.81    96.77     0.77    0.84    0.98    0.07    0.96     89.40   6.58    95.90   91.68   0.91    1135.90    0.90     N/A      0.61      2.04          0.00          0.00           99.18        
4    R0976-D2TS425_1     425     87.90    100.00  4     0.81      N/A        0.76      N/A        72.98    N/A           50.12    64.30    2.141    2.826    124   0    0     0     90.32  94.35  0.68        N/A          0.64         N/A          94.35  92.604   1.30     8.32        20.7        122      1.7      1.10          0.77    93.95     0.75    0.81    0.98    0.08    0.95     97.00   6.47    95.22   90.31   0.89    1089.40    1.18     N/A      0.57      1.53          0.00          0.82           96.72        
5    R0976-D2TS086_2     086     87.50    100.00  5     N/A       N/A        0.73      N/A        70.77    N/A           47.31    64.06    2.039    2.75     124   0    0     0     91.94  95.97  N/A         N/A          0.72         N/A          95.97  92.335   1.40     8.52        21          122      1.6      0.50          0.78    93.95     0.75    0.82    0.98    0.07    0.95     95.40   6.58    95.30   90.34   0.89    1106.10    1.01     N/A      0.59      0.00          0.00          0.82           99.18        
6    R0976-D2TS086_4     086     86.89    100.00  6     N/A       N/A        0.69      N/A        70.97    N/A           50.08    62.57    2.195    2.859    124   0    0     0     89.52  94.35  N/A         N/A          0.59         N/A          94.35  91.433   1.39     8.22        20.8        121      1.7      0.50          0.77    92.34     0.75    0.82    0.98    0.09    0.95     95.40   6.47    95.66   91.29   0.88    1094.10    1.07     N/A      0.58      0.00          0.00          0.00           98.36        
7    R0976-D2TS004_1     004s    86.89    100.00  6     0.74      0.84       0.69      1.08       70.56    0.73          41.80    58.15    2.059    2.971    124   0    0     0     89.52  93.55  0.64        0.99         0.59         1.16         93.55  92.392   1.56     8.12        20.5        123      1.8      0.70          0.76    90.32     0.73    0.80    0.98    0.09    0.94     90.80   6.35    91.65   88.96   0.89    1080.50    1.64     91.59    0.51      0.00          1.83          0.82           98.36        
8    R0976-D2TS102_4     102s    86.89    100.00  6     N/A       N/A        0.69      1.08       70.56    N/A           45.74    61.87    2.045    2.92     124   0    0     0     87.10  93.55  N/A         N/A          0.46         0.64         93.55  91.217   1.39     8.12        20.6        123      1.8      1.26          0.78    89.92     0.74    0.82    0.98    0.10    0.95     95.30   6.35    94.28   90.14   0.88    1086.50    1.35     89.65    0.57      1.02          0.00          1.64           92.62        
9    R0976-D2TS156_3     156s    86.69    100.00  9     N/A       N/A        0.67      1.03       70.16    N/A           47.82    62.09    2.53     3.201    124   0    0     0     88.71  95.97  N/A         N/A          0.55         0.98         95.97  91.691   1.38     8.52        21.6        121      1.7      0.88          0.81    95.16     0.79    0.85    0.98    0.08    0.94     93.50   6.47    96.21   93.85   0.88    1133.50    1.20     93.34    0.63      0.51          0.00          0.00           96.72        
10   R0976-D2TS102_2     102s    86.49    100.00  10    N/A       N/A        0.66      0.99       71.17    N/A           44.49    61.95    1.867    2.902    124   0    0     0     91.13  96.77  N/A         N/A          0.68         1.50         96.77  92.834   1.41     8.52        21.5        122      1.5      1.42          0.78    89.52     0.73    0.82    0.98    0.12    0.94     93.70   6.58    95.32   90.46   0.90    1128.30    1.23     90.01    0.55      1.53          0.00          1.64           90.98        
11   R0976-D2TS102_3     102s    86.29    100.00  11    N/A       N/A        0.64      0.94       67.74    N/A           45.74    61.12    1.942    2.897    124   0    0     0     91.94  96.77  N/A         N/A          0.72         1.67         96.77  91.879   1.29     8.52        21          122      1.6      1.20          0.78    89.92     0.73    0.83    0.98    0.13    0.94     93.70   6.47    95.28   90.82   0.90    1107.80    1.21     89.76    0.58      0.51          0.00          0.82           90.98        
12   R0976-D2TS390_3     390     86.09    100.00  12    N/A       N/A        0.63      N/A        70.36    N/A           43.99    61.06    1.937    2.822    124   0    0     0     90.32  95.97  N/A         N/A          0.64         N/A          95.97  91.967   1.45     8.42        20.7        122      1.7      1.26          0.77    89.92     0.74    0.82    0.98    0.11    0.94     93.70   6.47    94.59   90.44   0.89    1092.20    1.20     90.32    0.54      1.02          0.00          1.64           92.62        
13   R0976-D2TS390_5     390     85.69    100.00  13    N/A       N/A        0.60      N/A        69.36    N/A           45.00    63.08    1.925    2.912    124   0    0     0     91.13  96.77  N/A         N/A          0.68         N/A          96.77  92.151   1.39     8.52        21          122      1.6      1.32          0.78    89.52     0.73    0.82    0.98    0.13    0.94     94.50   6.47    94.90   90.22   0.89    1107.10    1.26     90.34    0.57      1.02          0.92          1.64           90.98        
14   R0976-D2TS102_1     102s    85.69    100.00  13    0.65      0.66       0.60      0.80       67.74    0.41          47.12    61.63    1.927    2.87     124   0    0     0     90.32  96.77  0.68        1.13         0.64         1.33         96.77  92.254   1.44     8.52        21.3        122      1.6      1.20          0.80    89.52     0.74    0.84    0.98    0.11    0.94     95.30   6.58    95.19   90.87   0.89    1133.30    1.18     90.52    0.59      0.51          0.00          1.64           90.98        
15   R0976-D2TS425_2     425     85.48    100.00  15    N/A       N/A        0.59      N/A        68.14    N/A           46.92    62.50    2.339    3.072    124   0    0     0     89.52  94.35  N/A         N/A          0.59         N/A          94.35  90.775   1.34     8.12        20.4        121      1.8      0.89          0.76    92.74     0.72    0.81    0.98    0.09    0.95     91.00   6.47    95.18   90.39   0.89    1075.90    1.17     92.02    0.55      1.02          0.00          0.00           97.54        
16   R0976-D2TS328_5     328     85.08    100.00  16    N/A       N/A        0.56      N/A        66.53    N/A           39.63    58.63    2.833    3.481    124   0    0     0     93.55  97.58  N/A         N/A          0.81         N/A          97.58  91.585   1.44     8.62        20.6        122      1.7      2.18          0.74    97.18     0.70    0.79    0.97    0.09    0.94     96.80   6.47    94.33   88.60   0.89    1086.40    1.19     N/A      0.52      4.59          5.50          4.10           94.26        
17   R0976-D2TS190_4     190     84.88    100.00  17    N/A       N/A        0.54      N/A        66.53    N/A           42.42    60.75    1.882    2.692    124   0    0     0     90.32  96.77  N/A         N/A          0.64         N/A          96.77  92.498   1.51     8.42        19.9        123      1.6      2.61          0.75    92.34     0.72    0.79    0.98    0.10    0.95     92.70   6.47    93.22   86.56   0.89    1050.50    1.52     19.27    0.53      16.31         6.42          0.82           95.90        
18   R0976-D2TS156_1     156s    84.68    100.00  18    0.58      0.50       0.53      0.58       71.37    0.82          46.47    61.74    3.645    4.132    124   0    0     0     84.68  88.71  0.36        0.17         0.33         0.12         88.71  86.481   1.34     7.42        20          120      2.7      1.02          0.79    90.73     0.76    0.82    0.92    0.18    0.91     97.00   6.35    89.46   91.64   0.85    1057.10    1.31     90.31    0.59      0.51          0.00          0.00           95.08        
19   R0976-D2TS390_2     390     84.48    100.00  19    N/A       N/A        0.51      N/A        66.94    N/A           42.60    58.81    1.925    2.895    124   0    0     0     92.74  96.77  N/A         N/A          0.77         N/A          96.77  91.677   1.52     8.52        20.8        122      1.6      1.32          0.77    89.52     0.73    0.83    0.98    0.12    0.94     95.30   6.47    94.51   89.74   0.89    1097.10    1.20     90.70    0.57      1.02          0.00          1.64           90.98        
20   R0976-D2TS156_2     156s    84.48    100.00  19    N/A       N/A        0.51      0.53       69.36    N/A           43.27    59.23    3.186    3.691    124   0    0     0     83.06  88.71  N/A         N/A          0.24         -0.22        88.71  87.854   1.41     7.42        19.8        120      2.4      0.77          0.78    89.92     0.76    0.81    0.94    0.17    0.92     98.60   6.35    90.20   91.21   0.85    1049.60    1.23     89.90    0.59      0.51          0.92          0.00           97.54        
21   R0976-D2TS102_5     102s    84.48    100.00  19    N/A       N/A        0.51      0.53       68.35    N/A           45.30    59.28    2.042    2.868    124   0    0     0     89.52  94.35  N/A         N/A          0.59         1.16         94.35  90.301   1.50     8.42        20.6        122      1.8      1.17          0.79    89.92     0.75    0.83    0.98    0.10    0.94     93.70   6.47    94.56   90.81   0.87    1085.00    1.21     89.86    0.59      0.51          0.00          1.64           91.80        
22   R0976-D2TS156_5     156s    84.48    100.00  19    N/A       N/A        0.51      0.53       68.75    N/A           43.70    58.89    3.453    3.969    124   0    0     0     83.87  88.71  N/A         N/A          0.28         -0.05        88.71  87.504   1.36     7.42        19.9        120      2.5      0.80          0.79    90.32     0.76    0.81    0.92    0.18    0.91     96.20   6.35    89.60   91.29   0.85    1053.70    1.35     90.14    0.58      1.02          0.92          0.00           98.36        
23   R0976-D2TS217_1     217     84.27    100.00  23    0.55      N/A        0.50      N/A        66.33    N/A           35.86    53.62    2.318    2.915    124   0    0     0     84.68  92.74  0.36        N/A          0.33         N/A          92.74  88.713   1.58     7.92        19.9        121      1.9      3.69          0.72    95.16     0.69    0.81    0.97    0.08    0.94     88.80   6.35    92.79   91.00   0.86    1053.50    1.09     86.62    0.52      120.86        5.50          3.28           88.52        
24   R0976-D2TS431_5     431     84.07    100.00  24    N/A       N/A        0.49      N/A        66.13    N/A           41.40    57.88    2.16     2.939    124   0    0     0     83.87  91.13  N/A         N/A          0.28         N/A          91.13  87.606   1.34     8.12        18.9        123      2.2      1.70          0.73    90.32     0.73    0.78    0.98    0.09    0.95     94.70   6.35    91.63   87.64   0.86    1003.10    1.69     90.50    0.55      0.00          6.42          0.00           88.52        
25   R0976-D2TS174_2     174     84.07    100.00  24    N/A       N/A        0.49      N/A        67.14    N/A           36.56    54.47    2.199    2.841    124   0    0     0     85.48  93.55  N/A         N/A          0.37         N/A          93.55  89.781   1.52     7.92        20.1        122      1.9      1.97          0.74    91.13     0.72    0.80    0.98    0.09    0.94     99.40   6.35    92.64   90.31   0.86    1062.50    1.30     N/A      0.50      13.25         2.75          0.82           98.36        
26   R0976-D2TS156_4     156s    83.87    100.00  26    N/A       N/A        0.47      0.39       66.94    N/A           42.12    57.40    3.511    4.078    124   0    0     0     83.87  88.71  N/A         N/A          0.28         -0.05        88.71  85.388   1.29     7.52        19.6        120      2.6      0.77          0.78    90.32     0.75    0.81    0.93    0.16    0.91     97.00   6.35    89.47   90.92   0.84    1036.50    1.15     89.78    0.56      0.51          0.00          0.00           97.54        
27   R0976-D2TS174_1     174     83.87    100.00  26    0.52      N/A        0.47      N/A        65.32    N/A           34.70    54.36    2.257    3.046    124   0    0     0     83.87  91.13  0.32        N/A          0.28         N/A          91.13  87.96    1.40     7.92        19.7        122      2.2      2.53          0.73    89.52     0.70    0.79    0.97    0.09    0.94     91.60   6.35    92.58   90.42   0.86    1044.00    1.48     N/A      0.51      2.55          11.01         4.10           82.79        
28   R0976-D2TS068_4     068     83.87    100.00  26    N/A       N/A        0.47      N/A        68.14    N/A           42.45    55.81    3.422    4.016    124   0    0     0     80.65  87.90  N/A         N/A          0.10         N/A          87.90  88.045   1.50     7.52        19.8        118      2        0.78          0.77    89.52     0.76    0.80    0.91    0.17    0.91     97.00   6.35    92.00   90.80   0.83    1049.20    1.60     87.78    0.59      0.00          0.00          0.00           95.90        
29   R0976-D2TS356_2     356     83.87    100.00  26    N/A       N/A        0.47      N/A        66.13    N/A           44.70    57.96    2.141    2.882    124   0    0     0     87.10  93.55  N/A         N/A          0.46         N/A          93.55  89.219   1.47     7.82        19.7        122      2.1      0.89          0.75    89.92     0.71    0.79    0.98    0.10    0.94     94.60   6.35    92.73   88.26   0.87    1044.80    1.45     93.78    0.54      0.00          0.00          1.64           94.26        
30   R0976-D2TS270_3     270     83.87    100.00  26    N/A       N/A        0.47      N/A        64.92    N/A           37.56    55.24    2.259    3.181    124   0    0     0     83.87  91.13  N/A         N/A          0.28         N/A          91.13  88.271   1.35     7.72        19.1        122      2.2      2.21          0.73    89.11     0.72    0.79    0.97    0.11    0.94     97.80   6.35    91.94   88.95   0.86    1014.70    1.73     N/A      0.56      1.53          9.17          2.46           88.52        
31   R0976-D2TS217_5     217     83.67    100.00  31    N/A       N/A        0.46      N/A        65.72    N/A           36.55    53.94    2.334    2.971    124   0    0     0     83.06  92.74  N/A         N/A          0.24         N/A          92.74  88.2     1.53     7.92        19.8        122      2.1      3.65          0.71    93.14     0.70    0.81    0.97    0.08    0.94     79.00   6.35    92.62   91.00   0.86    1045.50    1.21     86.10    0.52      107.71        6.42          1.64           90.16        
32   R0976-D2TS068_1     068     83.67    100.00  31    0.50      N/A        0.46      N/A        68.35    N/A           39.87    53.62    3.295    4.006    124   0    0     0     80.65  90.32  0.13        N/A          0.10         N/A          90.32  87.468   1.40     7.42        19.7        117      2        0.96          0.77    87.50     0.75    0.80    0.92    0.18    0.91     97.00   6.35    92.42   90.48   0.83    1043.20    1.90     87.69    0.57      0.51          0.00          0.82           95.90        
33   R0976-D2TS217_3     217     83.67    100.00  31    N/A       N/A        0.46      N/A        65.73    N/A           35.91    52.86    2.258    2.947    124   0    0     0     83.06  93.55  N/A         N/A          0.24         N/A          93.55  88.154   1.48     8.02        19.9        121      2        3.65          0.70    93.95     0.70    0.81    0.97    0.08    0.94     88.70   6.35    92.86   91.06   0.86    1052.50    1.09     87.76    0.52      108.67        5.50          3.28           88.52        
34   R0976-D2TS390_4     390     83.47    100.00  34    N/A       N/A        0.44      N/A        65.32    N/A           42.99    58.47    1.996    2.886    124   0    0     0     90.32  95.97  N/A         N/A          0.64         N/A          95.97  89.965   1.51     8.42        20.4        123      1.8      1.29          0.76    89.92     0.73    0.81    0.98    0.11    0.94     95.30   6.47    94.09   89.38   0.88    1074.80    1.21     90.84    0.53      1.02          0.00          1.64           91.80        
35   R0976-D2TS190_5     190     83.27    100.00  35    N/A       N/A        0.43      N/A        65.12    N/A           36.75    56.15    2.258    3.12     124   0    0     0     82.26  91.94  N/A         N/A          0.19         N/A          91.94  87.985   1.52     7.72        19.4        122      2.2      2.85          0.75    89.52     0.72    0.79    0.97    0.10    0.94     96.20   6.35    91.86   89.26   0.86    1026.30    1.67     49.59    0.53      22.94         6.42          3.28           94.26        
36   R0976-D2TS174_3     174     83.06    100.00  36    N/A       N/A        0.41      N/A        66.33    N/A           37.68    53.34    2.229    2.883    124   0    0     0     85.48  93.55  N/A         N/A          0.37         N/A          93.55  89.336   1.55     8.12        19.7        122      2        1.51          0.73    88.71     0.71    0.79    0.98    0.10    0.94     97.80   6.35    92.82   89.59   0.86    1042.70    1.42     N/A      0.51      5.60          0.92          0.82           96.72        
37   R0976-D2TS390_1     390     83.06    100.00  36    0.46      N/A        0.41      N/A        67.34    N/A           45.37    58.91    2.065    2.943    124   0    0     0     91.13  96.77  0.73        N/A          0.68         N/A          96.77  90.878   1.56     8.52        21          122      1.7      1.47          0.79    89.92     0.74    0.84    0.98    0.09    0.94     92.30   6.47    94.76   90.87   0.87    1108.80    1.17     91.59    0.59      2.04          0.00          1.64           91.80        
38   R0976-D2TS328_3     328     83.06    100.00  36    N/A       N/A        0.41      N/A        64.11    N/A           34.51    55.79    2.63     3.411    124   1    0     0     88.71  93.55  N/A         N/A          0.55         N/A          93.55  90.139   1.51     8.12        19.8        120      1.7      2.16          0.72    90.73     0.68    0.77    0.96    0.14    0.94     93.80   6.23    93.82   87.73   0.87    1046.80    1.81     N/A      0.47      3.57          3.67          4.92           88.52        
39   R0976-D2TS174_5     174     83.06    100.00  36    N/A       N/A        0.41      N/A        64.52    N/A           36.25    54.74    2.121    2.96     124   0    0     0     87.10  94.35  N/A         N/A          0.46         N/A          94.35  90.634   1.64     8.12        19.5        123      1.8      1.99          0.72    91.53     0.69    0.78    0.97    0.13    0.94     90.00   6.35    91.92   86.04   0.87    1034.00    1.76     N/A      0.49      1.02          5.50          4.92           86.89        
40   R0976-D2TS433_3     433     82.86    100.00  40    N/A       N/A        0.40      N/A        65.12    N/A           0.00     34.09    2.457    2.381    124   0    0     0     82.26  95.97  N/A         N/A          0.19         N/A          95.97  90.206   1.50     8.32        20.4        121      1.6      6.00          0.23    57.93     0.48    0.16    0.96    0.14    0.93     92.40   6.23    91.62   88.39   0.85    1078.20    2.36     N/A      0.00      0.00          N/A           3.28           86.07        
41   R0976-D2TS068_2     068     82.66    100.00  41    N/A       N/A        0.39      N/A        67.94    N/A           37.56    51.89    3.243    3.791    124   0    0     0     79.84  90.32  N/A         N/A          0.06         N/A          91.13  89       1.56     7.72        20.1        117      1.7      0.77          0.76    89.92     0.75    0.79    0.93    0.17    0.91     98.40   6.35    93.29   90.45   0.82    1064.10    1.89     86.95    0.57      0.51          0.00          0.00           97.54        
42   R0976-D2TS217_4     217     82.66    100.00  41    N/A       N/A        0.39      N/A        64.72    N/A           36.90    53.70    2.321    2.967    124   0    0     0     83.06  92.74  N/A         N/A          0.24         N/A          92.74  88.214   1.56     7.92        19.7        122      2.1      3.76          0.71    93.14     0.70    0.81    0.97    0.08    0.94     86.30   6.35    92.43   90.84   0.86    1043.20    1.23     86.16    0.52      103.06        6.42          2.46           84.43        
43   R0976-D2TS068_5     068     82.46    100.00  43    N/A       N/A        0.37      N/A        66.73    N/A           37.48    52.36    3.398    4.015    124   0    0     0     82.26  90.32  N/A         N/A          0.19         N/A          90.32  87.617   1.61     7.72        19.3        118      2.1      0.88          0.74    89.52     0.72    0.77    0.91    0.19    0.90     95.40   6.35    91.39   89.31   0.82    1023.90    1.69     87.95    0.50      0.51          0.00          0.82           96.72        
44   R0976-D2TS433_1     433     82.46    100.00  43    0.42      N/A        0.37      N/A        63.51    N/A           0.00     34.47    2.296    2.232    124   0    0     0     83.06  91.94  0.27        N/A          0.24         N/A          91.94  87.79    1.41     7.62        19.4        122      2.2      6.00          0.23    58.37     0.49    0.16    0.97    0.10    0.94     96.20   6.35    92.13   89.76   0.86    1030.40    1.65     N/A      0.00      0.00          N/A           4.10           89.34        
45   R0976-D2TS433_5     433     82.46    100.00  43    N/A       N/A        0.37      N/A        62.90    N/A           0.00     33.65    2.451    2.376    124   0    0     0     83.87  95.16  N/A         N/A          0.28         N/A          95.16  89.672   1.52     8.22        20.3        121      1.7      6.00          0.22    57.93     0.48    0.17    0.96    0.15    0.93     93.20   6.23    91.29   88.21   0.85    1069.50    2.35     N/A      0.00      0.00          N/A           3.28           85.25        
46   R0976-D2TS460_3     460     82.26    100.00  46    N/A       N/A        0.36      N/A        62.09    N/A           36.98    54.14    2.205    3.046    124   0    0     0     83.87  91.94  N/A         N/A          0.28         N/A          91.94  89.039   1.66     7.72        18.8        123      2.2      3.08          0.73    89.92     0.71    0.78    0.97    0.10    0.94     96.20   6.35    90.72   85.31   0.85    998.90     1.94     91.04    0.53      20.38         12.84         1.64           93.44        
47   R0976-D2TS433_2     433     82.26    100.00  46    N/A       N/A        0.36      N/A        63.51    N/A           0.00     34.31    2.36     2.291    124   0    0     0     83.06  91.13  N/A         N/A          0.24         N/A          91.13  87.39    1.43     7.62        19.2        122      2.3      6.00          0.23    58.37     0.49    0.17    0.97    0.11    0.94     96.20   6.35    91.91   89.26   0.85    1017.90    1.70     N/A      0.00      0.00          N/A           4.10           89.34        
48   R0976-D2TS174_4     174     82.26    100.00  46    N/A       N/A        0.36      N/A        65.72    N/A           33.90    52.66    2.232    2.908    124   0    0     0     85.48  93.55  N/A         N/A          0.37         N/A          93.55  89.283   1.56     7.92        19.7        122      2        2.04          0.73    88.71     0.71    0.79    0.98    0.10    0.94     97.80   6.35    92.83   89.64   0.86    1043.60    1.45     N/A      0.52      1.02          7.34          2.46           88.52        
49   R0976-D2TS344_1     344     82.06    100.00  49    0.39      N/A        0.34      N/A        62.70    N/A           37.16    54.30    2.188    3.204    124   5    0     0     85.48  94.35  0.41        N/A          0.37         N/A          94.35  89.686   1.72     8.22        18.2        121      2.1      1.48          0.70    86.61     0.67    0.75    0.97    0.14    0.94     96.22   6.35    91.63   84.10   0.86    969.70     2.11     91.85    0.51      1.02          0.92          0.82           83.61        
50   R0976-D2TS460_1     460     82.06    100.00  49    0.39      N/A        0.34      N/A        61.70    N/A           36.90    54.00    2.211    3.051    124   0    0     0     83.87  91.94  0.32        N/A          0.28         N/A          91.94  89.039   1.66     7.62        18.7        123      2.2      2.98          0.73    89.92     0.72    0.78    0.97    0.10    0.94     96.20   6.35    90.96   85.10   0.85    992.90     1.96     91.07    0.53      16.30         12.84         1.64           93.44        
51   R0976-D2TS460_2     460     82.06    100.00  49    N/A       N/A        0.34      N/A        63.10    N/A           37.08    54.30    2.202    3.044    124   0    0     0     83.87  91.94  N/A         N/A          0.28         N/A          91.94  89.092   1.66     7.72        18.8        123      2.2      3.15          0.73    89.92     0.71    0.79    0.97    0.10    0.94     96.20   6.35    90.77   85.39   0.85    1001.00    1.93     91.05    0.53      21.40         13.76         1.64           92.62        
52   R0976-D2TS460_4     460     82.06    100.00  49    N/A       N/A        0.34      N/A        62.50    N/A           37.05    54.31    2.204    3.045    124   0    0     0     83.87  91.94  N/A         N/A          0.28         N/A          91.94  89.092   1.66     7.72        18.8        123      2.2      3.13          0.73    89.92     0.71    0.78    0.97    0.10    0.94     96.20   6.35    90.74   85.36   0.85    1001.30    1.94     91.08    0.53      21.91         13.76         1.64           93.44        
53   R0976-D2TS460_5     460     82.06    100.00  49    N/A       N/A        0.34      N/A        62.91    N/A           37.05    54.40    2.2      3.043    124   0    0     0     83.87  91.94  N/A         N/A          0.28         N/A          91.94  89.092   1.65     7.72        18.8        123      2.2      3.19          0.73    89.92     0.71    0.79    0.97    0.10    0.94     96.20   6.23    90.80   85.41   0.85    1001.60    1.93     91.03    0.53      23.43         13.76         1.64           92.62        
54   R0976-D2TS068_3     068     81.86    100.00  54    N/A       N/A        0.33      N/A        65.52    N/A           42.67    54.22    3.498    4.163    124   0    0     0     79.84  89.52  N/A         N/A          0.06         N/A          89.52  87.178   1.57     7.62        19.4        117      2        0.84          0.77    87.90     0.75    0.80    0.91    0.19    0.90     97.00   6.23    91.76   90.58   0.82    1028.20    2.06     87.21    0.59      0.00          0.00          0.00           95.08        
55   R0976-D2TS270_4     270     81.65    100.00  55    N/A       N/A        0.31      N/A        62.09    N/A           39.67    56.07    2.194    3.011    124   1    0     0     82.26  91.94  N/A         N/A          0.19         N/A          91.94  87.857   1.65     7.62        17.7        123      2.3      1.65          0.70    88.71     0.68    0.76    0.97    0.14    0.94     96.50   6.23    90.88   83.56   0.85    947.30     2.75     N/A      0.51      0.51          2.75          2.46           86.07        
56   R0976-D2TS328_4     328     81.65    100.00  55    N/A       N/A        0.31      N/A        64.52    N/A           37.18    53.74    3.11     3.965    124   1    0     0     84.68  90.32  N/A         N/A          0.33         N/A          90.32  86.266   1.46     7.52        18.9        120      2.2      1.86          0.71    90.32     0.69    0.77    0.94    0.14    0.93     92.80   6.23    92.39   87.20   0.84    1006.00    1.94     N/A      0.50      2.04          3.67          1.64           92.62        
57   R0976-D2TS312_2     312s    81.65    100.00  55    N/A       N/A        0.31      -0.11      63.31    N/A           38.82    54.16    2.621    3.514    124   0    0     0     79.84  95.16  N/A         N/A          0.06         -0.91        95.16  88.657   1.52     8.22        20.4        121      1.8      2.66          0.76    89.11     0.72    0.82    0.96    0.12    0.93     96.90   6.23    93.41   89.64   0.84    1078.50    1.91     22.85    0.55      62.66         0.92          0.82           94.26        
58   R0976-D2TS358_4     358     81.45    100.00  58    N/A       N/A        0.30      N/A        61.29    N/A           37.72    52.22    2.289    3.031    124   0    0     0     83.87  91.94  N/A         N/A          0.28         N/A          91.94  87.758   1.66     7.82        19          123      2.1      2.86          0.68    92.34     0.69    0.79    0.97    0.10    0.93     94.50   6.35    91.60   87.89   0.84    1008.40    1.70     90.03    0.51      63.20         1.83          1.64           94.26        
59   R0976-D2TS358_5     358     81.45    100.00  58    N/A       N/A        0.30      N/A        61.70    N/A           37.81    52.59    2.301    3.115    124   0    0     0     83.06  91.94  N/A         N/A          0.24         N/A          91.94  88.222   1.65     7.92        19.1        123      2.1      2.60          0.69    92.34     0.69    0.79    0.97    0.10    0.93     94.50   6.35    91.84   88.20   0.85    1012.50    1.73     90.23    0.51      61.67         0.00          1.64           95.08        
60   R0976-D2TS358_2     358     81.25    100.00  60    N/A       N/A        0.29      N/A        61.49    N/A           38.41    53.11    2.236    3.024    124   0    0     0     83.87  93.55  N/A         N/A          0.28         N/A          93.55  88.6     1.70     8.02        19.1        122      2        2.68          0.69    92.34     0.69    0.79    0.97    0.10    0.93     94.50   6.35    92.34   87.78   0.85    1015.00    1.66     90.59    0.50      60.14         0.92          1.64           93.44        
61   R0976-D2TS117_1     117     81.25    100.00  60    0.33      N/A        0.29      N/A        61.90    N/A           28.56    51.72    2.356    3.205    124   0    0     0     84.68  91.13  0.36        N/A          0.33         N/A          91.13  87.889   1.52     7.62        18.8        123      2.5      4.08          0.68    90.32     0.65    0.77    0.97    0.09    0.94     78.30   6.23    91.60   88.69   0.85    999.00     1.71     90.76    0.46      83.55         22.02         6.56           84.43        
62   R0976-D2TS117_2     117     81.25    100.00  60    N/A       N/A        0.29      N/A        61.09    N/A           31.36    51.09    2.661    3.429    124   0    0     0     84.68  91.13  N/A         N/A          0.33         N/A          91.13  86.022   1.36     7.82        18.8        122      2.2      3.99          0.67    88.31     0.65    0.77    0.97    0.11    0.93     84.00   6.35    90.94   87.84   0.85    1000.60    1.57     92.82    0.44      103.92        13.76         5.74           86.07        
63   R0976-D2TS190_2     190     81.05    100.00  63    N/A       N/A        0.27      N/A        61.69    N/A           36.65    54.69    2.503    3.147    124   0    0     0     87.10  94.35  N/A         N/A          0.46         N/A          94.35  89.272   1.69     8.22        18.6        122      1.8      2.35          0.72    90.32     0.70    0.78    0.97    0.15    0.94     97.80   6.35    91.43   84.94   0.86    989.10     1.83     24.19    0.53      13.76         4.59          3.28           96.72        
64   R0976-D2TS312_1     312s    80.85    100.00  64    0.30      -0.10      0.26      -0.29      63.51    -0.06         39.15    53.61    2.727    3.612    124   0    0     0     78.23  93.55  -0.01       -0.94        -0.03        -1.25        93.55  88.041   1.66     8.22        20.1        121      1.9      3.13          0.75    87.50     0.72    0.81    0.96    0.13    0.93     94.50   6.23    93.27   88.95   0.83    1062.80    1.93     23.61    0.55      68.77         2.75          2.46           91.80        
65   R0976-D2TS356_4     356     80.85    100.00  64    N/A       N/A        0.26      N/A        64.11    N/A           38.18    51.27    2.4      3.261    124   0    0     0     80.65  93.55  N/A         N/A          0.10         N/A          93.55  88.717   1.74     7.72        17.5        119      1.9      0.50          0.70    88.31     0.69    0.76    0.96    0.12    0.94     96.20   6.23    89.21   81.59   0.83    937.60     3.26     93.96    0.49      0.00          0.00          0.00           99.18        
66   R0976-D2TS312_3     312s    80.85    100.00  64    N/A       N/A        0.26      -0.29      63.31    N/A           35.90    52.32    2.663    3.562    124   0    0     0     78.23  93.55  N/A         N/A          -0.03        -1.25        93.55  88.239   1.72     8.22        20          121      1.9      2.93          0.74    86.69     0.71    0.81    0.96    0.13    0.93     94.50   6.23    93.09   88.63   0.83    1058.70    1.99     23.60    0.54      68.26         1.83          0.82           93.44        
67   R0976-D2TS358_3     358     80.64    100.00  67    N/A       N/A        0.24      N/A        61.49    N/A           37.77    51.90    2.499    3.191    124   0    0     0     81.45  89.52  N/A         N/A          0.15         N/A          89.52  86.977   1.73     7.52        18.7        123      2.3      2.77          0.68    91.13     0.69    0.79    0.97    0.10    0.92     92.90   6.35    90.95   88.10   0.83    993.10     1.81     89.03    0.51      68.30         0.00          1.64           92.62        
68   R0976-D2TS358_1     358     80.64    100.00  67    0.29      N/A        0.24      N/A        61.29    N/A           37.35    51.87    2.336    3.171    124   0    0     0     83.06  91.94  0.27        N/A          0.24         N/A          91.94  87.242   1.68     7.82        19.3        122      2.1      2.56          0.69    91.94     0.69    0.79    0.97    0.10    0.93     94.50   6.35    91.51   87.90   0.84    1022.80    1.80     90.00    0.50      64.73         0.00          1.64           95.90        
69   R0976-D2TS356_1     356     80.64    100.00  67    0.29      N/A        0.24      N/A        60.48    N/A           38.90    53.85    2.162    2.964    124   0    0     0     87.90  95.97  0.55        N/A          0.50         N/A          95.97  89.049   1.71     8.52        17.8        122      1.8      0.84          0.71    91.13     0.69    0.77    0.97    0.11    0.94     95.30   6.35    90.84   82.89   0.86    953.20     2.08     94.78    0.53      0.00          0.00          1.64           95.08        
70   R0976-D2TS312_5     312s    80.64    100.00  67    N/A       N/A        0.24      -0.33      63.31    N/A           34.28    52.16    2.633    3.594    124   0    0     0     78.23  93.55  N/A         N/A          -0.03        -1.25        93.55  88.275   1.69     8.12        20.1        121      1.9      2.97          0.73    86.69     0.71    0.80    0.96    0.13    0.93     95.30   6.23    93.08   88.53   0.83    1062.70    1.99     23.39    0.53      68.26         1.83          1.64           92.62        
71   R0976-D2TS312_4     312s    80.64    100.00  67    N/A       N/A        0.24      -0.33      62.70    N/A           36.08    52.49    2.667    3.581    124   0    0     0     79.03  93.55  N/A         N/A          0.02         -1.08        93.55  87.995   1.71     8.22        19.9        121      1.9      3.26          0.74    86.29     0.71    0.81    0.96    0.13    0.93     96.10   6.23    93.02   88.48   0.83    1054.00    1.98     23.59    0.56      74.38         3.67          2.46           91.80        
72   R0976-D2TS433_4     433     80.64    100.00  67    N/A       N/A        0.24      N/A        62.50    N/A           0.00     33.23    2.287    2.212    124   0    0     0     81.45  94.35  N/A         N/A          0.15         N/A          94.35  89.852   1.60     8.12        19.2        120      1.8      6.00          0.22    59.76     0.48    0.17    0.97    0.12    0.94     93.00   6.35    93.29   87.87   0.85    1029.30    1.62     N/A      0.00      1.58          N/A           6.56           81.97        
73   R0976-D2TS328_2     328     80.44    100.00  73    N/A       N/A        0.23      N/A        61.29    N/A           35.70    51.70    3.171    3.995    124   0    0     0     83.87  91.13  N/A         N/A          0.28         N/A          91.13  85.781   1.45     7.72        18.7        121      2.1      2.18          0.69    90.73     0.65    0.75    0.94    0.15    0.93     92.60   6.35    91.70   85.13   0.84    995.80     1.99     N/A      0.43      3.57          3.67          4.10           87.70        
74   R0976-D2TS190_1     190     80.24    100.00  74    0.26      N/A        0.21      N/A        61.49    N/A           36.88    53.73    2.329    3.021    124   0    0     0     88.71  94.35  0.59        N/A          0.55         N/A          94.35  88.862   1.69     8.32        18.2        122      1.8      2.40          0.71    91.53     0.69    0.77    0.97    0.14    0.94     88.40   6.35    90.51   83.42   0.86    971.10     1.80     22.92    0.51      15.29         3.67          2.46           95.90        
75   R0976-D2TS190_3     190     80.24    100.00  74    N/A       N/A        0.21      N/A        60.48    N/A           34.66    53.60    2.384    3.147    124   0    0     0     84.68  92.74  N/A         N/A          0.33         N/A          92.74  88.236   1.72     7.82        17.9        122      2        2.67          0.70    87.10     0.70    0.76    0.96    0.16    0.93     97.40   6.23    88.98   83.24   0.85    957.10     2.78     25.20    0.52      13.76         5.50          0.82           92.62        
76   R0976-D2TS196_5     196     79.64    100.00  76    N/A       N/A        0.17      N/A        58.87    N/A           31.71    49.97    2.321    3.215    124   5    0     0     83.87  92.74  N/A         N/A          0.28         N/A          92.74  86.467   1.56     8.02        16.9        122      2.1      2.25          0.66    89.11     0.66    0.75    0.97    0.14    0.94     76.00   6.23    88.89   81.40   0.84    910.40     2.35     91.68    0.49      2.55          4.59          6.56           81.97        
77   R0976-D2TS359_5     359s    79.64    100.00  76    N/A       N/A        0.17      -0.56      58.87    N/A           31.71    49.97    2.321    3.215    124   5    0     0     83.87  92.74  N/A         N/A          0.28         -0.05        92.74  86.467   1.56     8.02        16.9        122      2.1      2.25          0.66    89.11     0.66    0.75    0.97    0.14    0.94     76.00   6.23    88.89   81.40   0.84    910.40     2.35     91.68    0.49      2.55          4.59          6.56           81.97        
78   R0976-D2TS344_4     344     79.44    100.00  78    N/A       N/A        0.16      N/A        59.88    N/A           35.51    50.54    2.288    3.3      124   0    0     0     83.87  95.16  N/A         N/A          0.28         N/A          95.16  87.235   1.71     8.02        17.2        121      2.2      1.50          0.68    85.83     0.66    0.74    0.97    0.15    0.93     81.44   6.23    90.16   81.21   0.84    920.30     2.43     92.20    0.46      0.00          2.75          2.46           84.43        
79   R0976-D2TS344_5     344     79.44    100.00  78    N/A       N/A        0.16      N/A        59.07    N/A           34.61    51.73    2.178    3.182    124   0    0     0     83.87  95.97  N/A         N/A          0.28         N/A          95.97  88.038   1.76     8.32        17.7        121      2        1.53          0.68    86.63     0.67    0.74    0.97    0.14    0.93     90.86   6.23    90.64   81.15   0.85    942.20     2.41     92.68    0.48      0.00          2.75          1.64           82.79        
80   R0976-D2TS328_1     328     79.23    100.00  80    0.18      N/A        0.14      N/A        60.89    N/A           33.56    49.44    3.818    4.768    124   0    0     0     84.68  88.71  0.36        N/A          0.33         N/A          88.71  84.808   1.66     7.62        18.3        119      2.5      2.26          0.68    83.47     0.66    0.74    0.89    0.19    0.90     89.50   6.23    89.24   84.46   0.82    973.50     3.59     N/A      0.44      2.55          6.42          4.10           87.70        
81   R0976-D2TS356_3     356     79.23    100.00  80    N/A       N/A        0.14      N/A        59.27    N/A           39.62    52.89    2.24     3.048    124   0    0     0     87.10  95.16  N/A         N/A          0.46         N/A          95.16  88.505   1.75     8.42        17.6        120      2.1      0.50          0.70    88.71     0.69    0.75    0.97    0.13    0.94     95.30   6.35    90.63   82.96   0.85    942.00     2.30     94.44    0.51      0.00          0.00          0.00           98.36        
82   R0976-D2TS344_3     344     78.43    100.00  82    N/A       N/A        0.09      N/A        57.46    N/A           32.28    50.04    2.334    3.167    124   0    0     0     83.06  94.35  N/A         N/A          0.24         N/A          94.35  88.013   1.72     8.02        17.3        121      2.2      1.35          0.67    87.02     0.65    0.74    0.96    0.15    0.93     87.39   6.23    89.60   81.05   0.84    926.00     2.43     91.85    0.48      0.00          1.83          2.46           85.25        
83   R0976-D2TS425_3     425     78.43    100.00  82    N/A       N/A        0.09      N/A        59.67    N/A           33.11    49.42    3.163    4.01     124   1    0     0     79.84  88.71  N/A         N/A          0.06         N/A          88.71  83.896   1.50     7.42        18          118      2.2      0.89          0.69    83.87     0.67    0.75    0.94    0.20    0.91     94.70   6.23    88.83   86.98   0.81    961.40     2.04     N/A      0.45      1.02          0.00          0.82           97.54        
84   R0976-D2TS344_2     344     78.23    100.00  84    N/A       N/A        0.07      N/A        57.66    N/A           31.76    48.43    2.548    3.495    124   0    0     0     82.26  90.32  N/A         N/A          0.19         N/A          90.32  82.856   1.63     7.62        17          120      2.2      1.25          0.65    83.79     0.66    0.73    0.96    0.17    0.92     89.77   6.23    88.86   81.04   0.82    908.60     2.71     90.38    0.47      0.00          0.00          0.82           78.69        
85   R0976-D2TS359_4     359s    78.02    100.00  85    N/A       N/A        0.06      -0.93      57.05    N/A           32.31    49.49    2.339    3.239    124   6    0     0     83.87  95.16  N/A         N/A          0.28         -0.05        95.16  85.693   1.59     8.12        17          121      2        2.13          0.66    89.11     0.65    0.75    0.97    0.14    0.94     76.00   6.23    89.23   81.18   0.84    915.10     2.46     91.33    0.48      2.04          3.67          5.74           80.33        
86   R0976-D2TS196_4     196     78.02    100.00  85    N/A       N/A        0.06      N/A        57.05    N/A           32.31    49.49    2.339    3.239    124   6    0     0     83.87  95.16  N/A         N/A          0.28         N/A          95.16  85.693   1.59     8.12        17          121      2        2.13          0.66    89.11     0.65    0.75    0.97    0.14    0.94     76.00   6.23    89.23   81.18   0.84    915.10     2.46     91.33    0.48      2.04          3.67          5.74           80.33        
87   R0976-D2TS425_4     425     77.62    100.00  87    N/A       N/A        0.03      N/A        58.06    N/A           38.47    49.25    3.059    3.733    124   0    0     0     79.03  90.32  N/A         N/A          0.02         N/A          90.32  84.787   1.62     7.72        17.9        120      2.3      0.88          0.72    86.29     0.71    0.79    0.93    0.16    0.92     89.40   6.23    91.50   87.35   0.82    955.80     1.94     N/A      0.57      0.51          0.00          1.64           96.72        
88   R0976-D2TS425_5     425     77.62    100.00  87    N/A       N/A        0.03      N/A        58.06    N/A           36.15    50.38    3.162    3.88     124   0    0     0     82.26  91.94  N/A         N/A          0.19         N/A          91.94  85.328   1.58     7.92        17.5        119      2        1.14          0.70    88.31     0.68    0.77    0.94    0.16    0.92     89.50   6.23    88.24   82.81   0.82    936.70     2.19     N/A      0.51      1.02          0.00          0.00           95.08        
89   R0976-D2TS270_1     270     77.42    100.00  89    0.05      N/A        0.01      N/A        57.06    N/A           37.52    51.69    2.232    2.912    124   0    0     0     83.06  92.74  0.27        N/A          0.24         N/A          92.74  85.136   1.83     8.12        17.8        123      2.3      1.55          0.69    89.92     0.70    0.76    0.97    0.12    0.93     96.90   6.23    90.42   84.16   0.83    949.80     1.94     N/A      0.50      0.51          2.75          1.64           90.16        
90   R0976-D2TS359_3     359s    77.02    100.00  90    N/A       N/A        -0.01     -1.15      56.25    N/A           32.08    47.38    2.424    3.316    124   9    0     0     82.26  93.55  N/A         N/A          0.19         -0.39        93.55  86.156   1.76     8.02        16.7        122      2.1      1.96          0.65    89.11     0.63    0.74    0.96    0.15    0.93     73.70   6.23    89.02   79.82   0.83    901.20     2.75     90.76    0.46      1.02          3.67          4.92           80.33        
91   R0976-D2TS196_3     196     77.02    100.00  90    N/A       N/A        -0.01     N/A        56.25    N/A           32.08    47.38    2.424    3.316    124   9    0     0     82.26  93.55  N/A         N/A          0.19         N/A          93.55  86.156   1.76     8.02        16.7        122      2.1      1.96          0.65    89.11     0.63    0.74    0.96    0.15    0.93     73.70   6.23    89.02   79.82   0.83    901.20     2.75     90.76    0.46      1.02          3.67          4.92           80.33        
92   R0976-D2TS208_5     208     76.21    100.00  92    N/A       N/A        -0.07     N/A        56.45    N/A           24.72    43.75    2.871    4.093    124   0    0     0     75.00  90.32  N/A         N/A          -0.21        N/A          90.32  82.816   1.87     7.42        15.9        118      2.1      1.47          0.61    75.81     0.60    0.65    0.95    0.27    0.91     93.80   6.11    83.77   79.59   0.80    858.60     2.81     86.33    0.34      0.00          4.59          2.46           92.62        
93   R0976-D2TS356_5     356     76.21    100.00  92    N/A       N/A        -0.07     N/A        57.06    N/A           29.88    45.45    2.559    3.361    124   0    0     0     82.26  91.94  N/A         N/A          0.19         N/A          91.94  84.625   1.84     7.72        15.7        122      2.3      0.88          0.66    82.66     0.65    0.71    0.96    0.20    0.91     86.90   6.23    85.94   78.11   0.81    853.00     4.16     91.37    0.48      0.51          0.00          1.64           96.72        
94   R0976-D2TS208_4     208     75.40    100.00  94    N/A       N/A        -0.13     N/A        54.23    N/A           26.64    43.84    2.589    3.648    124   0    0     0     80.65  91.94  N/A         N/A          0.10         N/A          91.94  84.816   1.85     7.92        15.4        121      2.3      1.68          0.61    79.44     0.60    0.66    0.96    0.20    0.92     95.90   6.23    87.08   79.11   0.82    836.70     2.69     87.64    0.33      1.02          2.75          0.82           90.16        
95   R0976-D2TS196_2     196     75.00    100.00  95    N/A       N/A        -0.16     N/A        53.42    N/A           30.12    44.72    2.622    3.493    124   9    0     0     83.06  92.74  N/A         N/A          0.24         N/A          92.74  85.24    1.86     8.02        16          122      2.2      2.09          0.63    87.50     0.62    0.73    0.95    0.19    0.93     51.20   6.11    88.26   77.34   0.82    866.90     3.20     89.95    0.43      2.04          2.75          4.92           76.23        
96   R0976-D2TS270_5     270     75.00    100.00  95    N/A       N/A        -0.16     N/A        54.03    N/A           36.60    50.59    2.322    2.995    124   0    0     0     79.84  91.13  N/A         N/A          0.06         N/A          91.13  82.555   1.79     7.82        17.4        123      2.4      1.72          0.69    90.32     0.70    0.76    0.97    0.12    0.93     91.00   6.23    90.46   83.54   0.82    932.90     1.91     N/A      0.50      1.02          2.75          1.64           88.52        
97   R0976-D2TS359_2     359s    75.00    100.00  95    N/A       N/A        -0.16     -1.61      53.42    N/A           30.12    44.72    2.622    3.493    124   9    0     0     83.06  92.74  N/A         N/A          0.24         -0.22        92.74  85.24    1.86     8.02        16          122      2.2      2.09          0.63    87.50     0.62    0.73    0.95    0.19    0.93     51.20   6.11    88.26   77.34   0.82    866.90     3.20     89.95    0.43      2.04          2.75          4.92           76.23        
98   R0976-D2TS431_2     431     73.39    100.00  98    N/A       N/A        -0.27     N/A        56.05    N/A           34.05    46.24    4.179    4.916    124   0    0     0     79.03  84.68  N/A         N/A          0.02         N/A          84.68  81.36    1.77     7.12        16          113      2.1      0.83          0.68    85.08     0.68    0.72    0.91    0.16    0.88     88.80   6.11    85.26   81.64   0.78    865.10     2.42     84.46    0.46      0.00          2.75          0.00           98.36        
99   R0976-D2TS208_2     208     73.39    100.00  98    N/A       N/A        -0.27     N/A        54.23    N/A           26.79    42.95    4.013    4.947    124   0    0     0     73.39  83.87  N/A         N/A          -0.29        N/A          86.29  80.872   1.70     6.82        14.6        114      2.2      1.74          0.59    70.97     0.59    0.63    0.89    0.34    0.88     92.50   5.86    83.61   75.55   0.77    795.90     6.21     83.67    0.33      0.51          3.67          3.28           86.07        
100  R0976-D2TS270_2     270     73.19    100.00  100   N/A       N/A        -0.29     N/A        52.82    N/A           33.68    46.98    2.387    3.072    124   0    0     0     77.42  91.13  N/A         N/A          -0.07        N/A          91.13  83.079   1.91     7.52        17          123      2.4      1.42          0.68    90.32     0.69    0.75    0.97    0.13    0.92     96.90   6.23    90.73   83.28   0.81    917.60     2.10     N/A      0.48      0.00          3.67          1.64           91.80        
101  R0976-D2TS208_3     208     72.98    100.00  101   N/A       N/A        -0.30     N/A        55.24    N/A           26.42    43.48    3.779    4.747    124   0    0     0     75.00  87.10  N/A         N/A          -0.21        N/A          87.10  79.71    1.98     6.62        14.4        118      2.4      1.34          0.58    70.56     0.60    0.62    0.90    0.30    0.89     80.20   5.73    80.66   74.71   0.77    786.80     5.97     84.29    0.35      0.00          1.83          2.46           86.07        
102  R0976-D2TS112_3     112     72.58    100.00  102   N/A       N/A        -0.33     N/A        54.44    N/A           30.27    37.86    4.4      5.282    124   1    0     0     70.16  83.06  N/A         N/A          -0.47        N/A          83.06  69.321   2.12     7.02        14.4        119      3.2      1.48          0.65    81.05     0.66    0.72    0.91    0.23    0.88     93.60   5.86    84.84   76.47   0.72    789.20     5.43     90.28    0.49      0.51          1.83          1.64           87.70        
103  R0976-D2TS112_5     112     72.58    100.00  102   N/A       N/A        -0.33     N/A        51.41    N/A           32.74    45.98    3.049    3.836    124   1    0     0     75.00  89.52  N/A         N/A          -0.21        N/A          89.52  82.152   1.70     7.32        16.1        120      2.9      1.47          0.66    86.69     0.66    0.74    0.96    0.19    0.91     96.10   6.11    86.79   77.85   0.79    869.20     4.23     93.35    0.46      0.00          4.59          2.46           92.62        
104  R0976-D2TS112_4     112     72.18    100.00  104   N/A       N/A        -0.36     N/A        55.44    N/A           32.08    37.93    4.37     5.163    124   1    0     0     70.97  82.26  N/A         N/A          -0.43        N/A          82.26  66.397   1.99     6.82        14.3        118      3.3      1.76          0.66    81.45     0.66    0.71    0.91    0.23    0.88     89.90   5.86    84.76   76.08   0.72    783.50     5.58     89.97    0.49      1.02          4.59          1.64           92.62        
105  R0976-D2TS281_2     281     71.17    100.00  105   N/A       N/A        -0.43     N/A        50.60    N/A           27.47    43.12    3.474    4.363    124   0    0     0     71.77  83.87  N/A         N/A          -0.38        N/A          83.87  79.09    1.85     6.72        14.9        117      2.6      2.58          0.63    75.81     0.61    0.70    0.90    0.26    0.90     93.50   5.99    84.01   79.15   0.76    813.10     3.90     81.01    0.36      19.88         4.59          0.00           95.90        
106  R0976-D2TS281_3     281     70.97    100.00  106   N/A       N/A        -0.44     N/A        50.60    N/A           28.37    44.91    4.194    5.049    124   0    0     0     75.00  83.87  N/A         N/A          -0.21        N/A          83.87  76.744   1.77     7.02        15.6        117      3.1      2.70          0.64    79.84     0.63    0.72    0.93    0.22    0.89     91.50   6.11    85.55   81.87   0.77    845.60     2.95     82.02    0.38      27.01         4.59          0.00           95.90        
107  R0976-D2TS208_1     208     70.16    100.00  107   -0.47     N/A        -0.50     N/A        52.22    N/A           27.36    41.31    4.167    5.013    124   0    0     0     69.35  84.68  -0.52       N/A          -0.52        N/A          85.48  79.085   1.82     6.92        14.5        116      2.4      1.29          0.58    66.53     0.60    0.61    0.90    0.34    0.87     84.30   5.86    79.55   73.32   0.74    793.30     6.35     80.36    0.38      0.00          1.83          2.46           88.52        
108  R0976-D2TS112_1     112     69.96    100.00  108   -0.48     N/A        -0.51     N/A        52.02    N/A           28.97    35.51    4.447    5.263    124   1    0     0     68.55  82.26  -0.56       N/A          -0.56        N/A          82.26  66.743   2.16     6.22        14.3        119      3.2      1.60          0.66    82.26     0.65    0.72    0.89    0.23    0.88     89.60   5.86    84.71   75.59   0.70    784.20     6.14     88.64    0.47      0.51          3.67          2.46           91.80        
109  R0976-D2TS281_1     281     69.56    100.00  109   -0.51     N/A        -0.54     N/A        49.20    N/A           25.74    42.77    3.984    4.801    124   0    0     0     70.97  79.03  -0.42       N/A          -0.43        N/A          87.10  79.506   1.80     7.02        15.5        115      2.3      2.47          0.62    74.19     0.61    0.68    0.89    0.28    0.88     91.50   5.99    85.30   79.25   0.74    841.00     4.27     78.77    0.37      19.88         2.75          0.00           95.08        
110  R0976-D2TS359_1     359s    69.36    100.00  110   -0.53     -1.90      -0.56     -2.88      47.18    -1.90         26.94    40.06    2.986    3.784    124   12   0     0     75.81  91.13  -0.15       -1.35        -0.16        -1.77        91.13  73.968   2.00     7.62        14.2        122      2.5      2.33          0.60    84.27     0.60    0.71    0.92    0.24    0.91     41.60   6.11    85.56   73.36   0.78    776.70     3.87     87.48    0.40      2.04          5.50          5.74           75.41        
111  R0976-D2TS196_1     196     69.36    100.00  110   -0.53     N/A        -0.56     N/A        47.18    N/A           26.94    40.06    2.986    3.784    124   12   0     0     75.81  91.13  -0.15       N/A          -0.16        N/A          91.13  73.968   2.00     7.62        14.2        122      2.5      2.33          0.60    84.27     0.60    0.71    0.92    0.24    0.91     41.60   6.11    85.56   73.36   0.78    776.70     3.87     87.48    0.40      2.04          5.50          5.74           75.41        
112  R0976-D2TS112_2     112     68.95    100.00  112   N/A       N/A        -0.59     N/A        50.81    N/A           28.44    34.66    4.506    5.307    124   1    0     0     62.90  79.03  N/A         N/A          -0.87        N/A          79.03  60.385   2.16     6.13        13.9        119      3.3      1.50          0.65    81.45     0.65    0.71    0.90    0.21    0.87     91.00   5.86    85.26   75.73   0.69    765.30     5.67     87.40    0.47      0.51          2.75          0.82           91.80        
113  R0976-D2TS195_1     195     65.73    100.00  113   -0.79     N/A        -0.81     N/A        44.76    N/A           24.65    36.03    3.843    4.558    124   0    0     0     62.90  77.42  -0.89       N/A          -0.87        N/A          79.03  67.534   1.91     6.92        12.4        113      2.7      0.84          0.58    70.16     0.60    0.64    0.89    0.29    0.88     92.70   6.11    80.87   68.30   0.72    693.40     10.60    N/A      0.41      0.00          0.92          1.64           95.08        
114  R0976-D2TS431_1     431     64.92    100.00  114   -0.85     N/A        -0.87     N/A        47.78    N/A           22.23    31.74    5.371    5.932    124   0    0     0     62.10  76.61  -0.93       N/A          -0.91        N/A          80.65  66.298   2.00     6.62        12.6        108      2.4      1.44          0.59    72.18     0.63    0.63    0.78    0.36    0.83     78.70   5.99    87.79   76.14   0.67    702.40     9.34     76.92    0.38      0.51          2.75          0.00           93.44        
115  R0976-D2TS431_4     431     50.00    100.00  115   N/A       N/A        -1.93     N/A        35.69    N/A           19.92    27.23    8.857    9.414    124   0    0     0     47.58  56.45  N/A         N/A          -1.71        N/A          62.10  49.712   1.80     4.03        8.1         95       4.2      0.91          0.49    56.85     0.60    0.53    0.57    0.82    0.74     86.40   4.89    67.10   68.14   0.54    487.40     37.22    62.90    0.32      0.00          1.83          0.82           96.72        
116  R0976-D2TS431_3     431     44.56    100.00  116   N/A       N/A        -2.31     N/A        28.63    N/A           15.05    21.15    9.423    9.999    124   0    0     0     37.90  57.26  N/A         N/A          -2.24        N/A          62.10  44.333   2.30     3.33        7.6         98       4.2      0.78          0.47    51.61     0.56    0.50    0.52    0.94    0.69     78.60   4.25    64.20   61.35   0.49    460.30     41.94    61.57    0.27      0.00          0.00          0.00           95.90        
117  R0976-D2TS288_2     288     18.14    100.00  117   N/A       N/A        -4.18     N/A        9.88     N/A           0.00     3.01     15.954   17.193   124   0    0     0     0.00   0.00   N/A         N/A          -4.33        N/A          64.52  41.595   2.46     3.83        5.1         93       3.8      4.82          0.07    2.42      0.35    -0.20   0.09    2.28    0.50     49.90   4.42    26.65   31.82   0.19    334.60     195.39   51.33    0.07      282.78        47.71         4.92           86.07        
118  R0976-D2TS288_4     288     17.94    100.00  118   N/A       N/A        -4.20     N/A        10.89    N/A           1.40     5.84     15.128   16.667   124   0    0     0     0.00   0.00   N/A         N/A          -4.33        N/A          58.87  36.865   2.50     2.93        3.4         84       3.8      4.90          0.07    1.61      0.37    -0.20   0.10    2.18    0.49     46.30   3.70    28.59   29.98   0.20    263.30     145.03   52.40    0.07      308.88        41.28         6.56           80.33        
119  R0976-D2TS288_3     288     17.34    100.00  119   N/A       N/A        -4.24     N/A        10.48    N/A           1.03     3.94     15.698   17.06    124   0    0     0     0.00   0.00   N/A         N/A          -4.33        N/A          62.90  39.587   2.56     3.23        5.4         93       3.7      4.98          0.07    2.02      0.35    -0.20   0.08    2.37    0.50     39.90   4.74    30.42   31.85   0.19    352.20     213.71   56.13    0.06      312.08        54.13         6.56           81.15        
120  R0976-D2TS288_5     288     16.53    100.00  120   N/A       N/A        -4.30     N/A        9.28     N/A           0.60     3.94     15.958   17.241   124   0    0     0     0.00   0.00   N/A         N/A          -4.33        N/A          54.03  35.338   2.55     3.03        3.8         85       3.8      5.06          0.07    1.61      0.35    -0.20   0.09    2.29    0.49     45.70   3.50    25.13   29.33   0.20    278.60     156.70   57.18    0.06      324.60        61.47         4.10           79.51        
121  R0976-D2TS288_1     288     15.12    100.00  121   -4.43     N/A        -4.40     N/A        9.88     N/A           0.20     5.31     16.809   18.191   124   0    0     0     0.00   0.00   -4.49       N/A          -4.33        N/A          58.06  38.236   2.50     3.43        4.7         85       3.1      4.91          0.07    1.61      0.35    -0.20   0.06    2.40    0.47     51.70   4.74    24.66   29.75   0.18    290.50     198.11   61.13    0.07      322.18        41.28         5.74           81.15        

