#    Model               GR#     GDT_TS   NP_P    RANK  Z-M1-GDT  Z-M1s-GDT  Z-MA-GDT  Z-MAs-GDT  GDT_HA   Z-M1s-GDT-HA  GDC_SC   GDC_ALL  RMS_CA   RMS_ALL  NP    err  PC01  PC05  AL0_P  AL4_P  Z-M1-AL0_p  Z-M1s-AL0_p  Z-MA-AL0_p   Z-MAs-AL0_p  ALI_P  LGA_S    RMSD[L]  Z-score[M]  Z-Score[D]  Al.Res.  RMSD[D]  MolPrb_Score  LDDT    SphGr     CAD_AA  RPF     CODM    DFM     Handed.  SOV     CE      QCS     CONTS   TMscore  Dali(raw)  FlexE    QSE      CAD_SS    MolPrb_clash  MolPrb_rotout  MolPrb_ramout  MolPrb_ramfv 

-    starting_model      -       75.00    -       -     -         -          -         -          54.54    -             31.51    -        2.70     3.57     -     -    -     -     -      -      -           -            -            -            -      -        -        9.40        20.40       198      2.30     3.28          0.65    78.19     0.63    0.71    0.96    0.25    0.93     84.60   7.02    87.99   82.00   0.86     1648.00    3.40     24.97    0.41      83.64         3.30          2.97           91.58        

1    R0977-D2TS425_1     425     79.53    100.00  1     1.02      N/A        1.11      N/A        59.56    N/A           35.89    54.47    3.674    4.253    204   0    0     0     86.27  90.69  0.96        N/A          0.94         N/A          90.69  86.788   1.51     9.68        22.5        201      3.5      0.70          0.70    85.05     0.69    0.75    0.97    0.17    0.94     96.90   7.13    90.60   86.38   0.89    1799.90    2.27     N/A      0.48      0.61          0.00          0.00           98.02        
2    R0977-D2TS425_5     425     79.04    100.00  2     N/A       N/A        1.05      N/A        58.21    N/A           35.05    52.95    3.731    4.336    204   0    0     0     83.33  89.71  N/A         N/A          0.70         N/A          89.71  86.416   1.53     9.75        21.3        201      3.6      0.94          0.67    84.31     0.66    0.73    0.97    0.18    0.93     83.10   7.02    89.90   84.40   0.88    1713.80    2.42     N/A      0.48      0.91          0.55          0.00           97.03        
3    R0977-D2TS390_1     390     78.31    100.00  3     0.90      N/A        0.96      N/A        58.58    N/A           35.80    51.90    2.834    3.742    204   0    0     0     80.88  88.24  0.56        N/A          0.50         N/A          88.24  85.709   1.58     9.47        21.1        198      2.4      1.25          0.67    79.41     0.65    0.72    0.96    0.23    0.93     90.40   7.02    86.63   82.78   0.87    1696.80    3.66     76.71    0.45      1.82          0.00          0.99           95.54        
4    R0977-D2TS086_5     086     78.06    100.00  4     N/A       N/A        0.93      N/A        57.97    N/A           33.49    50.57    3.777    4.562    204   0    0     0     81.86  89.22  N/A         N/A          0.58         N/A          89.22  85.989   1.58     9.54        21.7        198      2.3      0.50          0.66    77.94     0.66    0.71    0.95    0.21    0.93     94.60   7.02    88.41   83.93   0.87    1744.30    3.14     N/A      0.45      0.00          0.00          0.00           98.51        
5    R0977-D2TS086_4     086     77.70    100.00  5     N/A       N/A        0.89      N/A        57.11    N/A           34.24    50.98    3.754    4.451    204   0    0     0     81.86  89.71  N/A         N/A          0.58         N/A          89.71  86.227   1.56     9.54        22.2        202      3.5      0.78          0.67    78.43     0.65    0.72    0.97    0.18    0.94     99.50   7.13    89.98   84.57   0.87    1775.40    2.42     N/A      0.43      0.91          0.00          0.00           99.01        
6    R0977-D2TS425_4     425     77.57    100.00  6     N/A       N/A        0.87      N/A        56.74    N/A           31.75    50.71    3.709    4.348    204   0    0     0     84.80  91.18  N/A         N/A          0.82         N/A          91.18  85.645   1.54     9.68        21.4        201      3.6      0.67          0.67    83.33     0.66    0.73    0.97    0.19    0.93     91.80   7.02    90.18   85.47   0.88    1720.50    2.37     N/A      0.44      0.00          0.00          0.00           97.03        
7    R0977-D2TS156_5     156s    77.57    100.00  6     N/A       N/A        0.87      1.29       58.09    N/A           32.23    51.20    3.908    4.646    204   0    0     0     83.82  89.71  N/A         N/A          0.74         1.22         89.71  84.105   1.68     9.54        20.9        194      2.1      0.81          0.66    80.88     0.66    0.70    0.93    0.24    0.93     83.70   6.92    88.34   83.35   0.87    1681.00    2.87     90.61    0.44      0.00          0.00          0.00           95.54        
8    R0977-D2TS086_1     086     77.57    100.00  6     0.82      N/A        0.87      N/A        57.23    N/A           34.67    51.32    3.672    4.213    204   0    0     0     82.35  89.71  0.66        N/A          0.62         N/A          89.71  85.971   1.69     9.61        21.5        198      2.2      0.89          0.67    82.35     0.66    0.73    0.97    0.18    0.93     94.40   7.02    90.15   84.33   0.88    1726.40    2.54     N/A      0.46      1.51          0.00          0.00           98.51        
9    R0977-D2TS390_3     390     77.33    100.00  9     N/A       N/A        0.84      N/A        57.35    N/A           34.17    50.25    2.683    3.634    204   0    0     0     81.86  88.73  N/A         N/A          0.58         N/A          88.73  85.55    1.57     9.68        20.8        198      2.3      1.41          0.66    77.70     0.65    0.71    0.96    0.25    0.93     89.70   7.02    87.73   82.19   0.87    1679.00    3.40     76.59    0.45      2.12          0.00          0.50           93.56        
10   R0977-D2TS086_3     086     77.08    100.00  10    N/A       N/A        0.81      N/A        57.11    N/A           32.45    50.04    3.581    4.156    204   0    0     0     83.33  91.67  N/A         N/A          0.70         N/A          91.67  85.017   1.63     9.68        21.5        198      2.1      0.98          0.68    83.09     0.67    0.73    0.97    0.17    0.94     100.00  7.02    90.90   84.44   0.88    1727.50    2.45     N/A      0.46      2.12          0.00          0.99           98.02        
11   R0977-D2TS086_2     086     76.96    100.00  11    N/A       N/A        0.79      N/A        55.76    N/A           34.33    50.66    3.729    4.362    204   0    0     0     82.84  89.71  N/A         N/A          0.66         N/A          89.71  85.808   1.58     9.61        21.8        198      2.1      0.78          0.68    81.86     0.67    0.74    0.97    0.18    0.93     100.00  7.02    89.80   85.05   0.87    1745.90    2.68     N/A      0.45      0.91          0.00          0.00           99.50        
12   R0977-D2TS208_2     208     76.84    100.00  12    N/A       N/A        0.78      N/A        55.27    N/A           28.01    46.63    2.559    3.575    204   0    0     0     82.35  89.22  N/A         N/A          0.62         N/A          89.22  85.302   1.69     9.33        20.6        200      2.2      1.48          0.62    75.98     0.62    0.66    0.97    0.24    0.93     77.70   7.02    89.47   81.60   0.87    1657.60    3.41     87.73    0.38      0.61          1.65          1.49           87.62        
13   R0977-D2TS356_1     356     76.72    100.00  13    0.73      N/A        0.76      N/A        57.23    N/A           32.62    51.24    2.612    3.556    204   0    0     0     83.33  89.71  0.74        N/A          0.70         N/A          89.71  85.559   1.66     9.61        21.2        199      2.2      0.87          0.66    78.19     0.65    0.70    0.96    0.23    0.93     81.80   7.02    88.60   83.23   0.88    1702.80    3.35     57.86    0.42      0.00          0.55          2.48           94.55        
14   R0977-D2TS156_3     156s    76.72    100.00  13    N/A       N/A        0.76      1.08       57.35    N/A           34.56    52.20    3.884    4.574    204   0    0     0     83.33  89.71  N/A         N/A          0.70         1.11         89.71  84.748   1.63     9.47        21          192      1.9      1.08          0.68    81.62     0.68    0.72    0.96    0.21    0.93     84.20   7.02    89.92   84.48   0.87    1687.90    2.46     90.33    0.48      0.91          0.00          0.00           95.54        
15   R0977-D2TS068_2     068     76.72    100.00  13    N/A       N/A        0.76      N/A        57.72    N/A           35.27    52.22    4.455    5.037    204   0    0     0     84.31  89.22  N/A         N/A          0.78         N/A          89.22  84.716   1.57     9.47        21.3        195      2.1      0.80          0.68    80.39     0.68    0.72    0.95    0.26    0.92     84.30   7.02    89.35   84.16   0.87    1713.20    2.41     90.97    0.48      0.61          0.55          0.00           97.52        
16   R0977-D2TS156_1     156s    76.59    100.00  16    0.72      1.05       0.75      1.04       56.38    1.05          31.72    50.67    3.571    4.305    204   0    0     0     83.82  88.73  0.77        1.22         0.74         1.22         88.73  84.051   1.59     9.47        20.6        194      2.1      0.92          0.67    79.90     0.67    0.70    0.95    0.23    0.93     77.50   7.02    88.27   83.62   0.86    1657.40    3.17     90.16    0.47      0.30          0.55          0.50           95.54        
17   R0977-D2TS344_1     344     76.59    100.00  16    0.72      N/A        0.75      N/A        55.88    N/A           30.43    48.81    2.617    3.641    204   18   0     0     84.31  88.24  0.81        N/A          0.78         N/A          88.24  85.673   1.68     9.68        20.8        199      2.2      1.84          0.65    78.43     0.62    0.70    0.97    0.23    0.93     91.80   7.02    88.66   82.35   0.87    1677.90    3.64     88.97    0.42      2.42          1.65          3.96           85.15        
18   R0977-D2TS356_2     356     76.47    100.00  18    N/A       N/A        0.73      N/A        55.27    N/A           35.59    50.52    2.589    3.495    204   0    0     0     83.82  89.22  N/A         N/A          0.74         N/A          89.22  84.215   1.68     9.61        21          200      2.3      0.92          0.68    78.68     0.66    0.71    0.96    0.24    0.93     89.30   7.02    87.40   81.65   0.87    1691.50    3.45     89.71    0.44      0.00          0.00          1.98           93.56        
19   R0977-D2TS390_2     390     76.47    100.00  18    N/A       N/A        0.73      N/A        57.11    N/A           35.23    51.48    2.789    3.692    204   0    0     0     80.39  87.25  N/A         N/A          0.46         N/A          87.25  85.118   1.59     9.47        21.2        198      2.3      1.15          0.67    81.13     0.65    0.73    0.96    0.24    0.93     89.30   7.02    87.31   82.70   0.87    1703.70    3.53     78.47    0.47      0.61          0.00          0.99           93.07        
20   R0977-D2TS068_5     068     76.47    100.00  18    N/A       N/A        0.73      N/A        57.11    N/A           33.80    50.82    4.891    5.367    204   0    0     0     83.33  89.71  N/A         N/A          0.70         N/A          89.71  84.694   1.71     9.75        21.2        195      2.1      0.67          0.68    82.35     0.68    0.72    0.93    0.27    0.93     81.60   7.02    90.18   84.95   0.87    1706.50    2.18     90.77    0.47      0.00          0.55          0.50           97.03        
21   R0977-D2TS190_1     190     76.47    100.00  18    0.71      N/A        0.73      N/A        56.13    N/A           33.29    50.35    2.846    3.674    204   0    0     0     78.92  87.25  0.41        N/A          0.34         N/A          87.25  84.5     1.63     9.47        20.3        198      2.3      2.24          0.65    75.49     0.63    0.70    0.96    0.24    0.93     81.90   7.02    86.46   79.98   0.86    1637.10    4.05     39.51    0.43      10.91         2.20          1.49           93.56        
22   R0977-D2TS068_4     068     76.35    100.00  22    N/A       N/A        0.72      N/A        56.99    N/A           34.70    50.96    4.849    5.324    204   0    0     0     84.80  88.73  N/A         N/A          0.82         N/A          88.73  84.473   1.69     9.82        21.3        196      2.3      0.77          0.68    83.33     0.68    0.73    0.94    0.26    0.92     85.20   7.02    90.60   84.72   0.87    1709.40    2.39     90.80    0.49      0.00          0.00          1.49           96.04        
23   R0977-D2TS425_3     425     76.35    100.00  22    N/A       N/A        0.72      N/A        55.02    N/A           31.26    49.96    3.732    4.394    204   0    0     0     83.82  91.18  N/A         N/A          0.74         N/A          91.18  85.126   1.61     9.68        21.2        200      3.6      1.16          0.66    82.35     0.65    0.72    0.97    0.20    0.93     89.50   7.02    90.40   84.40   0.87    1704.80    2.47     N/A      0.46      1.51          0.00          0.00           96.04        
24   R0977-D2TS425_2     425     76.22    100.00  24    N/A       N/A        0.70      N/A        55.15    N/A           32.98    50.56    3.745    4.32     204   0    0     0     84.31  90.69  N/A         N/A          0.78         N/A          90.69  84.879   1.60     9.75        21.5        201      3.6      0.61          0.67    83.58     0.66    0.73    0.97    0.19    0.93     96.70   7.02    90.62   85.05   0.87    1725.20    2.40     N/A      0.46      0.30          0.00          0.00           99.01        
25   R0977-D2TS102_5     102s    75.98    100.00  25    N/A       N/A        0.67      0.89       55.03    N/A           31.83    49.04    2.718    3.672    204   0    0     0     82.35  87.75  N/A         N/A          0.62         0.91         87.75  84.009   1.67     9.47        20.6        198      2.3      1.38          0.66    77.45     0.64    0.70    0.96    0.26    0.93     89.70   7.02    87.62   81.81   0.86    1662.90    3.46     72.55    0.45      1.51          0.00          0.50           92.08        
26   R0977-D2TS460_5     460     75.86    100.00  26    N/A       N/A        0.66      N/A        54.17    N/A           32.11    49.03    2.68     3.561    204   3    0     0     81.86  88.73  N/A         N/A          0.58         N/A          88.73  84.041   1.72     9.47        20.5        198      2.3      2.56          0.65    78.43     0.64    0.70    0.96    0.24    0.93     81.70   7.02    87.26   81.24   0.87    1650.50    3.73     86.78    0.43      9.10          5.49          3.47           91.09        
27   R0977-D2TS460_2     460     75.86    100.00  26    N/A       N/A        0.66      N/A        54.41    N/A           32.52    49.23    2.673    3.557    204   3    0     0     81.37  89.22  N/A         N/A          0.54         N/A          89.22  84.038   1.67     9.47        20.5        198      2.3      2.61          0.65    78.68     0.64    0.70    0.96    0.24    0.93     81.70   7.02    87.34   81.44   0.87    1654.70    3.71     86.72    0.43      9.40          6.04          3.47           91.09        
28   R0977-D2TS460_4     460     75.73    100.00  28    N/A       N/A        0.64      N/A        54.41    N/A           32.49    49.39    2.667    3.553    204   3    0     0     81.86  89.22  N/A         N/A          0.58         N/A          89.22  83.954   1.67     9.47        20.6        198      2.3      2.69          0.65    78.68     0.63    0.71    0.96    0.24    0.93     81.70   7.02    87.34   81.52   0.87    1661.60    3.71     86.67    0.43      10.92         6.04          3.47           90.10        
29   R0977-D2TS390_5     390     75.73    100.00  28    N/A       N/A        0.64      N/A        55.15    N/A           33.06    49.05    2.841    3.773    204   0    0     0     80.39  89.22  N/A         N/A          0.46         N/A          89.22  83.931   1.64     9.40        20.5        198      2.4      1.37          0.66    78.43     0.65    0.71    0.96    0.23    0.93     85.70   7.02    87.30   82.05   0.86    1656.50    3.74     77.11    0.45      2.42          0.00          0.99           95.05        
30   R0977-D2TS460_1     460     75.73    100.00  28    0.63      N/A        0.64      N/A        54.29    N/A           32.50    49.34    2.669    3.554    204   3    0     0     81.86  89.22  0.63        N/A          0.58         N/A          89.22  84.004   1.67     9.47        20.6        198      2.3      2.60          0.65    78.68     0.63    0.71    0.96    0.24    0.93     81.70   7.02    87.36   81.48   0.87    1657.80    3.71     86.77    0.43      9.10          6.04          3.47           91.09        
31   R0977-D2TS460_3     460     75.73    100.00  28    N/A       N/A        0.64      N/A        54.17    N/A           32.53    49.36    2.663    3.549    204   3    0     0     81.86  89.22  N/A         N/A          0.58         N/A          89.22  84.066   1.67     9.54        20.6        198      2.2      2.72          0.65    78.68     0.63    0.71    0.96    0.24    0.93     82.70   7.02    87.36   81.61   0.87    1664.20    3.71     86.75    0.43      12.13         6.04          3.47           90.59        
32   R0977-D2TS270_3     270     75.61    100.00  32    N/A       N/A        0.63      N/A        55.64    N/A           32.09    48.10    2.771    3.642    204   0    0     0     80.39  87.75  N/A         N/A          0.46         N/A          87.75  83.44    1.68     9.19        20.3        199      2.4      1.90          0.64    77.70     0.64    0.70    0.96    0.25    0.93     80.80   7.02    87.80   81.24   0.86    1641.00    3.64     N/A      0.45      2.12          2.75          1.98           88.61        
33   R0977-D2TS156_4     156s    75.61    100.00  32    N/A       N/A        0.63      0.79       55.52    N/A           33.77    50.23    5.185    5.688    204   0    0     0     83.82  89.71  N/A         N/A          0.74         1.22         89.71  84.271   1.67     9.68        21          194      2        0.84          0.67    81.13     0.67    0.71    0.92    0.30    0.92     84.50   7.02    90.40   84.71   0.86    1688.80    2.36     90.84    0.46      0.00          0.55          0.00           95.05        
34   R0977-D2TS190_5     190     75.49    100.00  34    N/A       N/A        0.61      N/A        55.27    N/A           33.17    50.01    2.869    3.688    204   0    0     0     80.88  88.73  N/A         N/A          0.50         N/A          88.73  83.627   1.64     9.54        20.3        198      2.4      2.49          0.65    78.19     0.63    0.70    0.96    0.24    0.93     85.50   7.02    87.34   80.64   0.86    1640.00    3.68     38.13    0.42      13.94         3.30          4.46           93.07        
35   R0977-D2TS156_2     156s    75.37    100.00  35    N/A       N/A        0.60      0.73       55.27    N/A           30.59    49.66    4.747    5.378    204   0    0     0     83.82  88.24  N/A         N/A          0.74         1.22         88.24  83.191   1.60     9.33        20.3        195      2.4      0.90          0.65    78.68     0.65    0.69    0.94    0.27    0.92     84.40   6.92    88.46   82.93   0.86    1636.40    2.81     89.61    0.43      0.00          0.55          0.50           94.06        
36   R0977-D2TS208_1     208     75.37    100.00  35    0.59      N/A        0.60      N/A        54.54    N/A           27.76    47.41    2.639    3.63     204   0    0     0     81.86  89.22  0.63        N/A          0.58         N/A          89.22  84.708   1.66     9.68        20.2        198      2.2      1.66          0.63    76.47     0.61    0.67    0.97    0.26    0.93     77.20   7.02    88.22   80.91   0.87    1632.80    3.33     87.24    0.39      0.30          2.75          4.46           81.68        
37   R0977-D2TS102_3     102s    75.25    100.00  37    N/A       N/A        0.58      0.70       55.52    N/A           33.12    48.66    2.783    3.731    204   0    0     0     80.88  88.73  N/A         N/A          0.50         0.60         88.73  83.799   1.68     9.54        20.7        198      2.3      1.31          0.66    78.92     0.64    0.70    0.96    0.24    0.93     89.30   7.02    85.88   81.83   0.86    1665.60    3.58     77.62    0.45      1.51          0.00          0.99           93.56        
38   R0977-D2TS190_2     190     75.12    100.00  38    N/A       N/A        0.57      N/A        54.29    N/A           32.96    48.25    2.716    3.586    204   0    0     0     81.86  87.75  N/A         N/A          0.58         N/A          87.75  81.343   1.73     9.40        20.5        199      2.4      2.55          0.66    78.68     0.65    0.70    0.96    0.25    0.93     88.10   7.02    87.78   81.64   0.86    1650.50    3.51     24.87    0.43      22.73         2.20          3.47           93.07        
39   R0977-D2TS208_4     208     75.12    100.00  38    N/A       N/A        0.57      N/A        54.29    N/A           28.80    46.16    2.793    3.841    204   0    0     0     79.41  88.24  N/A         N/A          0.38         N/A          88.24  83.249   1.75     9.47        19.8        200      2.5      1.88          0.62    73.53     0.60    0.65    0.96    0.25    0.92     70.70   7.02    86.53   80.01   0.86    1599.40    3.61     86.38    0.39      1.21          3.30          4.95           85.64        
40   R0977-D2TS390_4     390     75.12    100.00  38    N/A       N/A        0.57      N/A        54.17    N/A           34.39    48.80    2.808    3.725    204   0    0     0     79.41  87.75  N/A         N/A          0.38         N/A          87.75  84.215   1.65     9.61        20.5        198      2.3      1.34          0.65    78.92     0.64    0.70    0.96    0.24    0.92     85.70   7.02    86.76   81.91   0.86    1656.50    3.63     78.97    0.45      1.82          0.00          0.99           94.06        
41   R0977-D2TS457_5     457     75.12    100.00  38    N/A       N/A        0.57      N/A        54.54    N/A           31.08    47.24    2.712    3.587    204   0    0     0     80.39  88.73  N/A         N/A          0.46         N/A          88.73  81.851   1.77     9.47        20.4        198      2.3      3.57          0.65    77.94     0.63    0.71    0.96    0.25    0.93     83.50   7.02    87.74   81.62   0.86    1644.60    3.42     85.57    0.41      95.12         4.95          3.96           88.12        
42   R0977-D2TS174_4     174     75.00    100.00  42    N/A       N/A        0.55      N/A        54.54    N/A           31.51    47.63    2.697    3.573    204   0    0     0     80.88  88.73  N/A         N/A          0.50         N/A          88.73  81.897   1.75     9.40        20.4        198      2.3      3.28          0.65    78.19     0.63    0.71    0.96    0.25    0.93     84.60   7.02    87.99   82.00   0.86    1648.00    3.40     24.97    0.41      83.64         3.30          2.97           91.58        
43   R0977-D2TS174_3     174     75.00    100.00  42    N/A       N/A        0.55      N/A        54.91    N/A           30.50    47.04    2.731    3.618    204   0    0     0     80.88  87.75  N/A         N/A          0.50         N/A          87.75  83.147   1.90     9.40        20.6        198      2.3      2.19          0.65    77.94     0.63    0.71    0.96    0.25    0.93     87.10   7.02    88.08   82.28   0.86    1660.90    3.33     N/A      0.43      0.61          9.89          4.95           80.69        
44   R0977-D2TS431_5     431     75.00    100.00  42    N/A       N/A        0.55      N/A        54.54    N/A           31.84    48.54    2.76     3.751    204   0    0     0     81.86  88.73  N/A         N/A          0.58         N/A          88.73  81.647   1.74     9.33        20.1        199      2.4      1.89          0.65    77.45     0.64    0.68    0.96    0.26    0.93     90.40   7.02    86.65   80.51   0.86    1623.40    4.22     86.65    0.42      0.30          7.69          0.99           87.62        
45   R0977-D2TS190_3     190     74.88    100.00  45    N/A       N/A        0.54      N/A        54.29    N/A           31.86    49.36    2.83     3.614    204   0    0     0     80.39  89.22  N/A         N/A          0.46         N/A          89.22  83.871   1.68     9.61        20.1        198      2.3      2.29          0.65    76.96     0.63    0.69    0.96    0.26    0.92     89.00   7.02    86.56   79.94   0.86    1624.30    3.95     36.21    0.41      11.82         3.30          2.97           95.54        
46   R0977-D2TS270_1     270     74.88    100.00  45    0.54      N/A        0.54      N/A        54.41    N/A           32.84    47.69    2.817    3.71     204   0    0     0     77.94  85.78  0.34        N/A          0.26         N/A          85.78  80.905   1.74     9.26        19.8        198      2.4      1.76          0.63    76.72     0.64    0.69    0.96    0.26    0.92     84.60   7.02    87.06   79.68   0.86    1605.30    4.19     N/A      0.43      0.91          2.75          2.97           85.64        
47   R0977-D2TS344_4     344     74.63    100.00  47    N/A       N/A        0.51      N/A        54.05    N/A           27.31    45.74    2.621    3.631    204   0    0     0     85.29  91.18  N/A         N/A          0.86         N/A          91.18  82.118   1.74     9.75        19.9        200      2.3      1.37          0.63    77.94     0.62    0.69    0.96    0.23    0.92     84.70   7.02    86.48   79.39   0.87    1609.60    3.30     89.99    0.40      0.00          1.65          1.49           82.18        
48   R0977-D2TS174_5     174     74.63    100.00  47    N/A       N/A        0.51      N/A        53.06    N/A           29.01    47.03    2.818    3.732    204   0    0     0     80.88  87.75  N/A         N/A          0.50         N/A          87.75  81.463   1.69     9.40        19.6        198      2.3      2.27          0.63    76.22     0.63    0.69    0.95    0.29    0.92     75.20   6.92    86.22   80.38   0.86    1588.50    4.27     N/A      0.41      1.82          6.04          6.44           80.20        
49   R0977-D2TS102_2     102s    74.63    100.00  47    N/A       N/A        0.51      0.54       53.56    N/A           32.91    49.37    2.869    3.756    204   0    0     0     79.41  88.24  N/A         N/A          0.38         0.29         88.24  84.213   1.65     9.54        20.1        197      2.4      1.24          0.66    78.92     0.65    0.72    0.96    0.25    0.92     90.40   7.02    86.91   81.91   0.86    1624.70    3.79     76.70    0.45      1.21          0.00          0.50           94.06        
50   R0977-D2TS344_5     344     74.63    100.00  47    N/A       N/A        0.51      N/A        54.05    N/A           27.31    45.74    2.621    3.631    204   0    0     0     85.29  91.18  N/A         N/A          0.86         N/A          91.18  82.118   1.74     9.75        19.9        200      2.3      1.37          0.63    77.94     0.62    0.69    0.96    0.23    0.92     84.70   7.02    86.48   79.39   0.87    1609.60    3.30     89.99    0.40      0.00          1.65          1.49           82.18        
51   R0977-D2TS196_5     196     74.51    100.00  51    N/A       N/A        0.49      N/A        53.19    N/A           31.02    45.89    2.739    3.653    204   10   0     0     79.90  87.25  N/A         N/A          0.42         N/A          87.25  83.649   1.75     9.33        19.9        198      2.4      1.76          0.63    77.45     0.60    0.68    0.96    0.28    0.92     71.40   7.02    86.71   78.27   0.86    1606.30    3.97     88.41    0.42      0.91          2.20          4.95           80.69        
52   R0977-D2TS174_1     174     74.51    100.00  51    0.51      N/A        0.49      N/A        53.07    N/A           30.82    47.66    2.762    3.675    204   0    0     0     82.84  89.22  0.70        N/A          0.66         N/A          89.22  83.115   1.72     9.68        20.4        198      2.3      1.42          0.65    78.19     0.66    0.70    0.96    0.25    0.93     86.40   7.02    87.73   82.63   0.86    1643.40    3.31     N/A      0.46      4.85          0.55          0.50           97.03        
53   R0977-D2TS359_5     359s    74.51    100.00  51    N/A       N/A        0.49      0.51       53.19    N/A           31.02    45.89    2.739    3.653    204   10   0     0     79.90  87.25  N/A         N/A          0.42         0.40         87.25  83.649   1.75     9.33        19.9        198      2.4      1.76          0.63    77.45     0.60    0.68    0.96    0.28    0.92     71.40   7.02    86.71   78.27   0.86    1606.30    3.97     88.41    0.42      0.91          2.20          4.95           80.69        
54   R0977-D2TS102_1     102s    74.39    100.00  54    0.49      0.63       0.48      0.48       53.56    0.59          33.62    48.20    2.985    3.838    204   0    0     0     77.45  88.73  0.30        0.13         0.22         -0.12        88.73  76.473   1.77     9.40        20.2        198      2.6      1.43          0.66    78.68     0.65    0.71    0.96    0.25    0.92     89.10   6.92    85.53   81.24   0.85    1629.60    3.53     79.56    0.46      1.82          0.00          0.99           92.08        
55   R0977-D2TS068_3     068     74.39    100.00  54    N/A       N/A        0.48      N/A        56.25    N/A           33.98    49.62    4.842    5.448    204   0    0     0     82.35  87.25  N/A         N/A          0.62         N/A          87.25  82.585   1.65     9.26        20          191      2.1      0.88          0.66    75.73     0.65    0.69    0.92    0.31    0.92     83.00   6.81    82.96   81.80   0.85    1613.90    4.24     88.87    0.45      0.30          0.00          0.00           96.04        
56   R0977-D2TS174_2     174     74.14    100.00  56    N/A       N/A        0.45      N/A        53.44    N/A           30.34    46.85    2.759    3.649    204   0    0     0     81.86  89.22  N/A         N/A          0.58         N/A          89.22  83.156   1.68     9.68        20.4        198      2.3      1.45          0.64    78.92     0.65    0.70    0.96    0.24    0.93     82.60   7.02    88.34   82.50   0.86    1647.50    3.31     N/A      0.43      3.94          0.00          0.99           96.04        
57   R0977-D2TS102_4     102s    74.14    100.00  56    N/A       N/A        0.45      0.42       53.68    N/A           34.06    48.15    2.956    3.787    204   0    0     0     76.47  87.75  N/A         N/A          0.14         -0.32        87.75  80.523   1.75     9.12        20.1        200      2.6      1.17          0.65    78.68     0.64    0.71    0.96    0.27    0.92     88.70   6.92    86.32   81.32   0.85    1621.00    3.42     74.80    0.44      0.61          0.00          0.99           92.57        
58   R0977-D2TS208_5     208     73.90    100.00  58    N/A       N/A        0.42      N/A        53.06    N/A           29.46    46.59    3.051    4.059    204   0    0     0     78.43  85.29  N/A         N/A          0.30         N/A          85.29  81.543   1.63     9.05        19.1        197      2.7      1.54          0.61    72.30     0.62    0.66    0.95    0.32    0.92     81.30   6.92    82.69   78.68   0.85    1548.50    4.53     85.57    0.37      1.21          1.10          4.95           84.16        
59   R0977-D2TS117_1     117     73.78    100.00  59    0.43      N/A        0.40      N/A        51.72    N/A           22.69    42.33    2.65     3.683    204   2    0     0     78.43  89.22  0.37        N/A          0.30         N/A          89.22  82.504   1.81     9.47        19.7        198      2.3      4.35          0.58    73.53     0.56    0.67    0.96    0.27    0.92     78.40   7.02    86.00   79.65   0.86    1596.90    3.85     87.40    0.33      98.18         27.47         11.88          74.75        
60   R0977-D2TS068_1     068     73.53    100.00  60    0.40      N/A        0.37      N/A        53.68    N/A           31.01    48.13    4.051    4.826    204   0    0     0     79.90  88.73  0.48        N/A          0.42         N/A          88.73  83.011   1.69     9.33        19.5        194      2.2      0.88          0.64    74.27     0.64    0.67    0.90    0.32    0.92     82.80   6.92    87.64   81.95   0.85    1578.10    3.49     89.21    0.42      0.30          0.00          0.00           96.04        
61   R0977-D2TS270_5     270     73.53    100.00  60    N/A       N/A        0.37      N/A        52.70    N/A           32.08    47.66    3.198    3.992    204   0    0     0     82.35  88.24  N/A         N/A          0.62         N/A          88.24  81.854   1.71     9.40        20.1        197      2.7      1.96          0.62    77.94     0.64    0.70    0.95    0.27    0.92     86.20   7.02    86.23   80.91   0.85    1624.30    4.42     N/A      0.44      1.82          3.85          2.48           89.11        
62   R0977-D2TS208_3     208     73.53    100.00  60    N/A       N/A        0.37      N/A        52.82    N/A           27.92    44.32    2.754    3.783    204   0    0     0     79.90  88.73  N/A         N/A          0.42         N/A          88.73  82.829   1.79     9.61        19.5        200      2.4      2.77          0.59    73.28     0.61    0.64    0.96    0.31    0.92     77.10   7.02    87.49   78.64   0.85    1576.70    3.94     86.61    0.37      10.30         4.95          7.43           82.18        
63   R0977-D2TS117_2     117     73.28    100.00  63    N/A       N/A        0.34      N/A        51.84    N/A           24.16    44.27    2.84     3.736    204   2    0     0     78.43  88.24  N/A         N/A          0.30         N/A          88.24  81.013   1.76     9.33        19.7        198      2.5      4.22          0.61    77.21     0.59    0.69    0.96    0.27    0.92     82.70   6.92    86.08   80.53   0.85    1597.10    3.84     87.84    0.37      100.91        23.63         9.41           81.68        
64   R0977-D2TS190_4     190     73.16    100.00  64    N/A       N/A        0.32      N/A        51.84    N/A           30.15    46.68    2.933    3.75     204   0    0     0     78.43  86.27  N/A         N/A          0.30         N/A          86.27  79.798   1.71     8.98        19.2        198      2.5      2.40          0.63    75.73     0.62    0.68    0.96    0.26    0.92     84.00   7.02    85.82   78.64   0.85    1560.10    4.33     43.75    0.40      13.03         2.75          3.96           93.07        
65   R0977-D2TS288_2     288     72.92    100.00  65    N/A       N/A        0.30      N/A        51.84    N/A           24.93    44.74    4.36     5.165    204   0    0     0     80.88  88.73  N/A         N/A          0.50         N/A          88.73  81.072   1.68     9.40        19.1        199      4.2      1.46          0.60    70.10     0.59    0.63    0.96    0.27    0.92     82.60   6.92    85.55   78.96   0.85    1550.60    4.05     87.20    0.34      0.30          2.20          2.48           88.61        
66   R0977-D2TS359_4     359s    72.92    100.00  65    N/A       N/A        0.30      0.10       51.59    N/A           29.80    44.63    2.797    3.708    204   14   0     0     78.43  86.27  N/A         N/A          0.30         0.09         86.27  80.014   1.81     9.26        19.6        200      2.5      1.82          0.62    77.94     0.60    0.68    0.96    0.28    0.92     69.20   7.02    86.50   78.04   0.85    1586.90    4.15     88.10    0.41      1.21          2.20          5.45           80.69        
67   R0977-D2TS196_4     196     72.92    100.00  65    N/A       N/A        0.30      N/A        51.59    N/A           29.80    44.63    2.797    3.708    204   14   0     0     78.43  86.27  N/A         N/A          0.30         N/A          86.27  80.014   1.81     9.26        19.6        200      2.5      1.82          0.62    77.94     0.60    0.68    0.96    0.28    0.92     69.20   7.02    86.50   78.04   0.85    1586.90    4.15     88.10    0.41      1.21          2.20          5.45           80.69        
68   R0977-D2TS492_2     492     72.79    100.00  68    N/A       N/A        0.28      N/A        51.35    N/A           26.62    44.40    4.454    5.156    204   0    0     0     80.88  88.73  N/A         N/A          0.50         N/A          88.73  82.299   1.79     9.61        19          201      4.3      1.72          0.60    73.28     0.59    0.64    0.96    0.25    0.92     87.50   6.92    86.06   78.52   0.85    1541.30    3.80     85.68    0.34      1.82          1.65          4.46           87.13        
69   R0977-D2TS492_1     492     72.79    100.00  68    0.33      N/A        0.28      N/A        51.59    N/A           25.82    44.26    4.501    5.266    204   0    0     0     81.86  88.73  0.63        N/A          0.58         N/A          88.73  80.962   1.68     9.40        19.1        200      4.4      1.77          0.59    70.10     0.58    0.62    0.96    0.26    0.92     78.60   6.92    85.40   79.59   0.85    1548.40    3.91     85.73    0.34      0.91          2.75          3.47           85.15        
70   R0977-D2TS492_3     492     72.30    100.00  70    N/A       N/A        0.22      N/A        50.98    N/A           23.82    42.87    3.481    4.418    204   0    0     0     79.41  90.69  N/A         N/A          0.38         N/A          90.69  82.976   1.79     9.61        19.3        197      2.2      1.69          0.59    69.36     0.58    0.62    0.92    0.28    0.92     79.50   7.02    86.52   77.90   0.85    1563.70    3.97     87.18    0.33      0.61          3.30          3.47           88.12        
71   R0977-D2TS217_3     217     72.06    100.00  71    N/A       N/A        0.19      N/A        51.23    N/A           26.73    42.41    2.765    3.684    204   1    0     0     78.92  91.18  N/A         N/A          0.34         N/A          91.18  76.258   1.89     9.54        18.4        196      2.3      3.73          0.43    74.27     0.58    0.70    0.96    0.33    0.92     69.30   7.02    84.76   77.19   0.85    1496.80    4.02     77.13    0.37      210.43        2.20          7.43           83.17        
72   R0977-D2TS328_3     328     71.94    100.00  72    N/A       N/A        0.17      N/A        50.86    N/A           23.58    41.95    3.115    4.384    204   2    0     0     76.47  90.20  N/A         N/A          0.14         N/A          90.20  84.195   1.73     9.75        20          196      2.2      2.48          0.58    67.89     0.57    0.61    0.94    0.34    0.92     77.90   6.81    87.11   76.47   0.85    1617.40    3.89     N/A      0.29      3.64          6.04          6.93           80.20        
73   R0977-D2TS004_1     004s    71.94    100.00  72    0.24      0.15       0.17      -0.15      50.49    0.09          29.16    44.94    2.79     3.672    204   0    0     0     79.90  89.22  0.48        0.55         0.42         0.40         89.22  71.587   1.89     9.54        19.5        199      2.6      1.05          0.64    77.94     0.63    0.68    0.96    0.28    0.92     90.50   6.92    87.40   80.15   0.85    1579.50    3.70     87.95    0.41      0.00          1.10          0.99           91.09        
74   R0977-D2TS270_2     270     71.81    100.00  74    N/A       N/A        0.16      N/A        51.10    N/A           32.22    46.80    3.283    4.031    204   0    0     0     80.88  87.75  N/A         N/A          0.50         N/A          87.75  80.973   1.78     9.47        20          196      2.8      1.48          0.63    78.19     0.64    0.70    0.95    0.26    0.92     87.50   6.92    86.20   81.17   0.84    1614.60    4.46     N/A      0.43      1.21          1.10          0.99           87.62        
75   R0977-D2TS217_1     217     71.81    100.00  74    0.23      N/A        0.16      N/A        50.25    N/A           26.43    42.67    2.733    3.771    204   0    0     0     78.43  88.24  0.37        N/A          0.30         N/A          88.24  79.673   1.88     9.33        18.2        202      2.6      3.63          0.48    76.22     0.58    0.69    0.95    0.32    0.92     70.10   6.92    84.87   76.68   0.85    1486.40    4.10     78.40    0.35      209.15        2.20          3.47           88.12        
76   R0977-D2TS356_4     356     71.57    100.00  76    N/A       N/A        0.13      N/A        49.76    N/A           27.87    43.00    2.825    3.885    204   0    0     0     77.94  87.75  N/A         N/A          0.26         N/A          87.75  70.457   1.94     9.12        18.9        196      2.5      0.50          0.62    71.57     0.60    0.66    0.95    0.28    0.92     76.90   6.92    84.32   77.32   0.84    1534.60    4.48     83.18    0.38      0.00          0.00          0.00           98.02        
77   R0977-D2TS328_4     328     71.57    100.00  76    N/A       N/A        0.13      N/A        50.86    N/A           26.38    41.74    3.11     4.355    204   0    0     0     77.94  91.67  N/A         N/A          0.26         N/A          91.67  82.538   1.84     9.82        20.8        197      2.3      2.42          0.62    70.83     0.61    0.65    0.94    0.31    0.93     83.40   7.02    87.48   79.64   0.85    1675.30    2.37     N/A      0.36      2.73          6.59          7.43           79.70        
78   R0977-D2TS196_3     196     71.45    100.00  78    N/A       N/A        0.11      N/A        49.26    N/A           27.41    42.18    2.889    3.791    204   16   0     0     76.96  87.25  N/A         N/A          0.18         N/A          87.25  78.946   1.81     9.12        19.1        201      2.6      1.84          0.62    76.72     0.59    0.68    0.96    0.27    0.92     75.90   6.92    85.99   77.20   0.84    1549.90    4.42     87.62    0.40      1.82          1.65          5.45           80.20        
79   R0977-D2TS356_3     356     71.45    100.00  78    N/A       N/A        0.11      N/A        49.63    N/A           32.05    46.03    2.879    3.813    204   0    0     0     79.41  85.78  N/A         N/A          0.38         N/A          85.78  67.468   1.75     9.19        19.1        199      2.5      0.60          0.64    74.75     0.64    0.68    0.96    0.27    0.92     80.70   7.02    84.49   78.44   0.84    1547.70    4.21     88.85    0.43      0.00          0.55          0.50           97.52        
80   R0977-D2TS344_2     344     71.45    100.00  78    N/A       N/A        0.11      N/A        49.14    N/A           25.23    42.48    2.875    3.979    204   0    0     0     76.47  85.78  N/A         N/A          0.14         N/A          85.78  67.312   1.85     9.19        18.8        198      2.5      1.67          0.60    71.57     0.58    0.66    0.95    0.32    0.92     85.00   7.02    85.84   75.91   0.85    1525.50    4.16     89.05    0.36      0.00          3.85          3.96           80.69        
81   R0977-D2TS433_1     433     71.45    100.00  78    0.19      N/A        0.11      N/A        51.23    N/A           0.00     26.80    4.38     4.465    204   3    0     0     75.98  87.25  0.19        N/A          0.10         N/A          87.25  81.19    1.77     9.12        19.9        197      3.9      6.00          0.18    52.94     0.43    0.14    0.95    0.28    0.91     84.00   6.92    82.91   77.26   0.84    1607.60    4.64     N/A      0.00      0.96          N/A           5.45           90.59        
82   R0977-D2TS433_5     433     71.45    100.00  78    N/A       N/A        0.11      N/A        51.47    N/A           0.00     27.36    4.34     4.422    204   3    0     0     75.00  87.75  N/A         N/A          0.02         N/A          87.75  80.654   1.79     9.19        20          195      2.4      6.00          0.18    53.28     0.44    0.14    0.95    0.28    0.91     83.80   6.92    82.64   77.43   0.84    1618.90    4.57     N/A      0.00      1.91          N/A           5.45           90.59        
83   R0977-D2TS359_3     359s    71.45    100.00  78    N/A       N/A        0.11      -0.27      49.26    N/A           27.41    42.18    2.889    3.791    204   16   0     0     76.96  87.25  N/A         N/A          0.18         -0.22        87.25  78.946   1.81     9.12        19.1        201      2.6      1.84          0.62    76.72     0.59    0.68    0.96    0.27    0.92     75.90   6.92    85.99   77.20   0.84    1549.90    4.42     87.62    0.40      1.82          1.65          5.45           80.20        
84   R0977-D2TS288_1     288     71.45    100.00  78    0.19      N/A        0.11      N/A        50.00    N/A           26.39    44.69    4.498    5.199    204   0    0     0     77.94  88.73  0.34        N/A          0.26         N/A          89.71  81.256   1.76     9.61        18.8        196      4.2      1.89          0.59    72.30     0.59    0.63    0.95    0.28    0.92     92.70   6.92    84.24   79.01   0.84    1525.80    4.16     86.38    0.35      1.21          3.85          3.96           87.62        
85   R0977-D2TS492_4     492     71.45    100.00  78    N/A       N/A        0.11      N/A        50.61    N/A           24.86    42.96    4.507    5.342    204   0    0     0     78.43  88.73  N/A         N/A          0.30         N/A          88.73  80.445   1.80     9.47        18.5        196      4.2      1.58          0.57    71.57     0.58    0.61    0.95    0.29    0.92     74.80   6.92    84.17   78.04   0.84    1504.10    4.25     85.72    0.32      0.00          4.40          3.47           88.12        
86   R0977-D2TS312_1     312s    71.32    100.00  86    0.18      0.03       0.10      -0.31      50.86    0.15          27.65    44.32    5.824    6.506    204   1    0     0     75.98  89.22  0.19        -0.12        0.10         -0.43        89.22  82.998   1.62     9.40        20.8        195      2.6      2.81          0.62    71.81     0.62    0.67    0.95    0.26    0.91     85.40   6.92    86.29   79.21   0.83    1672.60    3.33     27.92    0.38      55.74         1.65          1.98           93.56        
87   R0977-D2TS217_2     217     70.96    100.00  87    N/A       N/A        0.05      N/A        49.39    N/A           23.47    40.74    2.748    3.742    204   0    0     0     78.43  89.22  N/A         N/A          0.30         N/A          89.22  68.888   1.91     9.61        18.1        198      2.4      3.63          0.38    76.72     0.59    0.70    0.96    0.30    0.92     74.30   6.92    84.71   77.72   0.85    1479.00    3.92     77.21    0.36      229.53        1.65          5.45           85.64        
88   R0977-D2TS492_5     492     70.83    100.00  88    N/A       N/A        0.04      N/A        49.76    N/A           24.86    42.24    4.131    4.936    204   0    0     0     76.96  88.24  N/A         N/A          0.18         N/A          88.24  79.436   1.83     9.47        17.8        192      2.2      1.48          0.57    70.34     0.58    0.61    0.88    0.33    0.92     73.10   6.92    84.67   76.03   0.84    1451.80    4.59     84.90    0.32      0.00          3.30          1.98           88.61        
89   R0977-D2TS288_5     288     70.83    100.00  88    N/A       N/A        0.04      N/A        49.63    N/A           25.41    42.95    3.958    4.816    204   0    0     0     77.45  87.75  N/A         N/A          0.22         N/A          87.75  78.225   1.81     9.19        17.9        195      2.3      1.62          0.58    70.83     0.58    0.61    0.91    0.30    0.91     80.60   6.92    86.50   76.78   0.84    1463.00    4.22     86.85    0.34      0.30          3.30          3.47           87.13        
90   R0977-D2TS270_4     270     70.47    100.00  90    N/A       N/A        -0.01     N/A        49.76    N/A           30.26    44.69    3.446    4.179    204   0    0     0     78.92  85.29  N/A         N/A          0.34         N/A          85.29  70.706   1.85     9.05        18.7        193      2.9      1.66          0.61    75.73     0.63    0.68    0.94    0.30    0.92     78.70   6.92    85.41   79.55   0.83    1522.80    4.82     N/A      0.42      0.30          3.30          3.47           85.15        
91   R0977-D2TS356_5     356     70.22    100.00  91    N/A       N/A        -0.04     N/A        49.02    N/A           30.85    43.89    3.052    4.016    204   0    0     0     76.96  86.27  N/A         N/A          0.18         N/A          86.27  66.64    1.94     9.12        19.4        196      2.5      0.60          0.64    75.00     0.63    0.67    0.95    0.28    0.92     94.30   6.92    84.69   78.84   0.83    1571.90    4.39     89.08    0.42      0.00          0.00          0.00           97.52        
92   R0977-D2TS328_1     328     69.97    100.00  92    0.04      N/A        -0.07     N/A        48.90    N/A           25.05    40.40    4.698    5.532    204   0    0     0     73.53  90.20  0.01        N/A          -0.10        N/A          90.20  81.891   1.86     9.82        20.9        195      2.1      2.32          0.61    71.81     0.61    0.66    0.89    0.36    0.92     85.60   7.02    88.14   78.39   0.84    1680.30    2.71     N/A      0.36      3.94          3.85          6.44           82.67        
93   R0977-D2TS312_4     312s    69.85    100.00  93    N/A       N/A        -0.08     -0.68      49.39    N/A           26.55    42.89    5.806    6.492    204   0    0     0     75.00  89.22  N/A         N/A          0.02         -0.63        89.22  82.686   1.70     9.33        20.6        195      2.7      2.94          0.62    71.57     0.62    0.68    0.96    0.28    0.91     87.50   6.92    85.91   79.01   0.82    1663.70    3.34     28.65    0.38      57.86         2.20          2.48           93.07        
94   R0977-D2TS312_2     312s    69.73    100.00  94    N/A       N/A        -0.10     -0.71      49.27    N/A           26.51    42.77    4.965    5.746    204   1    0     0     75.00  89.22  N/A         N/A          0.02         -0.63        89.22  81.867   1.67     9.47        20.7        199      4.5      2.79          0.63    71.08     0.61    0.68    0.96    0.26    0.91     87.50   7.02    85.84   79.23   0.82    1666.20    3.30     28.65    0.38      59.07         1.10          2.97           91.09        
95   R0977-D2TS288_4     288     69.61    100.00  95    N/A       N/A        -0.11     N/A        47.91    N/A           22.52    40.70    3.566    4.522    204   0    0     0     77.94  87.25  N/A         N/A          0.26         N/A          87.25  78.852   1.84     9.26        17.4        193      2.4      2.41          0.54    68.38     0.57    0.57    0.91    0.35    0.92     83.20   6.81    83.27   75.86   0.83    1426.00    4.96     85.65    0.31      8.79          2.75          3.47           87.62        
96   R0977-D2TS433_3     433     69.24    100.00  96    N/A       N/A        -0.16     N/A        49.75    N/A           0.00     25.74    4.538    4.622    204   3    0     0     71.57  87.25  N/A         N/A          -0.26        N/A          87.25  77.846   1.92     9.05        19.5        197      4.1      6.00          0.18    52.87     0.44    0.14    0.95    0.28    0.91     81.00   6.92    82.03   76.39   0.82    1581.60    4.73     N/A      0.00      4.78          N/A           5.45           91.09        
97   R0977-D2TS288_3     288     69.24    100.00  96    N/A       N/A        -0.16     N/A        47.79    N/A           24.06    41.27    3.651    4.597    204   0    0     0     75.00  84.31  N/A         N/A          0.02         N/A          85.29  75.299   1.82     8.78        17.2        193      2.4      1.95          0.56    69.36     0.59    0.59    0.90    0.40    0.91     83.90   6.92    83.26   74.79   0.83    1411.80    4.93     85.54    0.34      0.61          6.04          2.48           85.15        
98   R0977-D2TS328_5     328     69.12    100.00  98    N/A       N/A        -0.17     N/A        48.28    N/A           22.19    38.57    3.116    4.16     204   0    0     0     75.49  90.20  N/A         N/A          0.06         N/A          90.20  74.432   1.95     9.61        20.2        196      2.3      2.59          0.60    71.81     0.58    0.64    0.94    0.31    0.92     75.10   6.92    86.85   77.36   0.83    1633.00    3.31     N/A      0.33      6.06          4.40          6.44           77.23        
99   R0977-D2TS344_3     344     69.12    100.00  98    N/A       N/A        -0.17     N/A        46.69    N/A           23.34    39.50    3.106    4.285    204   0    0     0     75.00  87.75  N/A         N/A          0.02         N/A          87.75  65.522   2.00     9.26        17.3        197      2.7      1.61          0.55    67.89     0.59    0.62    0.94    0.33    0.91     75.90   6.92    85.02   74.46   0.83    1416.70    4.87     87.75    0.36      0.00          2.75          2.48           76.73        
100  R0977-D2TS217_5     217     68.87    100.00  100   N/A       N/A        -0.20     N/A        46.69    N/A           25.77    41.03    3.01     4.052    204   0    0     0     76.47  88.73  N/A         N/A          0.14         N/A          88.73  68.055   1.96     9.33        17.6        194      2.5      3.79          0.48    71.32     0.57    0.67    0.95    0.33    0.91     80.30   6.92    83.48   74.43   0.83    1442.20    5.24     77.38    0.33      195.51        3.30          6.93           85.64        
101  R0977-D2TS112_3     112     68.75    100.00  101   N/A       N/A        -0.22     N/A        47.42    N/A           30.55    43.88    4.201    4.863    204   0    0     0     74.02  85.29  N/A         N/A          -0.06        N/A          85.29  66.792   1.91     8.78        19.2        200      3.6      1.57          0.61    76.22     0.63    0.67    0.96    0.28    0.92     83.40   7.02    87.95   77.89   0.83    1557.60    3.75     82.98    0.43      0.91          2.20          2.48           90.59        
102  R0977-D2TS312_5     312s    68.50    100.00  102   N/A       N/A        -0.25     -1.03      47.79    N/A           26.76    40.81    5.402    6.145    204   0    0     0     72.06  89.71  N/A         N/A          -0.22        -1.25        89.71  81.128   1.79     9.40        20.7        199      4.7      2.63          0.63    72.06     0.62    0.67    0.96    0.27    0.91     87.50   6.92    85.41   79.25   0.81    1666.60    3.33     29.70    0.38      57.56         0.55          1.98           94.06        
103  R0977-D2TS217_4     217     68.50    100.00  102   N/A       N/A        -0.25     N/A        47.18    N/A           23.54    39.86    2.988    4.053    204   1    0     0     75.49  87.75  N/A         N/A          0.06         N/A          87.75  65.074   1.96     9.12        17.1        196      2.7      3.98          0.42    71.57     0.57    0.66    0.95    0.36    0.91     65.40   6.92    83.02   74.26   0.83    1407.50    4.95     77.91    0.31      240.22        4.40          5.94           85.15        
104  R0977-D2TS281_2     281     68.38    100.00  104   N/A       N/A        -0.27     N/A        48.77    N/A           26.35    40.71    5.145    5.831    204   0    0     0     74.02  83.82  N/A         N/A          -0.06        N/A          84.80  77.599   1.85     9.05        18.6        192      4.7      2.37          0.57    70.10     0.62    0.64    0.94    0.31    0.90     89.10   6.81    81.66   77.64   0.80    1516.60    4.21     80.09    0.38      26.36         0.55          1.49           92.57        
105  R0977-D2TS312_3     312s    68.26    100.00  105   N/A       N/A        -0.28     -1.09      47.55    N/A           26.80    41.09    5.697    6.398    204   1    0     0     72.55  88.73  N/A         N/A          -0.18        -1.14        88.73  80.309   1.78     9.33        20.5        195      2.7      3.00          0.62    72.06     0.62    0.67    0.95    0.27    0.91     80.10   6.92    85.37   79.11   0.82    1654.00    3.34     29.30    0.38      59.07         2.20          3.96           91.58        
106  R0977-D2TS328_2     328     67.77    100.00  106   N/A       N/A        -0.34     N/A        47.06    N/A           23.62    37.22    3.526    4.642    204   1    0     0     73.04  88.73  N/A         N/A          -0.14        N/A          88.73  78.492   1.91     9.47        19.7        194      2.6      2.77          0.61    70.83     0.60    0.65    0.94    0.34    0.91     81.80   6.92    86.75   78.68   0.82    1597.60    2.73     N/A      0.35      6.06          8.24          7.43           79.21        
107  R0977-D2TS433_2     433     66.79    100.00  107   N/A       N/A        -0.46     N/A        46.20    N/A           0.00     24.24    4.508    4.58     204   1    0     0     66.67  86.76  N/A         N/A          -0.65        N/A          86.76  78.569   1.74     8.92        18.7        192      3.9      6.00          0.16    50.84     0.42    0.13    0.94    0.36    0.90     84.80   6.58    79.57   70.92   0.80    1519.20    4.45     N/A      0.00      5.74          N/A           8.42           71.29        
108  R0977-D2TS359_2     359s    66.54    100.00  108   N/A       N/A        -0.49     -1.53      43.62    N/A           24.29    36.10    3.164    4.018    204   18   0     0     71.08  84.31  N/A         N/A          -0.29        -1.45        84.31  65.937   1.99     8.78        17.4        200      2.9      1.97          0.60    75.73     0.59    0.66    0.95    0.28    0.91     60.80   6.81    84.94   75.30   0.81    1428.70    4.55     84.88    0.40      2.12          2.20          4.95           80.69        
109  R0977-D2TS196_2     196     66.54    100.00  108   N/A       N/A        -0.49     N/A        43.62    N/A           24.29    36.10    3.164    4.018    204   18   0     0     71.08  84.31  N/A         N/A          -0.29        N/A          84.31  65.937   1.99     8.78        17.4        200      2.9      1.97          0.60    75.73     0.59    0.66    0.95    0.28    0.91     60.80   6.81    84.94   75.30   0.81    1428.70    4.55     84.88    0.40      2.12          2.20          4.95           80.69        
110  R0977-D2TS281_1     281     66.42    100.00  110   -0.33     N/A        -0.51     N/A        45.83    N/A           26.07    40.52    4.809    5.535    204   0    0     0     73.04  85.29  -0.03       N/A          -0.14        N/A          86.27  77.985   1.84     9.05        18.3        191      4.3      2.38          0.58    67.16     0.61    0.63    0.94    0.34    0.90     88.50   6.58    81.14   77.35   0.80    1494.70    4.32     79.74    0.38      27.58         1.10          1.49           93.56        
111  R0977-D2TS433_4     433     65.20    100.00  111   N/A       N/A        -0.66     N/A        44.48    N/A           0.00     23.48    4.655    4.731    204   3    0     0     69.12  86.76  N/A         N/A          -0.45        N/A          86.76  68.255   2.07     8.85        18.3        200      4.3      6.00          0.17    53.28     0.44    0.14    0.95    0.30    0.91     81.00   6.81    81.83   76.58   0.80    1492.50    4.54     N/A      0.00      8.61          N/A           5.45           91.09        
112  R0977-D2TS112_2     112     62.99    100.00  112   N/A       N/A        -0.93     N/A        43.02    N/A           23.07    35.34    4.591    5.182    204   0    0     0     62.25  80.88  N/A         N/A          -1.01        N/A          80.88  58.941   2.14     7.87        16.7        196      4        1.51          0.59    72.06     0.62    0.66    0.94    0.30    0.90     80.30   6.70    80.42   75.81   0.78    1376.10    5.35     87.01    0.42      0.30          3.30          0.99           91.58        
113  R0977-D2TS112_1     112     61.77    100.00  113   -0.81     N/A        -1.08     N/A        41.42    N/A           23.01    34.41    4.699    5.481    204   0    0     0     66.67  78.43  -0.51       N/A          -0.65        N/A          78.43  56.503   2.15     7.94        16.8        194      3.9      1.85          0.60    71.57     0.61    0.64    0.93    0.29    0.89     91.30   6.81    80.57   75.51   0.76    1381.00    5.39     84.56    0.40      1.82          3.85          5.45           92.57        
114  R0977-D2TS457_2     457     61.64    100.00  114   N/A       N/A        -1.10     N/A        40.81    N/A           23.01    32.97    5.741    6.219    204   0    0     0     62.75  82.35  N/A         N/A          -0.97        N/A          82.35  61.514   2.17     8.08        18.3        188      2.9      1.36          0.63    77.45     0.63    0.68    0.94    0.28    0.89     82.50   6.81    83.05   79.95   0.76    1489.80    4.00     85.69    0.42      1.82          0.00          0.50           93.56        
115  R0977-D2TS359_1     359s    61.52    100.00  115   -0.83     -1.86      -1.11     -2.81      38.48    -1.88         21.46    32.52    3.541    4.342    204   22   0     0     66.18  81.37  -0.54       -1.78        -0.69        -2.48        81.37  60.104   2.11     8.64        15.8        195      3        2.01          0.58    73.28     0.57    0.64    0.94    0.30    0.90     59.30   6.58    83.73   74.21   0.78    1311.20    5.03     81.82    0.38      1.82          2.75          6.44           80.20        
116  R0977-D2TS196_1     196     61.52    100.00  115   -0.83     N/A        -1.11     N/A        38.48    N/A           21.46    32.52    3.541    4.342    204   22   0     0     66.18  81.37  -0.54       N/A          -0.69        N/A          81.37  60.104   2.11     8.64        15.8        195      3        2.01          0.58    73.28     0.57    0.64    0.94    0.30    0.90     59.30   6.58    83.73   74.21   0.78    1311.20    5.03     81.82    0.38      1.82          2.75          6.44           80.20        
117  R0977-D2TS457_3     457     60.91    100.00  117   N/A       N/A        -1.19     N/A        40.56    N/A           22.94    30.41    4.451    5.073    204   0    0     0     52.94  83.33  N/A         N/A          -1.76        N/A          83.33  60.791   2.15     8.43        18.1        196      3.8      1.28          0.64    76.96     0.63    0.69    0.93    0.28    0.89     81.80   6.58    81.87   79.69   0.74    1473.90    4.49     85.52    0.41      1.21          0.00          0.50           93.07        
118  R0977-D2TS457_1     457     58.82    100.00  118   -1.11     N/A        -1.45     N/A        37.87    N/A           22.13    28.19    6.233    6.696    204   0    0     0     50.98  79.41  -1.68       N/A          -1.92        N/A          79.41  56.326   2.28     8.43        17.4        188      3.3      1.22          0.63    76.72     0.63    0.68    0.92    0.27    0.89     82.30   6.47    81.31   79.29   0.72    1426.30    4.28     85.04    0.41      0.91          0.00          0.50           93.07        
119  R0977-D2TS457_4     457     58.70    100.00  119   N/A       N/A        -1.46     N/A        38.23    N/A           21.22    27.05    6.133    6.601    204   0    0     0     50.49  79.41  N/A         N/A          -1.96        N/A          79.41  58.159   2.29     7.94        17.5        188      3.3      1.17          0.63    77.45     0.62    0.68    0.93    0.28    0.89     81.70   6.58    81.83   79.16   0.72    1433.40    4.08     84.25    0.41      0.61          0.00          0.50           92.57        
120  R0977-D2TS358_4     358     58.46    100.00  120   N/A       N/A        -1.49     N/A        37.99    N/A           18.88    26.42    4.225    4.964    204   0    0     0     50.49  82.35  N/A         N/A          -1.96        N/A          82.35  58.278   2.22     8.50        17.8        197      3.6      2.52          0.59    76.47     0.61    0.66    0.94    0.26    0.90     84.70   6.58    85.43   80.29   0.73    1453.50    3.58     74.37    0.38      44.55         0.00          1.98           94.06        
121  R0977-D2TS358_1     358     58.33    100.00  121   -1.16     N/A        -1.51     N/A        37.99    N/A           15.97    23.53    4.573    5.309    204   1    0     0     50.98  78.43  -1.68       N/A          -1.92        N/A          78.43  56.164   2.40     7.60        17.2        196      3.9      2.60          0.58    75.00     0.60    0.66    0.94    0.28    0.90     84.70   6.58    84.10   79.40   0.70    1412.20    3.64     71.94    0.39      47.58         0.55          0.99           93.07        
122  R0977-D2TS358_2     358     57.60    100.00  122   N/A       N/A        -1.60     N/A        37.01    N/A           15.15    22.07    4.89     5.525    204   1    0     0     44.61  76.47  N/A         N/A          -2.44        N/A          76.47  57.804   2.32     7.39        16.9        196      4        2.56          0.58    76.22     0.61    0.66    0.93    0.27    0.89     78.20   6.58    84.33   79.69   0.69    1388.70    3.81     69.92    0.39      41.21         0.55          1.49           92.57        
123  R0977-D2TS358_3     358     56.86    100.00  123   N/A       N/A        -1.69     N/A        37.13    N/A           15.44    22.02    4.762    5.421    204   0    0     0     46.08  74.51  N/A         N/A          -2.32        N/A          74.51  56.245   2.33     7.60        16.9        198      4.1      2.69          0.60    76.96     0.61    0.68    0.93    0.27    0.89     81.00   6.58    84.38   79.80   0.68    1386.50    3.57     69.04    0.40      51.82         1.10          0.99           92.57        
124  R0977-D2TS358_5     358     56.74    100.00  124   N/A       N/A        -1.70     N/A        36.65    N/A           16.95    23.14    4.49     5.24     204   0    0     0     44.61  75.49  N/A         N/A          -2.44        N/A          75.49  57.233   2.40     7.46        17.2        196      3.8      2.50          0.57    74.27     0.59    0.65    0.94    0.27    0.89     84.60   6.70    84.91   79.29   0.69    1412.40    3.68     70.68    0.38      39.39         0.00          0.99           93.56        
125  R0977-D2TS112_5     112     55.02    100.00  125   N/A       N/A        -1.91     N/A        34.80    N/A           19.16    27.35    6.31     6.924    204   0    0     0     50.98  69.61  N/A         N/A          -1.92        N/A          69.61  51.758   2.30     6.21        14.7        188      5.5      1.70          0.57    71.32     0.61    0.63    0.93    0.33    0.87     79.10   5.86    77.86   74.31   0.67    1226.70    5.81     83.10    0.38      1.21          2.75          3.47           90.59        
126  R0977-D2TS112_4     112     53.43    100.00  126   N/A       N/A        -2.11     N/A        32.60    N/A           19.81    26.64    6.498    7.073    204   0    0     0     50.49  67.65  N/A         N/A          -1.96        N/A          67.65  49.373   2.29     6.00        14.7        194      6.3      1.67          0.57    70.10     0.61    0.63    0.93    0.34    0.87     76.60   6.11    78.72   74.04   0.68    1225.40    6.37     86.13    0.38      2.42          1.65          2.48           92.08        
127  R0977-D2TS195_1     195     52.70    100.00  127   -1.74     N/A        -2.20     N/A        33.45    N/A           14.85    20.14    8.341    8.792    204   0    0     0     42.65  50.00  -2.30       N/A          -2.60        N/A          55.39  45.472   2.37     4.41        14.1        181      4.8      1.61          0.57    69.12     0.60    0.62    0.90    0.36    0.85     85.20   5.33    73.97   75.16   0.60    1181.10    5.24     N/A      0.37      0.61          3.85          1.98           92.57        
128  R0977-D2TS431_2     431     46.20    100.00  128   N/A       N/A        -3.00     N/A        26.84    N/A           13.63    17.59    9.046    9.594    204   0    0     0     29.90  57.84  N/A         N/A          -3.63        N/A          57.84  38.364   2.52     5.52        11.5        172      3.8      1.43          0.53    60.54     0.57    0.54    0.67    0.64    0.82     78.90   5.99    73.50   71.56   0.60    990.80     7.97     64.85    0.34      0.61          2.20          0.99           92.57        
129  R0977-D2TS431_3     431     45.83    100.00  129   N/A       N/A        -3.05     N/A        27.20    N/A           12.95    19.06    6.234    6.926    204   0    0     0     34.80  49.02  N/A         N/A          -3.23        N/A          51.96  33.653   2.28     4.68        11.6        179      5.1      0.95          0.56    62.50     0.59    0.58    0.82    0.44    0.82     80.60   5.04    72.32   72.89   0.56    996.10     6.72     58.31    0.37      0.00          1.10          0.99           93.56        
130  R0977-D2TS431_1     431     32.72    100.00  130   -3.80     N/A        -4.67     N/A        22.06    N/A           12.09    17.69    12.734   13.288   204   0    0     0     29.41  36.76  -3.29       N/A          -3.67        N/A          42.16  33.718   2.03     2.53        8.8         85       2.8      1.21          0.46    48.53     0.53    0.46    0.64    0.98    0.70     81.10   4.89    58.45   65.94   0.42    406.00     14.16    49.08    0.25      0.00          2.75          0.50           94.55        
131  R0977-D2TS431_4     431     31.50    100.00  131   N/A       N/A        -4.82     N/A        18.63    N/A           8.97     15.31    11.904   12.459   204   0    0     0     27.45  37.75  N/A         N/A          -3.83        N/A          41.67  30.244   2.19     2.33        6.7         83       2.7      1.05          0.43    43.87     0.49    0.42    0.59    0.99    0.70     66.80   3.89    61.40   59.85   0.40    353.20     19.16    46.20    0.24      0.30          1.65          0.00           96.04        

