#    Model               GR#     GDT_TS   NP_P    RANK  Z-M1-GDT  Z-M1s-GDT  Z-MA-GDT  Z-MAs-GDT  GDT_HA   Z-M1s-GDT-HA  GDC_SC   GDC_ALL  RMS_CA   RMS_ALL  NP    err  PC01  PC05  AL0_P  AL4_P  Z-M1-AL0_p  Z-M1s-AL0_p  Z-MA-AL0_p   Z-MAs-AL0_p  ALI_P  LGA_S    RMSD[L]  Z-score[M]  Z-Score[D]  Al.Res.  RMSD[D]  MolPrb_Score  LDDT    SphGr     CAD_AA  RPF     CODM    DFM     Handed.  SOV     CE      QCS     CONTS   TMscore  Dali(raw)  FlexE    QSE      CAD_SS    MolPrb_clash  MolPrb_rotout  MolPrb_ramout  MolPrb_ramfv 

-    starting_model      -       50.75    -       -     -         -          -         -          34.33    -             16.51    -        6.98     7.30     -     -    -     -     -      -      -           -            -            -            -      -        -        4.62        7.10        95       3.00     3.41          0.49    39.92     0.49    0.51    0.71    0.75    0.75     60.10   5.04    77.92   51.43   0.56     475.90     27.99    69.64    0.30      88.82         2.97          2.27           86.36        

1    R0989-D1TS117_1     117     52.42    100.00  1     1.34      N/A        1.16      N/A        34.89    N/A           15.55    25.51    6.332    6.727    134   2    0     0     49.25  67.16  1.23        N/A          1.19         N/A          67.91  50.319   2.20     4.90        8           111      4.3      4.04          0.50    44.03     0.48    0.54    0.82    0.68    0.77     54.00   5.46    81.98   55.31   0.60    506.80     19.51    73.27    0.26      77.59         13.86         9.85           73.48        
2    R0989-D1TS270_4     270     51.49    100.00  2     N/A       N/A        1.04      N/A        35.82    N/A           17.26    26.95    7.393    7.839    134   0    0     0     43.28  63.43  N/A         N/A          0.64         N/A          64.18  47.575   2.07     4.24        7.7         100      3.5      1.97          0.46    39.18     0.50    0.50    0.75    0.80    0.76     56.40   5.04    77.39   53.13   0.56    509.80     25.76    N/A      0.27      1.53          4.95          1.52           90.15        
3    R0989-D1TS156_4     156s    51.31    100.00  3     N/A       N/A        1.01      0.88       34.70    N/A           18.51    26.51    6.937    7.242    134   0    0     0     44.03  61.94  N/A         N/A          0.71         0.80         62.69  45.362   2.17     4.81        7.1         100      4.6      1.40          0.49    42.16     0.51    0.50    0.74    0.75    0.75     56.30   5.04    80.33   53.23   0.56    476.40     23.54    76.88    0.29      1.02          0.00          0.76           87.88        
4    R0989-D1TS156_2     156s    51.31    100.00  3     N/A       N/A        1.01      0.88       34.70    N/A           18.74    25.93    6.936    7.255    134   0    0     0     44.03  59.70  N/A         N/A          0.71         0.80         62.69  45.413   2.19     4.81        7.1         90       3.1      1.10          0.50    41.79     0.51    0.51    0.74    0.75    0.75     56.30   5.04    80.55   53.35   0.56    445.50     23.60    76.28    0.29      0.00          0.00          0.76           87.88        
5    R0989-D1TS457_5     457     51.12    100.00  5     N/A       N/A        0.99      N/A        34.52    N/A           16.67    22.90    6.996    7.325    134   1    0     0     43.28  62.69  N/A         N/A          0.64         N/A          64.18  46.6     2.17     4.71        7.1         99       4.4      3.58          0.49    39.55     0.49    0.51    0.71    0.76    0.75     60.50   5.04    77.72   51.08   0.56    473.10     28.32    80.31    0.30      115.31        2.97          4.55           82.58        
6    R0989-D1TS117_2     117     50.93    100.00  6     N/A       N/A        0.96      N/A        33.77    N/A           13.43    25.12    7.756    8.074    134   2    0     0     46.27  61.19  N/A         N/A          0.91         N/A          61.19  44.118   2.13     4.05        7.6         94       3.1      3.96          0.49    41.05     0.49    0.53    0.74    0.79    0.75     53.50   5.33    81.72   55.36   0.57    456.70     19.10    65.70    0.28      109.75        7.92          5.30           76.52        
7    R0989-D1TS156_3     156s    50.75    100.00  7     N/A       N/A        0.94      0.83       34.52    N/A           17.19    25.09    7.083    7.457    134   0    0     0     43.28  61.19  N/A         N/A          0.64         0.75         63.43  46.212   2.12     4.81        7.1         98       3.3      1.36          0.49    39.55     0.50    0.49    0.72    0.79    0.75     59.10   5.04    78.64   53.25   0.55    484.00     26.87    77.45    0.27      1.02          0.00          0.76           89.39        
8    R0989-D1TS356_1     356     50.75    100.00  7     1.09      N/A        0.94      N/A        34.15    N/A           17.89    25.00    7.042    7.396    134   0    0     0     44.03  64.18  0.74        N/A          0.71         N/A          66.42  46.668   2.15     4.81        7           91       3        0.97          0.49    39.55     0.51    0.50    0.72    0.75    0.75     61.80   5.04    78.00   52.08   0.55    432.30     27.14    83.32    0.30      0.00          0.00          0.76           92.42        
9    R0989-D1TS270_3     270     50.56    100.00  9     N/A       N/A        0.91      N/A        33.77    N/A           16.94    24.57    7.029    7.379    134   0    0     0     42.54  62.69  N/A         N/A          0.57         N/A          64.93  45.173   2.15     4.34        6.9         85       2.5      2.27          0.48    38.81     0.50    0.49    0.71    0.78    0.75     51.90   5.04    77.67   50.71   0.55    423.90     28.69    N/A      0.28      1.53          6.93          6.06           79.55        
10   R0989-D1TS356_4     356     50.37    100.00  10    N/A       N/A        0.89      N/A        34.89    N/A           19.51    26.05    7.154    7.719    134   0    0     0     44.78  62.69  N/A         N/A          0.78         N/A          64.93  50.753   1.97     4.34        7.3         103      3.4      0.91          0.50    36.94     0.50    0.50    0.77    0.74    0.76     51.50   5.46    77.88   52.94   0.56    490.50     22.12    80.68    0.32      0.00          0.00          0.00           93.94        
11   R0989-D1TS358_3     358     50.37    100.00  10    N/A       N/A        0.89      N/A        33.58    N/A           17.75    25.41    6.999    7.468    134   0    0     0     44.78  60.45  N/A         N/A          0.78         N/A          61.94  47.821   2.09     4.05        7.1         94       3.3      2.83          0.44    41.05     0.50    0.49    0.69    0.76    0.76     65.40   4.25    79.13   52.13   0.56    466.80     26.71    61.96    0.25      58.70         1.98          1.52           94.70        
12   R0989-D1TS156_5     156s    50.37    100.00  10    N/A       N/A        0.89      0.79       34.14    N/A           15.68    24.23    7.001    7.383    134   0    0     0     43.28  57.46  N/A         N/A          0.64         0.75         61.94  44.608   2.12     4.24        6.9         94       3.2      1.10          0.49    39.18     0.51    0.50    0.72    0.79    0.75     53.70   5.04    78.42   52.52   0.55    460.10     27.74    78.97    0.29      0.00          0.00          1.52           87.88        
13   R0989-D1TS156_1     156s    50.37    100.00  10    1.04      0.80       0.89      0.79       34.14    0.92          19.86    27.61    7.056    7.317    134   0    0     0     41.79  62.69  0.53        0.64         0.50         0.66         64.18  42.953   2.21     4.81        7           98       3.8      1.13          0.50    40.67     0.51    0.50    0.73    0.77    0.75     53.70   5.04    80.10   53.32   0.55    481.70     24.16    77.00    0.30      0.00          0.00          1.52           86.36        
14   R0989-D1TS086_5     086     50.19    100.00  14    N/A       N/A        0.86      N/A        31.91    N/A           16.36    24.05    5.99     6.633    134   0    0     0     41.79  66.42  N/A         N/A          0.50         N/A          66.42  45.055   2.24     4.62        7.4         107      3.7      0.86          0.49    42.91     0.51    0.51    0.79    0.77    0.79     61.00   5.33    82.62   56.01   0.57    484.40     15.82    N/A      0.22      1.02          0.00          0.00           97.73        
15   R0989-D1TS190_5     190     50.19    100.00  14    N/A       N/A        0.86      N/A        33.02    N/A           17.43    24.67    7.078    7.391    134   0    0     0     43.28  62.69  N/A         N/A          0.64         N/A          64.18  46.439   2.17     4.81        6.9         97       3.3      2.96          0.48    38.81     0.50    0.49    0.71    0.78    0.75     60.40   5.04    77.35   49.95   0.55    469.40     29.38    69.84    0.29      30.12         4.95          3.79           92.42        
16   R0989-D1TS390_4     390     50.00    100.00  16    N/A       N/A        0.84      N/A        32.84    N/A           16.85    24.51    7.068    7.399    134   0    0     0     40.30  63.43  N/A         N/A          0.36         N/A          64.93  45.961   2.23     4.71        6.9         98       4.4      1.55          0.49    41.42     0.50    0.50    0.71    0.75    0.75     64.00   5.04    76.98   49.99   0.55    462.30     28.94    72.11    0.28      3.57          0.99          0.76           93.94        
17   R0989-D1TS356_2     356     50.00    100.00  16    N/A       N/A        0.84      N/A        33.77    N/A           18.27    26.59    7.087    7.501    134   0    0     0     38.81  61.94  N/A         N/A          0.23         N/A          64.18  48.741   2.07     4.62        7.3         99       3.3      0.76          0.49    38.81     0.50    0.49    0.76    0.75    0.75     60.20   5.19    77.09   52.66   0.55    492.70     24.59    80.99    0.30      0.00          0.99          2.27           96.21        
18   R0989-D1TS344_5     344     50.00    100.00  16    N/A       N/A        0.84      N/A        32.46    N/A           18.09    25.70    6.912    7.297    134   0    0     0     43.28  60.45  N/A         N/A          0.64         N/A          63.43  44.562   2.14     3.87        6.8         98       3.6      1.70          0.45    36.57     0.48    0.48    0.70    0.75    0.76     51.10   5.04    77.63   51.25   0.55    486.40     28.68    68.99    0.28      0.00          3.96          1.52           79.55        
19   R0989-D1TS460_4     460     49.81    100.00  19    N/A       N/A        0.81      N/A        33.02    N/A           17.70    26.26    6.877    7.254    134   0    0     0     44.03  64.18  N/A         N/A          0.71         N/A          66.42  45.362   2.15     4.62        7.2         95       3        3.15          0.48    39.55     0.49    0.49    0.72    0.77    0.75     56.40   5.19    78.45   52.05   0.56    483.40     25.64    82.27    0.26      20.92         9.90          5.30           88.64        
20   R0989-D1TS390_5     390     49.63    100.00  20    N/A       N/A        0.79      N/A        31.90    N/A           15.77    24.18    7.099    7.459    134   0    0     0     38.81  61.19  N/A         N/A          0.23         N/A          65.67  45.959   2.19     4.71        6.9         97       3.3      1.26          0.48    40.67     0.49    0.49    0.72    0.75    0.75     62.70   4.74    76.95   49.97   0.55    478.20     28.44    72.23    0.28      1.53          0.00          0.00           94.70        
21   R0989-D1TS460_3     460     49.63    100.00  20    N/A       N/A        0.79      N/A        32.84    N/A           17.17    26.20    6.866    7.244    134   1    0     0     43.28  64.18  N/A         N/A          0.64         N/A          66.42  45.65    2.13     4.62        7.2         99       4.3      3.13          0.48    39.55     0.49    0.49    0.72    0.76    0.75     56.40   5.19    78.52   52.22   0.56    474.60     25.40    82.58    0.26      20.41         9.90          5.30           89.39        
22   R0989-D1TS460_5     460     49.63    100.00  20    N/A       N/A        0.79      N/A        32.84    N/A           16.33    24.37    6.893    7.268    134   0    0     0     43.28  64.18  N/A         N/A          0.64         N/A          66.42  45.736   2.18     4.71        7.2         100      4.3      3.07          0.48    39.55     0.49    0.49    0.72    0.77    0.75     56.40   5.04    78.37   51.85   0.55    468.50     26.00    83.45    0.26      16.33         9.90          4.55           87.88        
23   R0989-D1TS344_1     344     49.44    100.00  23    0.90      N/A        0.76      N/A        31.91    N/A           14.46    22.94    6.95     7.308    134   8    0     0     43.28  61.94  0.67        N/A          0.64         N/A          63.43  45.879   2.15     4.43        6.8         98       3.9      2.06          0.47    36.94     0.47    0.48    0.72    0.76    0.75     59.90   4.89    77.53   51.51   0.55    458.40     27.84    63.93    0.27      1.02          3.96          3.03           73.48        
24   R0989-D1TS431_5     431     49.44    100.00  23    N/A       N/A        0.76      N/A        32.84    N/A           17.70    24.47    7.091    7.375    134   0    0     0     41.04  61.94  N/A         N/A          0.43         N/A          64.93  45.801   2.21     5.00        6.7         93       3        4.23          0.21    41.79     0.49    0.49    0.72    0.77    0.75     63.80   4.89    77.35   50.00   0.54    458.90     28.60    60.60    0.30      229.73        15.84         3.03           91.67        
25   R0989-D1TS102_4     102s    49.44    100.00  23    N/A       N/A        0.76      0.71       31.90    N/A           15.93    24.93    7.066    7.435    134   0    0     0     42.54  62.69  N/A         N/A          0.57         0.71         64.93  45.312   2.21     4.71        6.8         95       3.2      1.23          0.48    40.67     0.49    0.49    0.71    0.75    0.75     62.70   4.74    77.23   50.18   0.55    464.10     28.18    69.99    0.27      2.04          0.00          0.00           96.21        
26   R0989-D1TS344_4     344     49.44    100.00  23    N/A       N/A        0.76      N/A        32.09    N/A           18.61    25.42    6.892    7.232    134   0    0     0     42.54  62.69  N/A         N/A          0.57         N/A          65.67  45.473   2.30     4.34        7.3         103      4.1      1.74          0.46    37.31     0.49    0.49    0.71    0.78    0.75     60.60   4.89    77.30   50.41   0.55    467.10     27.41    66.61    0.30      0.00          4.95          2.27           81.82        
27   R0989-D1TS004_1     004s    49.25    100.00  27    0.87      0.69       0.73      0.69       33.21    0.81          18.27    25.24    7.288    7.636    134   0    0     0     43.28  62.69  0.67        0.73         0.64         0.75         63.43  50.41    1.88     4.53        7.8         102      3.7      0.82          0.49    39.18     0.50    0.49    0.73    0.79    0.73     57.00   5.19    76.82   52.40   0.55    490.40     24.54    66.39    0.29      0.00          0.00          0.00           95.45        
28   R0989-D1TS356_5     356     49.25    100.00  27    N/A       N/A        0.73      N/A        33.58    N/A           21.64    28.07    7.073    7.477    134   0    0     0     41.04  57.46  N/A         N/A          0.43         N/A          61.19  50.6     2.00     4.15        7.5         103      3.9      0.97          0.49    37.69     0.51    0.49    0.76    0.79    0.75     54.30   5.33    77.89   52.53   0.55    498.70     25.09    81.67    0.28      0.00          0.00          0.76           92.42        
29   R0989-D1TS270_5     270     49.07    100.00  29    N/A       N/A        0.71      N/A        33.40    N/A           16.45    25.43    7.429    7.902    134   0    0     0     42.54  61.19  N/A         N/A          0.57         N/A          63.43  46.166   2.06     4.43        6.6         98       3.8      1.67          0.45    35.08     0.50    0.48    0.72    0.79    0.75     53.70   4.89    77.46   52.08   0.55    438.00     28.67    N/A      0.26      0.51          2.97          0.76           86.36        
30   R0989-D1TS433_2     433     49.07    100.00  29    N/A       N/A        0.71      N/A        32.27    N/A           0.00     15.91    6.855    6.745    134   0    0     0     46.27  60.45  N/A         N/A          0.91         N/A          62.69  45.302   2.00     3.87        6.6         98       3.4      6.00          0.16    37.66     0.41    0.13    0.73    0.68    0.79     49.20   5.19    76.00   53.11   0.56    453.50     20.28    N/A      0.00      0.00          N/A           1.52           93.94        
31   R0989-D1TS433_3     433     49.07    100.00  29    N/A       N/A        0.71      N/A        31.53    N/A           0.00     15.46    6.891    6.782    134   0    0     0     47.01  60.45  N/A         N/A          0.98         N/A          63.43  44.83    2.10     3.58        6.5         95       3.4      6.00          0.16    37.94     0.41    0.14    0.73    0.69    0.79     49.20   5.04    75.69   53.03   0.56    444.90     20.13    N/A      0.00      2.84          N/A           1.52           93.94        
32   R0989-D1TS433_4     433     49.07    100.00  29    N/A       N/A        0.71      N/A        30.97    N/A           0.00     15.20    6.857    6.746    134   0    0     0     46.27  59.70  N/A         N/A          0.91         N/A          64.18  45.286   2.12     3.77        6.4         98       3.5      6.00          0.15    36.96     0.41    0.13    0.73    0.70    0.79     49.20   5.19    75.88   52.37   0.56    441.10     20.23    N/A      0.00      0.00          N/A           1.52           93.94        
33   R0989-D1TS433_1     433     48.88    100.00  33    0.81      N/A        0.68      N/A        31.34    N/A           0.00     15.05    6.912    6.802    134   0    0     0     47.01  59.70  1.02        N/A          0.98         N/A          64.18  44.75    2.10     3.96        6.5         97       3.5      6.00          0.16    37.45     0.41    0.13    0.73    0.72    0.79     49.20   5.04    75.84   52.50   0.56    452.10     19.95    N/A      0.00      2.84          N/A           0.76           93.94        
34   R0989-D1TS433_5     433     48.88    100.00  33    N/A       N/A        0.68      N/A        30.78    N/A           0.00     15.72    6.757    6.645    134   0    0     0     44.78  60.45  N/A         N/A          0.78         N/A          64.93  44.782   2.09     3.77        6.5         97       3.1      6.00          0.16    37.21     0.41    0.13    0.74    0.69    0.79     49.20   5.19    75.51   52.82   0.56    442.80     20.47    N/A      0.00      0.00          N/A           1.52           93.94        
35   R0989-D1TS460_2     460     48.69    100.00  35    N/A       N/A        0.66      N/A        32.09    N/A           15.84    23.60    6.955    7.329    134   0    0     0     44.03  64.18  N/A         N/A          0.71         N/A          66.42  48.625   2.10     4.81        6.9         94       3        2.23          0.44    37.68     0.48    0.48    0.72    0.80    0.75     56.67   5.04    77.76   50.82   0.55    463.70     27.14    83.46    0.26      2.55          3.96          7.58           80.30        
36   R0989-D1TS460_1     460     48.69    100.00  35    0.78      N/A        0.66      N/A        32.09    N/A           15.84    23.60    6.955    7.329    134   0    0     0     44.03  64.18  0.74        N/A          0.71         N/A          66.42  48.625   2.10     4.81        6.9         94       3        2.23          0.44    37.68     0.48    0.48    0.72    0.80    0.75     56.67   5.04    77.76   50.82   0.55    463.70     27.14    83.46    0.26      2.55          3.96          7.58           80.30        
37   R0989-D1TS102_5     102s    48.69    100.00  35    N/A       N/A        0.66      0.64       31.16    N/A           17.97    24.67    7.11     7.447    134   0    0     0     42.54  62.69  N/A         N/A          0.57         0.71         64.93  45.269   2.29     5.09        6.7         96       3.2      1.48          0.49    39.18     0.50    0.49    0.71    0.76    0.75     63.30   4.89    76.61   49.63   0.55    461.20     29.83    69.19    0.30      2.55          0.00          0.00           93.18        
38   R0989-D1TS390_1     390     48.13    100.00  38    0.70      N/A        0.58      N/A        30.60    N/A           15.21    22.22    7.635    7.937    134   0    0     0     40.30  63.43  0.39        N/A          0.36         N/A          63.43  45.268   2.12     4.62        6.7         102      3.9      1.51          0.47    37.69     0.48    0.47    0.65    0.78    0.74     64.70   4.89    77.67   50.41   0.54    480.90     28.92    77.32    0.25      3.57          0.00          0.00           94.70        
39   R0989-D1TS190_3     190     48.13    100.00  38    N/A       N/A        0.58      N/A        32.09    N/A           16.67    25.20    7.674    7.986    134   0    0     0     41.79  58.96  N/A         N/A          0.50         N/A          62.69  46.294   2.15     4.05        7.2         97       3.8      2.73          0.46    36.94     0.50    0.46    0.65    0.83    0.74     62.40   5.04    76.58   49.50   0.53    419.50     27.89    53.05    0.28      14.29         4.95          0.76           90.15        
40   R0989-D1TS190_4     190     47.95    100.00  40    N/A       N/A        0.56      N/A        31.53    N/A           17.01    25.26    7.581    7.909    134   0    0     0     40.30  57.46  N/A         N/A          0.36         N/A          58.21  43.951   2.05     4.15        6.1         95       3.6      2.70          0.46    34.70     0.48    0.45    0.68    0.82    0.73     59.60   4.89    76.11   48.83   0.53    405.00     31.39    53.88    0.24      17.87         5.94          0.00           94.70        
41   R0989-D1TS270_2     270     47.76    100.00  41    N/A       N/A        0.53      N/A        32.65    N/A           17.84    24.50    7.89     8.341    134   0    0     0     41.79  61.94  N/A         N/A          0.50         N/A          61.94  44.984   2.06     4.05        7           103      4.3      1.93          0.46    36.19     0.50    0.49    0.70    0.79    0.75     56.00   5.04    77.24   52.45   0.54    462.60     30.42    N/A      0.27      1.02          4.95          0.76           87.88        
42   R0989-D1TS344_3     344     47.76    100.00  41    N/A       N/A        0.53      N/A        30.60    N/A           14.22    22.09    7.113    7.491    134   0    0     0     40.30  61.19  N/A         N/A          0.36         N/A          62.69  43.785   2.32     4.15        6.3         98       4.1      1.63          0.44    37.69     0.47    0.47    0.69    0.74    0.75     54.20   5.04    76.47   49.59   0.53    435.20     28.23    67.11    0.27      0.00          2.97          3.03           77.27        
43   R0989-D1TS196_5     196     47.76    100.00  41    N/A       N/A        0.53      N/A        29.29    N/A           15.64    22.04    6.826    7.273    134   19   0     0     38.81  61.94  N/A         N/A          0.23         N/A          63.43  42.268   2.43     4.05        5.6         101      4.6      1.88          0.45    38.81     0.45    0.47    0.76    0.79    0.76     37.50   5.04    76.14   48.01   0.54    395.20     25.70    66.49    0.27      0.51          2.97          7.58           69.70        
44   R0989-D1TS359_5     359s    47.76    100.00  41    N/A       N/A        0.53      0.55       29.29    N/A           15.64    22.04    6.826    7.273    134   19   0     0     38.81  61.94  N/A         N/A          0.23         0.48         63.43  42.268   2.43     4.05        5.6         101      4.6      1.88          0.45    38.81     0.45    0.47    0.76    0.79    0.76     37.50   5.04    76.14   48.01   0.54    395.20     25.70    66.49    0.27      0.51          2.97          7.58           69.70        
45   R0989-D1TS102_1     102s    47.58    100.00  45    0.62      0.53       0.51      0.54       30.41    0.48          14.90    22.79    7.477    7.802    134   0    0     0     39.55  64.93  0.32        0.50         0.29         0.52         66.42  44.454   2.20     4.71        6.9         102      3.6      1.40          0.47    39.18     0.48    0.48    0.68    0.79    0.74     62.70   4.58    76.52   50.43   0.54    458.60     28.88    73.44    0.26      3.57          0.00          0.76           96.21        
46   R0989-D1TS190_1     190     47.39    100.00  46    0.59      N/A        0.48      N/A        30.60    N/A           18.56    25.41    7.324    7.661    134   1    0     0     41.04  61.19  0.46        N/A          0.43         N/A          62.69  43.949   2.08     4.15        6.2         96       3.2      2.31          0.46    36.57     0.49    0.46    0.66    0.79    0.75     53.90   4.74    78.20   48.66   0.54    421.80     31.60    52.95    0.28      14.80         1.98          1.52           93.94        
47   R0989-D1TS344_2     344     47.39    100.00  46    N/A       N/A        0.48      N/A        29.29    N/A           16.35    23.23    7.12     7.581    134   0    0     0     39.55  61.94  N/A         N/A          0.29         N/A          63.43  44.169   2.27     4.24        6.4         88       3.6      1.78          0.43    33.21     0.48    0.46    0.69    0.84    0.74     59.90   4.74    77.43   48.52   0.54    391.60     32.67    68.86    0.26      0.00          4.95          6.06           78.79        
48   R0989-D1TS390_2     390     47.20    100.00  48    N/A       N/A        0.46      N/A        29.66    N/A           15.30    23.07    7.689    7.976    134   0    0     0     41.04  63.43  N/A         N/A          0.43         N/A          63.43  46.553   2.11     4.53        6.6         100      4        1.30          0.47    38.43     0.49    0.48    0.64    0.77    0.74     61.70   4.89    76.99   51.23   0.53    454.60     29.07    77.20    0.28      1.53          0.00          0.00           93.94        
49   R0989-D1TS190_2     190     47.20    100.00  48    N/A       N/A        0.46      N/A        30.04    N/A           15.36    23.36    7.497    7.796    134   0    0     0     39.55  58.21  N/A         N/A          0.29         N/A          59.70  42.396   2.28     4.05        6.2         88       2.9      2.65          0.46    37.31     0.48    0.45    0.65    0.81    0.74     47.60   4.89    76.20   48.73   0.53    388.40     30.87    53.33    0.25      19.91         2.97          0.00           91.67        
50   R0989-D1TS390_3     390     47.20    100.00  48    N/A       N/A        0.46      N/A        29.11    N/A           15.39    23.41    7.259    7.612    134   0    0     0     42.54  64.18  N/A         N/A          0.57         N/A          65.67  43.284   2.17     4.81        6.7         100      4.3      1.40          0.47    38.43     0.49    0.49    0.70    0.78    0.74     64.00   5.04    77.57   50.65   0.54    461.90     28.81    75.05    0.26      2.55          0.00          0.76           94.70        
51   R0989-D1TS208_4     208     47.02    100.00  51    N/A       N/A        0.43      N/A        29.11    N/A           13.75    22.29    7.081    7.759    134   0    0     0     38.06  58.21  N/A         N/A          0.16         N/A          62.69  41.853   2.36     4.05        5.4         95       3.5      1.95          0.44    34.33     0.48    0.45    0.75    0.83    0.76     48.40   4.89    75.38   48.08   0.54    382.60     26.50    65.08    0.24      0.51          4.95          6.06           79.55        
52   R0989-D1TS217_5     217     47.02    100.00  51    N/A       N/A        0.43      N/A        29.29    N/A           14.08    21.53    6.909    7.202    134   0    0     0     41.79  61.94  N/A         N/A          0.50         N/A          62.69  43.029   2.32     4.15        4.8         98       3.7      4.14          0.30    40.30     0.46    0.49    0.74    0.82    0.74     56.00   5.04    78.34   48.61   0.53    365.50     24.00    75.72    0.21      205.01        6.93          6.82           80.30        
53   R0989-D1TS208_1     208     47.02    100.00  51    0.53      N/A        0.43      N/A        29.66    N/A           12.64    22.61    7.377    7.918    134   0    0     0     40.30  61.19  0.39        N/A          0.36         N/A          63.43  41.962   2.29     4.24        5.5         93       3.3      1.65          0.43    33.21     0.47    0.45    0.75    0.84    0.76     61.00   4.58    75.95   49.48   0.53    388.80     23.79    65.56    0.21      0.00          2.97          6.06           75.76        
54   R0989-D1TS356_3     356     47.02    100.00  51    N/A       N/A        0.43      N/A        30.60    N/A           18.24    25.16    7.306    7.789    134   0    0     0     40.30  58.96  N/A         N/A          0.36         N/A          61.94  46.216   2.14     4.24        6.6         101      4.3      0.86          0.47    38.06     0.49    0.49    0.75    0.79    0.73     44.70   5.04    75.93   51.08   0.52    436.10     26.88    79.54    0.29      0.00          0.00          0.76           94.70        
55   R0989-D1TS217_4     217     46.83    100.00  55    N/A       N/A        0.41      N/A        28.92    N/A           14.01    22.60    7.035    7.42     134   0    0     0     41.04  58.21  N/A         N/A          0.43         N/A          58.21  41.498   2.21     4.05        5.3         94       5.3      4.11          0.30    38.81     0.46    0.48    0.72    0.88    0.73     54.50   5.04    77.55   50.80   0.53    381.80     24.16    72.56    0.22      203.58        5.94          9.09           78.03        
56   R0989-D1TS208_2     208     46.83    100.00  55    N/A       N/A        0.41      N/A        29.29    N/A           12.93    21.93    7.513    8.186    134   0    0     0     40.30  60.45  N/A         N/A          0.36         N/A          61.94  42.327   2.29     3.77        5.7         93       3.2      1.43          0.43    35.08     0.48    0.45    0.75    0.80    0.76     53.30   3.89    75.81   50.87   0.54    393.40     22.87    65.97    0.22      0.00          1.98          4.55           82.58        
57   R0989-D1TS217_2     217     46.83    100.00  55    N/A       N/A        0.41      N/A        28.55    N/A           14.46    22.59    7.049    7.413    134   0    0     0     38.81  58.96  N/A         N/A          0.23         N/A          60.45  41.569   2.30     4.05        5.2         94       3.9      4.19          0.31    41.79     0.47    0.52    0.73    0.74    0.74     69.50   5.04    80.78   53.17   0.54    397.90     21.72    73.05    0.21      243.22        6.93          8.33           81.82        
58   R0989-D1TS086_3     086     46.45    100.00  58    N/A       N/A        0.35      N/A        29.11    N/A           17.30    21.66    6.344    7.034    134   1    0     0     34.33  64.18  N/A         N/A          -0.18        N/A          64.93  46.517   2.46     4.34        6.9         111      3.7      0.86          0.48    41.42     0.51    0.51    0.75    0.70    0.77     68.70   5.04    79.78   52.25   0.52    460.10     22.99    N/A      0.27      1.02          0.00          0.00           97.73        
59   R0989-D1TS359_4     359s    46.45    100.00  58    N/A       N/A        0.35      0.43       28.36    N/A           14.49    20.85    6.803    7.286    134   26   0     0     38.06  59.70  N/A         N/A          0.16         0.43         62.69  43.132   2.36     3.58        5.4         88       3        1.88          0.45    36.94     0.45    0.47    0.76    0.79    0.75     48.00   5.19    74.94   47.46   0.53    353.90     25.35    65.77    0.26      0.51          2.97          9.85           69.70        
60   R0989-D1TS196_4     196     46.45    100.00  58    N/A       N/A        0.35      N/A        28.36    N/A           14.49    20.85    6.803    7.286    134   26   0     0     38.06  59.70  N/A         N/A          0.16         N/A          62.69  43.132   2.36     3.58        5.4         88       3        1.88          0.45    36.94     0.45    0.47    0.76    0.79    0.75     48.00   5.19    74.94   47.46   0.53    353.90     25.35    65.77    0.26      0.51          2.97          9.85           69.70        
61   R0989-D1TS217_1     217     46.27    100.00  61    0.42      N/A        0.33      N/A        28.73    N/A           12.74    21.44    6.987    7.39     134   0    0     0     31.34  58.96  -0.44       N/A          -0.46        N/A          61.19  37.165   2.54     3.68        5.4         96       5.3      4.25          0.30    39.92     0.47    0.48    0.72    0.82    0.73     58.30   5.04    78.38   50.57   0.54    378.70     24.90    72.53    0.22      231.32        6.93          10.61          75.00        
62   R0989-D1TS217_3     217     46.27    100.00  61    N/A       N/A        0.33      N/A        28.92    N/A           14.58    21.27    6.914    7.289    134   0    0     0     38.81  55.97  N/A         N/A          0.23         N/A          56.72  41.018   2.23     4.05        4.8         96       4.4      4.15          0.28    40.30     0.46    0.50    0.72    0.82    0.74     58.90   5.04    78.34   50.00   0.53    361.80     23.46    73.70    0.19      245.53        7.92          4.55           87.12        
63   R0989-D1TS358_4     358     46.08    100.00  63    N/A       N/A        0.30      N/A        31.53    N/A           15.64    23.39    11.632   11.727   134   0    0     0     44.78  58.21  N/A         N/A          0.78         N/A          58.96  42.038   2.16     3.87        5.4         85       3.2      2.69          0.41    33.58     0.48    0.42    0.46    1.05    0.71     54.50   4.89    74.43   48.88   0.50    334.00     36.54    57.76    0.25      54.11         1.98          1.52           96.21        
64   R0989-D1TS208_5     208     46.08    100.00  63    N/A       N/A        0.30      N/A        29.11    N/A           11.57    21.17    8.097    8.603    134   0    0     0     40.30  59.70  N/A         N/A          0.36         N/A          61.19  41.997   2.14     4.24        5.3         95       3.6      1.28          0.43    35.45     0.46    0.45    0.74    0.79    0.75     55.60   3.70    75.25   47.47   0.53    383.10     26.07    63.97    0.20      0.00          0.99          7.58           76.52        
65   R0989-D1TS358_5     358     45.90    100.00  65    N/A       N/A        0.28      N/A        31.34    N/A           15.79    23.71    14.561   14.566   134   0    0     0     44.78  58.21  N/A         N/A          0.78         N/A          58.21  41.828   2.26     3.68        5.5         81       2.9      2.86          0.40    33.58     0.46    0.42    0.46    0.89    0.68     54.40   4.89    76.13   48.24   0.50    358.20     35.35    58.26    0.21      51.56         2.97          0.76           95.45        
66   R0989-D1TS102_2     102s    45.52    100.00  66    N/A       N/A        0.23      0.35       28.17    N/A           14.17    22.03    7.49     7.793    134   0    0     0     41.79  61.94  N/A         N/A          0.50         0.66         64.18  43.135   2.31     4.34        5.9         91       3.8      1.11          0.46    37.31     0.48    0.46    0.67    0.77    0.74     54.20   4.89    75.56   49.35   0.53    380.10     28.91    72.36    0.26      1.02          0.00          0.00           95.45        
67   R0989-D1TS358_2     358     45.52    100.00  66    N/A       N/A        0.23      N/A        31.72    N/A           16.89    23.95    13.261   13.277   134   0    0     0     42.54  54.48  N/A         N/A          0.57         N/A          54.48  45.085   2.04     3.68        5.6         85       3.2      2.34          0.40    35.08     0.47    0.43    0.54    0.96    0.71     54.50   4.89    76.61   48.65   0.50    368.40     30.37    58.16    0.24      48.49         0.99          1.52           96.97        
68   R0989-D1TS208_3     208     45.52    100.00  66    N/A       N/A        0.23      N/A        28.36    N/A           9.40     19.06    7.584    8.123    134   0    0     0     39.55  61.19  N/A         N/A          0.29         N/A          62.69  42.785   2.16     4.34        5.8         92       3.3      2.13          0.42    33.21     0.47    0.45    0.75    0.81    0.76     55.20   4.42    75.14   49.16   0.53    383.40     24.56    65.20    0.21      1.02          4.95          7.58           74.24        
69   R0989-D1TS359_3     359s    45.34    100.00  69    N/A       N/A        0.20      0.33       27.24    N/A           13.20    19.77    6.82     7.344    134   31   0     0     38.81  61.94  N/A         N/A          0.23         0.48         62.69  41.318   2.40     4.24        5           101      4.5      2.00          0.44    36.94     0.45    0.46    0.76    0.79    0.75     50.60   5.19    74.84   47.46   0.52    365.40     24.42    64.44    0.25      0.51          3.96          9.09           66.67        
70   R0989-D1TS328_1     328     45.34    100.00  69    0.28      N/A        0.20      N/A        29.48    N/A           10.03    20.53    12.245   12.376   134   0    0     0     38.06  56.72  0.18        N/A          0.16         N/A          56.72  41.181   2.20     4.05        6.5         91       3.2      2.77          0.46    42.16     0.50    0.47    0.54    1.10    0.68     66.20   4.42    78.60   55.97   0.52    413.30     18.33    N/A      0.24      5.62          6.93          11.36          71.21        
71   R0989-D1TS068_4     068     45.34    100.00  69    N/A       N/A        0.20      N/A        28.92    N/A           18.16    21.32    7.858    8.105    134   0    0     0     35.82  55.22  N/A         N/A          -0.05        N/A          55.22  39.72    2.10     3.68        5.4         96       3.8      1.37          0.48    40.67     0.52    0.50    0.76    0.88    0.71     57.90   5.19    79.67   53.98   0.50    380.80     16.56    71.21    0.24      1.53          0.00          2.27           92.42        
72   R0989-D1TS196_3     196     45.34    100.00  69    N/A       N/A        0.20      N/A        27.24    N/A           13.20    19.77    6.82     7.344    134   31   0     0     38.81  61.94  N/A         N/A          0.23         N/A          62.69  41.318   2.40     4.24        5           101      4.5      2.00          0.44    36.94     0.45    0.46    0.76    0.79    0.75     50.60   5.19    74.84   47.46   0.52    365.40     24.42    64.44    0.25      0.51          3.96          9.09           66.67        
73   R0989-D1TS281_1     281     45.15    100.00  73    0.25      N/A        0.18      N/A        30.41    N/A           12.96    23.32    12.958   12.78    134   0    0     0     44.03  53.73  0.74        N/A          0.71         N/A          56.72  40.454   2.11     2.64        6.1         78       3.2      2.80          0.40    36.57     0.50    0.46    0.50    1.06    0.69     62.20   4.07    77.55   54.95   0.51    336.40     20.83    57.07    0.22      35.73         2.97          0.76           93.94        
74   R0989-D1TS328_4     328     45.15    100.00  73    N/A       N/A        0.18      N/A        29.66    N/A           15.32    22.66    12.331   12.521   134   1    0     0     44.03  57.46  N/A         N/A          0.71         N/A          57.46  39.961   2.22     3.58        5.8         88       3.4      3.50          0.47    43.28     0.47    0.50    0.50    1.10    0.70     59.00   4.25    75.48   52.63   0.52    370.80     20.86    N/A      0.27      21.44         10.89         16.67          63.64        
75   R0989-D1TS086_4     086     45.15    100.00  73    N/A       N/A        0.18      N/A        28.17    N/A           16.67    21.32    6.455    7.05     134   0    0     0     34.33  60.45  N/A         N/A          -0.18        N/A          63.43  42.935   2.22     3.96        7.3         110      3.5      0.74          0.47    42.16     0.51    0.50    0.74    0.76    0.76     64.30   4.89    80.88   54.11   0.53    460.90     17.10    N/A      0.26      0.51          0.00          0.76           97.73        
76   R0989-D1TS457_2     457     44.96    100.00  76    N/A       N/A        0.15      N/A        29.29    N/A           18.43    23.99    8.27     8.59     134   0    0     0     36.57  58.96  N/A         N/A          0.02         N/A          61.19  41.946   2.19     3.87        6.3         93       3.3      1.44          0.45    37.31     0.46    0.44    0.55    0.90    0.73     48.50   4.58    74.95   47.88   0.52    421.30     27.31    75.28    0.23      2.55          0.00          0.00           93.94        
77   R0989-D1TS358_1     358     44.96    100.00  76    0.23      N/A        0.15      N/A        30.59    N/A           15.03    22.20    10.545   10.641   134   0    0     0     42.54  55.97  0.60        N/A          0.57         N/A          56.72  41.089   2.26     3.58        5.5         84       3.4      2.81          0.40    33.95     0.47    0.43    0.56    1.00    0.73     54.40   4.58    75.89   48.47   0.49    360.20     36.17    57.13    0.23      52.07         2.97          0.00           96.21        
78   R0989-D1TS281_2     281     44.78    100.00  78    N/A       N/A        0.13      N/A        29.48    N/A           11.38    21.26    11.759   11.675   134   0    0     0     44.03  50.75  N/A         N/A          0.71         N/A          54.48  40.609   2.12     2.45        6.3         71       2.7      2.30          0.44    36.94     0.51    0.46    0.61    1.00    0.71     68.10   3.70    77.12   55.18   0.51    316.00     19.39    56.51    0.22      31.65         0.99          1.52           95.45        
79   R0989-D1TS457_4     457     44.59    100.00  79    N/A       N/A        0.10      N/A        27.05    N/A           15.84    22.28    7.685    7.972    134   0    0     0     35.82  60.45  N/A         N/A          -0.05        N/A          60.45  42.07    2.26     3.77        5.5         97       3.9      0.90          0.44    33.95     0.48    0.45    0.62    0.87    0.72     52.00   4.89    76.16   46.53   0.51    397.70     29.91    75.80    0.25      1.53          0.00          0.00           98.48        
80   R0989-D1TS086_1     086     44.22    100.00  80    0.11      N/A        0.05      N/A        29.66    N/A           13.34    22.16    8.971    9.249    134   3    0     0     40.30  55.97  0.39        N/A          0.36         N/A          58.21  41.432   2.12     3.77        6           99       5.2      1.38          0.46    37.31     0.49    0.47    0.69    0.73    0.76     55.70   4.58    82.07   51.72   0.50    379.50     22.56    N/A      0.25      2.05          0.00          0.76           93.94        
81   R0989-D1TS102_3     102s    44.22    100.00  80    N/A       N/A        0.05      0.23       26.30    N/A           13.90    19.62    7.574    7.903    134   0    0     0     29.85  60.45  N/A         N/A          -0.60        -0.07        62.69  41.432   2.32     3.49        5.2         96       4.8      1.11          0.44    34.70     0.48    0.44    0.64    0.82    0.73     60.00   4.74    75.08   47.26   0.51    373.50     30.57    73.69    0.24      1.02          0.00          0.00           95.45        
82   R0989-D1TS112_2     112     44.03    100.00  82    N/A       N/A        0.03      N/A        30.23    N/A           16.33    25.00    10.777   11.313   134   0    0     0     38.81  54.48  N/A         N/A          0.23         N/A          54.48  39.629   2.27     2.83        6.1         93       5.9      1.16          0.47    35.08     0.49    0.47    0.65    0.83    0.70     58.30   4.89    76.33   50.96   0.51    406.80     26.80    75.19    0.27      0.00          0.99          3.03           84.85        
83   R0989-D1TS425_4     425     44.03    100.00  82    N/A       N/A        0.03      N/A        29.48    N/A           16.29    22.87    11.678   11.778   134   2    0     0     40.30  53.73  N/A         N/A          0.36         N/A          55.22  42.516   1.92     3.49        6.3         91       4.7      1.30          0.48    41.79     0.51    0.49    0.47    0.91    0.72     65.30   4.07    81.60   56.72   0.49    402.70     18.37    N/A      0.27      1.53          0.00          0.00           93.94        
84   R0989-D1TS425_3     425     44.03    100.00  82    N/A       N/A        0.03      N/A        29.29    N/A           13.63    21.82    10.402   10.725   134   1    0     0     41.79  60.45  N/A         N/A          0.50         N/A          64.93  44.916   2.10     3.21        7.5         96       2.8      1.26          0.46    39.55     0.50    0.46    0.58    0.91    0.69     64.80   4.74    78.05   52.81   0.50    467.70     21.60    N/A      0.24      1.53          0.00          0.00           94.70        
85   R0989-D1TS328_5     328     43.66    100.00  85    N/A       N/A        -0.02     N/A        28.36    N/A           11.74    22.63    12.088   12.276   134   1    0     0     41.79  54.48  N/A         N/A          0.50         N/A          54.48  37.544   2.05     2.92        5           86       3.1      2.80          0.47    41.79     0.48    0.48    0.56    0.95    0.68     56.30   3.29    75.94   51.02   0.51    334.70     21.87    N/A      0.20      4.08          9.90          9.09           68.94        
86   R0989-D1TS457_1     457     43.66    100.00  85    0.03      N/A        -0.02     N/A        27.43    N/A           16.56    21.57    8.176    8.378    134   0    0     0     35.07  56.72  -0.10       N/A          -0.12        N/A          56.72  42.81    2.19     3.77        5.5         97       4.1      1.08          0.45    34.33     0.48    0.45    0.57    0.88    0.72     48.30   4.89    75.18   46.74   0.50    405.50     31.46    77.48    0.23      0.51          0.00          0.00           93.94        
87   R0989-D1TS457_3     457     43.28    100.00  87    N/A       N/A        -0.08     N/A        26.31    N/A           16.94    21.78    8.147    8.309    134   0    0     0     33.58  58.96  N/A         N/A          -0.25        N/A          59.70  41.093   2.23     3.96        5.7         80       2.8      0.68          0.45    34.70     0.48    0.45    0.58    0.88    0.71     50.70   4.89    74.91   46.15   0.50    307.70     31.45    78.93    0.23      0.00          0.00          0.00           96.97        
88   R0989-D1TS112_3     112     43.10    100.00  88    N/A       N/A        -0.10     N/A        28.73    N/A           14.87    22.96    10.26    10.761   134   0    0     0     42.54  56.72  N/A         N/A          0.57         N/A          56.72  39.413   2.10     3.30        6.1         98       6.4      1.89          0.45    34.70     0.49    0.47    0.69    0.85    0.70     57.30   4.89    77.83   51.39   0.50    412.00     26.43    76.02    0.26      0.51          4.95          3.79           83.33        
89   R0989-D1TS196_2     196     43.10    100.00  88    N/A       N/A        -0.10     N/A        24.07    N/A           12.08    17.13    6.941    7.525    134   32   0     0     32.84  57.46  N/A         N/A          -0.32        N/A          58.21  38.815   2.34     3.49        4.6         97       4.1      1.77          0.43    35.45     0.43    0.45    0.76    0.79    0.74     41.70   5.04    74.79   47.34   0.51    354.10     23.94    62.63    0.23      0.51          1.98          9.09           65.91        
90   R0989-D1TS359_2     359s    43.10    100.00  88    N/A       N/A        -0.10     0.12       24.07    N/A           12.08    17.13    6.941    7.525    134   32   0     0     32.84  57.46  N/A         N/A          -0.32        0.11         58.21  38.815   2.34     3.49        4.6         97       4.1      1.77          0.43    35.45     0.43    0.45    0.76    0.79    0.74     41.70   5.04    74.79   47.34   0.51    354.10     23.94    62.63    0.23      0.51          1.98          9.09           65.91        
91   R0989-D1TS328_2     328     43.10    100.00  88    N/A       N/A        -0.10     N/A        27.24    N/A           9.00     17.94    13.127   13.211   134   0    0     0     38.81  56.72  N/A         N/A          0.23         N/A          56.72  39.763   2.41     3.30        5.4         84       2.8      3.57          0.44    34.70     0.46    0.44    0.44    1.17    0.67     36.80   3.50    76.11   50.63   0.49    350.10     26.14    N/A      0.19      20.42         12.87         18.18          59.09        
92   R0989-D1TS425_2     425     42.91    100.00  92    N/A       N/A        -0.13     N/A        29.29    N/A           15.41    23.54    12.312   12.691   134   0    0     0     42.54  54.48  N/A         N/A          0.57         N/A          54.48  40.832   2.13     3.39        6.2         93       5        0.99          0.46    40.67     0.52    0.46    0.53    0.96    0.68     69.10   4.25    78.48   54.04   0.49    402.20     22.26    66.41    0.28      0.51          0.00          0.76           95.45        
93   R0989-D1TS425_1     425     42.91    100.00  92    -0.08     N/A        -0.13     N/A        30.04    N/A           14.51    23.84    12.158   12.643   134   3    0     0     40.30  54.48  0.39        N/A          0.36         N/A          54.48  41.637   2.14     3.58        6.4         93       4.6      1.11          0.46    39.55     0.50    0.46    0.56    0.95    0.68     59.40   4.25    78.34   52.83   0.49    414.40     22.63    N/A      0.26      1.02          0.00          1.52           95.45        
94   R0989-D1TS086_2     086     42.91    100.00  92    N/A       N/A        -0.13     N/A        27.80    N/A           13.16    21.13    9.006    9.109    134   0    0     0     36.57  54.48  N/A         N/A          0.02         N/A          56.72  41.79    2.35     3.58        5.8         97       5.7      1.21          0.46    41.42     0.50    0.48    0.69    0.74    0.75     59.70   4.58    79.70   50.77   0.48    379.60     23.12    N/A      0.28      1.53          0.00          0.00           95.45        
95   R0989-D1TS328_3     328     42.35    100.00  95    N/A       N/A        -0.20     N/A        27.43    N/A           11.07    21.26    11.989   12.414   134   1    0     0     37.31  54.48  N/A         N/A          0.09         N/A          54.48  39.462   2.29     3.11        5.2         88       3.2      2.60          0.43    29.48     0.46    0.42    0.46    1.08    0.69     49.00   4.07    77.50   48.92   0.50    343.40     32.71    N/A      0.20      3.57          6.93          8.33           72.73        
96   R0989-D1TS112_1     112     42.35    100.00  95    -0.17     N/A        -0.20     N/A        27.43    N/A           14.38    20.81    8.945    9.164    134   0    0     0     37.31  54.48  0.11        N/A          0.09         N/A          55.97  37.754   2.24     3.02        4.4         88       4.2      1.39          0.41    30.22     0.49    0.43    0.58    0.94    0.73     55.60   4.25    72.33   46.69   0.49    342.00     29.78    76.42    0.30      0.00          3.96          2.27           93.18        
97   R0989-D1TS425_5     425     41.98    100.00  97    N/A       N/A        -0.25     N/A        27.98    N/A           14.67    21.48    11.451   11.781   134   1    0     0     36.57  53.73  N/A         N/A          0.02         N/A          55.97  39.451   2.04     3.58        5.9         89       3.3      0.99          0.45    33.58     0.49    0.44    0.52    1.07    0.67     59.40   4.25    77.76   51.53   0.48    391.80     24.53    N/A      0.27      0.51          0.00          0.76           95.45        
98   R0989-D1TS270_1     270     41.60    100.00  98    -0.28     N/A        -0.30     N/A        28.17    N/A           14.49    20.62    11.52    11.723   134   0    0     0     38.06  51.49  0.18        N/A          0.16         N/A          58.96  40.932   2.30     3.77        5.5         89       2.9      1.35          0.40    32.84     0.49    0.41    0.46    1.11    0.67     63.70   4.58    77.43   48.70   0.48    367.60     32.75    N/A      0.25      0.51          0.99          2.27           84.09        
99   R0989-D1TS112_4     112     41.42    100.00  99    N/A       N/A        -0.33     N/A        27.43    N/A           14.80    23.02    10.809   11.246   134   0    0     0     41.04  50.00  N/A         N/A          0.43         N/A          52.24  38.882   2.12     2.45        5.7         94       5.9      1.93          0.46    33.95     0.49    0.47    0.65    0.84    0.69     57.20   4.74    74.99   50.70   0.48    399.90     28.43    76.35    0.27      1.53          3.96          3.79           88.64        
100  R0989-D1TS492_4     492     40.67    100.00  100   N/A       N/A        -0.43     N/A        22.76    N/A           9.88     15.15    8.639    9.094    134   0    0     0     33.58  50.00  N/A         N/A          -0.25        N/A          52.24  36.431   2.39     2.83        3.8         88       4.1      2.96          0.38    27.98     0.44    0.36    0.41    1.05    0.73     62.90   4.89    72.58   46.09   0.46    274.20     34.14    61.84    0.17      14.29         6.93          1.52           84.85        
101  R0989-D1TS359_1     359s    40.67    100.00  100   -0.42     -0.13      -0.43     -0.10      22.57    -0.46         9.38     15.27    7.251    7.792    134   32   0     0     32.84  55.97  -0.30       0.08         -0.32        0.11         55.97  38.581   2.45     2.83        4.4         85       3.4      1.72          0.42    33.58     0.43    0.44    0.74    0.89    0.73     44.20   4.89    74.21   46.25   0.49    324.60     25.02    62.05    0.21      0.51          1.98          8.33           71.97        
102  R0989-D1TS196_1     196     40.67    100.00  100   -0.42     N/A        -0.43     N/A        22.57    N/A           9.38     15.27    7.251    7.792    134   32   0     0     32.84  55.97  -0.30       N/A          -0.32        N/A          55.97  38.581   2.45     2.83        4.4         85       3.4      1.72          0.42    33.58     0.43    0.44    0.74    0.89    0.73     44.20   4.89    74.21   46.25   0.49    324.60     25.02    62.05    0.21      0.51          1.98          8.33           71.97        
103  R0989-D1TS112_5     112     40.67    100.00  100   N/A       N/A        -0.43     N/A        24.07    N/A           13.25    18.26    8.179    8.487    134   0    0     0     33.58  50.75  N/A         N/A          -0.25        N/A          52.99  37.234   2.33     2.83        3.9         91       4        1.06          0.44    34.33     0.49    0.44    0.63    0.90    0.74     55.60   2.83    73.20   46.41   0.48    298.40     29.74    79.42    0.28      0.00          0.99          1.52           89.39        
104  R0989-D1TS195_1     195     40.11    100.00  104   -0.50     N/A        -0.51     N/A        27.43    N/A           16.80    21.12    12.229   12.253   134   0    0     0     33.58  47.01  -0.23       N/A          -0.25        N/A          49.25  35.612   2.09     2.64        4.3         77       3.1      1.74          0.41    29.85     0.47    0.43    0.56    0.97    0.67     54.60   3.89    70.66   48.11   0.45    305.20     28.33    N/A      0.22      2.04          1.98          3.79           90.15        
105  R0989-D1TS492_3     492     39.92    100.00  105   N/A       N/A        -0.53     N/A        24.63    N/A           11.68    18.78    10.027   10.296   134   0    0     0     35.07  47.76  N/A         N/A          -0.12        N/A          49.25  38.281   2.28     2.36        4           80       3.3      2.14          0.42    27.61     0.47    0.40    0.48    1.10    0.67     53.50   3.89    73.99   50.25   0.46    313.70     26.05    75.64    0.20      1.02          6.93          2.27           82.58        
106  R0989-D1TS431_3     431     39.18    100.00  106   N/A       N/A        -0.63     N/A        25.75    N/A           14.10    20.76    13.046   13.253   134   1    0     0     33.58  47.01  N/A         N/A          -0.25        N/A          48.51  37.259   2.20     2.55        4.3         77       4.1      1.49          0.43    32.09     0.49    0.43    0.39    1.24    0.66     62.10   3.89    78.13   50.90   0.44    321.20     43.18    55.69    0.24      0.51          1.98          1.52           88.64        
107  R0989-D1TS431_1     431     38.62    100.00  107   -0.72     N/A        -0.71     N/A        26.49    N/A           14.63    20.57    12.282   12.445   134   0    0     0     33.58  45.52  -0.23       N/A          -0.25        N/A          50.00  34.756   2.10     2.73        4.7         75       2.9      1.33          0.42    27.98     0.49    0.39    0.32    1.49    0.61     62.20   2.58    76.73   48.83   0.44    328.50     47.77    52.71    0.22      0.00          2.97          0.76           92.42        
108  R0989-D1TS288_5     288     37.50    100.00  108   N/A       N/A        -0.86     N/A        21.08    N/A           8.05     14.04    9.304    9.802    134   0    0     0     31.34  49.25  N/A         N/A          -0.46        N/A          52.24  34.41    2.47     3.39        3.9         76       3.4      2.54          0.37    25.75     0.44    0.36    0.49    1.12    0.71     59.60   3.89    73.72   46.32   0.43    293.10     39.08    77.95    0.18      3.06          8.91          4.55           81.06        
109  R0989-D1TS288_2     288     34.33    100.00  109   N/A       N/A        -1.29     N/A        19.77    N/A           8.66     13.71    9.903    10.345   134   0    0     0     25.37  45.52  N/A         N/A          -1.01        N/A          49.25  32.63    2.42     2.07        3.2         74       3.7      1.70          0.38    22.76     0.45    0.35    0.46    1.09    0.69     54.20   3.07    74.20   42.88   0.40    253.40     42.17    58.78    0.16      0.00          4.95          5.30           84.09        
110  R0989-D1TS068_5     068     33.95    100.00  110   N/A       N/A        -1.34     N/A        21.83    N/A           11.32    15.92    11.999   12.173   134   0    0     0     27.61  42.54  N/A         N/A          -0.80        N/A          47.76  34.562   2.27     2.36        3.4         74       3        1.05          0.40    27.98     0.47    0.37    0.45    1.25    0.62     67.10   4.25    75.63   47.94   0.39    252.30     37.87    56.58    0.19      1.02          0.00          0.00           96.21        
111  R0989-D1TS492_1     492     33.58    100.00  111   -1.48     N/A        -1.39     N/A        21.45    N/A           7.65     15.21    11.493   11.983   134   0    0     0     26.12  41.04  -0.93       N/A          -0.94        N/A          48.51  34.004   2.25     2.73        3.3         77       4.9      1.98          0.38    30.97     0.44    0.37    0.50    1.12    0.66     61.40   3.50    76.61   50.37   0.39    268.00     36.03    78.14    0.14      1.02          3.96          2.27           81.06        
112  R0989-D1TS288_1     288     33.58    100.00  111   -1.48     N/A        -1.39     N/A        19.59    N/A           7.56     12.82    10.32    10.583   134   0    0     0     8.21   38.81  -2.61       N/A          -2.58        N/A          44.78  29.197   2.32     1.51        2.3         73       3.9      1.08          0.37    23.13     0.43    0.32    0.41    1.14    0.68     59.10   3.29    67.44   43.57   0.39    243.10     38.57    80.47    0.13      0.00          0.99          2.27           88.64        
113  R0989-D1TS492_5     492     33.40    100.00  113   N/A       N/A        -1.42     N/A        18.47    N/A           6.73     12.65    9.361    10.015   134   0    0     0     14.93  44.03  N/A         N/A          -1.97        N/A          47.01  30.762   2.70     2.26        1.9         77       3.9      2.13          0.36    23.51     0.43    0.33    0.44    1.12    0.70     56.30   3.29    68.49   43.43   0.39    215.60     40.76    72.36    0.15      1.02          5.94          4.55           79.55        
114  R0989-D1TS068_3     068     32.84    100.00  114   N/A       N/A        -1.49     N/A        21.64    N/A           12.15    16.43    12.073   12.226   134   0    0     0     25.37  40.30  N/A         N/A          -1.01        N/A          50.00  32.508   2.55     2.36        3.4         75       3.3      1.30          0.40    27.24     0.47    0.37    0.43    1.27    0.62     75.00   4.07    74.95   47.43   0.39    273.30     41.32    54.81    0.18      1.02          0.00          0.76           91.67        
115  R0989-D1TS492_2     492     31.72    100.00  115   N/A       N/A        -1.65     N/A        19.03    N/A           7.11     13.48    11.658   11.847   134   0    0     0     23.13  39.55  N/A         N/A          -1.21        N/A          42.54  29.569   2.63     1.32        2.9         69       3.6      1.60          0.39    31.72     0.46    0.35    0.42    1.38    0.65     61.70   3.07    74.66   50.54   0.39    251.70     21.70    68.62    0.16      0.51          1.98          3.79           82.58        
116  R0989-D1TS068_1     068     30.78    100.00  116   -1.90     N/A        -1.77     N/A        21.08    N/A           9.25     14.33    15.063   15.168   134   0    0     0     22.39  28.36  -1.28       N/A          -1.28        N/A          41.79  31.551   2.08     1.32        2.9         68       3.3      1.15          0.34    18.28     0.43    0.29    0.23    1.71    0.55     50.20   3.50    60.48   42.97   0.37    262.30     67.51    51.16    0.14      0.51          0.00          0.00           92.42        
117  R0989-D1TS068_2     068     30.04    100.00  117   N/A       N/A        -1.87     N/A        19.40    N/A           7.71     13.43    14.506   14.661   134   0    0     0     26.12  33.58  N/A         N/A          -0.94        N/A          44.03  28.689   2.33     1.98        2.4         63       3.6      1.04          0.34    19.78     0.45    0.29    0.26    1.65    0.55     62.40   3.29    61.65   43.92   0.36    203.90     71.20    49.82    0.15      0.51          0.00          1.52           94.70        
118  R0989-D1TS288_3     288     28.17    100.00  118   N/A       N/A        -2.13     N/A        16.42    N/A           5.44     10.90    12.354   12.733   134   0    0     0     1.49   29.85  N/A         N/A          -3.20        N/A          43.28  27.057   2.40     1.60        1.6         68       3.3      2.09          0.31    18.66     0.40    0.25    0.29    1.30    0.64     49.60   2.30    65.86   38.38   0.34    163.50     53.55    N/A      0.09      1.02          5.94          5.30           82.58        
119  R0989-D1TS288_4     288     26.12    100.00  119   N/A       N/A        -2.41     N/A        14.74    N/A           4.63     9.46     10.65    11.143   134   0    0     0     15.67  32.09  N/A         N/A          -1.90        N/A          35.07  23.403   2.50     0.57        1.2         60       5.7      2.57          0.33    17.91     0.41    0.28    0.37    1.21    0.64     54.10   3.70    64.53   39.50   0.32    149.90     47.31    78.58    0.13      2.55          11.88         5.30           81.82        
120  R0989-D1TS312_2     312s    24.81    100.00  120   N/A       N/A        -2.58     -1.55      13.25    N/A           4.07     8.73     30.129   30.153   134   1    0     0     5.22   28.36  N/A         N/A          -2.86        -1.58        32.09  20.09    2.53     -0.66       1           52       7.4      4.05          0.28    13.43     0.36    0.29    0.27    1.48    0.61     31.90   2.30    49.69   36.61   0.26    116.70     295.96   80.36    0.08      118.37        7.92          12.12          71.21        
121  R0989-D1TS431_4     431     24.44    100.00  121   N/A       N/A        -2.63     N/A        17.35    N/A           8.26     12.22    16.485   16.729   134   0    0     0     0.00   26.12  N/A         N/A          -3.34        N/A          31.34  23.416   2.52     0.28        1           59       5.2      1.13          0.33    24.63     0.48    0.29    0.07    1.86    0.48     58.30   2.83    50.77   42.73   0.28    144.30     95.85    42.19    0.21      0.00          1.98          0.76           93.94        
122  R0989-D1TS312_4     312s    24.07    100.00  122   N/A       N/A        -2.68     -1.62      12.31    N/A           1.40     5.38     29.511   29.547   134   3    0     0     0.00   0.00   N/A         N/A          -3.34        -1.90        27.61  20.061   2.36     -0.28       0.5         56       6.8      4.01          0.30    14.93     0.33    0.28    0.30    1.39    0.61     26.20   2.58    47.95   36.19   0.28    112.90     290.34   76.00    0.07      136.22        5.94          12.12          71.97        
123  R0989-D1TS312_1     312s    22.39    100.00  123   -3.16     -1.89      -2.91     -1.77      11.75    -1.75         3.42     7.47     30.236   30.118   134   2    0     0     0.00   0.00   -3.38       -1.95        -3.34        -1.90        30.60  21.072   2.41     -0.75       0.7         48       7.8      3.93          0.30    12.69     0.36    0.28    0.27    1.47    0.59     26.80   1.99    46.51   34.67   0.26    101.30     301.08   80.78    0.09      130.61        3.96          16.67          62.88        
124  R0989-D1TS312_5     312s    22.02    100.00  124   N/A       N/A        -2.96     -1.81      12.13    N/A           2.61     5.03     31.211   31.375   134   3    0     0     0.00   0.00   N/A         N/A          -3.34        -1.90        26.12  18.322   2.49     -1.23       0           0        N/A      4.07          0.26    8.96      0.35    0.25    0.25    1.60    0.59     21.40   2.83    41.96   33.92   0.25    N/A        299.61   79.20    0.10      159.69        5.94          11.36          71.97        
125  R0989-D1TS312_3     312s    21.08    100.00  125   N/A       N/A        -3.09     -1.90      11.20    N/A           2.77     5.61     30.323   30.429   134   1    0     0     8.96   23.88  N/A         N/A          -2.52        -1.35        29.85  18.24    2.76     -1.04       0.1         42       4.9      4.14          0.28    10.82     0.36    0.26    0.24    1.58    0.60     25.90   2.83    40.87   35.18   0.26    80.80      300.57   78.42    0.08      148.47        7.92          10.61          71.21        
126  R0989-D1TS431_2     431     18.47    100.00  126   N/A       N/A        -3.44     N/A        9.89     N/A           3.26     4.41     15.492   15.73    134   0    0     0     7.46   25.37  N/A         N/A          -2.65        N/A          34.33  26.464   2.53     0.66        1.7         59       4        1.65          0.27    12.31     0.41    0.15    0.12    1.86    0.51     48.50   1.99    38.63   33.03   0.22    184.60     81.27    31.16    0.10      0.00          7.92          0.76           92.42        

