#    Model               GR#     GDT_TS   NP_P    RANK  Z-M1-GDT  Z-M1s-GDT  Z-MA-GDT  Z-MAs-GDT  GDT_HA   Z-M1s-GDT-HA  GDC_SC   GDC_ALL  RMS_CA   RMS_ALL  NP    err  PC01  PC05  AL0_P  AL4_P  Z-M1-AL0_p  Z-M1s-AL0_p  Z-MA-AL0_p   Z-MAs-AL0_p  ALI_P  LGA_S    RMSD[L]  Z-score[M]  Z-Score[D]  Al.Res.  RMSD[D]  MolPrb_Score  LDDT    SphGr     CAD_AA  RPF     CODM    DFM     Handed.  SOV     CE      QCS     CONTS   TMscore  Dali(raw)  FlexE    QSE      CAD_SS    MolPrb_clash  MolPrb_rotout  MolPrb_ramout  MolPrb_ramfv 

-    starting_model      -       60.83    -       -     -         -          -         -          42.32    -             16.70    -        5.48     6.33     -     -    -     -     -      -      -           -            -            -            -      -        -        6.47        12.10       112      3.30     3.20          0.48    46.46     0.50    0.52    0.78    0.48    0.83     76.00   5.60    70.60   59.65   0.67     691.90     31.61    37.87    0.22      61.65         4.35          0.00           92.80        

1    R0981-D5TS425_3     425     71.85    100.00  1     N/A       N/A        2.43      N/A        50.79    N/A           28.35    42.45    2.783    3.797    127   2    0     0     74.80  90.55  N/A         N/A          2.77         N/A          90.55  68.071   2.09     7.45        14.3        123      2.4      1.22          0.60    71.65     0.61    0.67    0.93    0.28    0.90     86.80   6.11    88.19   77.14   0.78    800.80     4.98     78.84    0.39      1.01          0.00          1.60           93.60        
2    R0981-D5TS425_4     425     71.06    100.00  2     N/A       N/A        2.27      N/A        50.20    N/A           28.16    41.78    2.88     3.963    127   2    0     0     75.59  88.98  N/A         N/A          2.88         N/A          88.98  66.265   2.00     7.25        13.1        120      2.3      1.49          0.59    66.53     0.60    0.65    0.91    0.36    0.89     85.40   6.11    87.21   74.56   0.78    741.20     7.86     79.37    0.37      2.53          0.00          0.80           92.80        
3    R0981-D5TS425_1     425     67.32    100.00  3     1.50      N/A        1.52      N/A        46.26    N/A           24.98    38.28    3.496    4.755    127   4    0     0     68.50  87.40  1.76        N/A          1.89         N/A          87.40  64.749   2.12     7.55        12.7        123      2.6      1.04          0.56    58.27     0.58    0.61    0.87    0.35    0.88     90.90   5.86    81.23   69.81   0.73    721.60     9.65     N/A      0.34      2.53          0.00          0.00           98.40        
4    R0981-D5TS068_5     068     66.53    100.00  4     N/A       N/A        1.37      N/A        46.26    N/A           20.93    33.02    3.16     4.712    127   0    0     0     63.78  88.19  N/A         N/A          1.22         N/A          88.19  72.226   1.91     7.45        13.7        119      2.1      1.06          0.52    52.76     0.53    0.57    0.90    0.43    0.87     95.60   5.99    81.69   65.42   0.74    772.70     9.37     84.65    0.26      0.51          0.00          0.80           94.40        
5    R0981-D5TS068_3     068     66.34    100.00  5     N/A       N/A        1.33      N/A        46.06    N/A           21.41    32.70    3.096    4.63     127   0    0     0     61.42  87.40  N/A         N/A          0.89         N/A          87.40  75.414   1.93     7.45        13.9        122      2.3      1.35          0.52    53.54     0.53    0.57    0.91    0.42    0.87     94.10   5.86    81.93   64.94   0.73    778.60     8.88     84.15    0.24      2.02          0.87          0.80           94.40        
6    R0981-D5TS068_4     068     66.14    100.00  6     N/A       N/A        1.29      N/A        45.87    N/A           21.33    32.31    3.128    4.649    127   0    0     0     60.63  88.19  N/A         N/A          0.78         N/A          88.19  74.669   1.98     7.45        13.6        122      2.3      1.31          0.52    53.54     0.53    0.57    0.90    0.42    0.87     94.10   5.86    81.82   64.90   0.73    766.30     8.98     84.06    0.24      1.52          0.87          0.80           93.60        
7    R0981-D5TS068_2     068     66.14    100.00  6     N/A       N/A        1.29      N/A        45.67    N/A           21.20    32.34    3.133    4.654    127   0    0     0     59.84  87.40  N/A         N/A          0.67         N/A          87.40  71.394   1.96     7.45        13.7        122      2.3      1.43          0.52    53.54     0.53    0.57    0.90    0.42    0.87     94.10   5.86    81.66   64.89   0.73    770.40     8.94     84.17    0.24      2.02          0.87          0.80           92.80        
8    R0981-D5TS425_5     425     65.75    100.00  8     N/A       N/A        1.21      N/A        44.49    N/A           21.60    33.96    3.649    4.623    127   1    0     0     66.14  82.68  N/A         N/A          1.56         N/A          82.68  62.555   2.24     6.96        12.7        121      2.9      1.25          0.55    61.02     0.57    0.60    0.88    0.34    0.88     83.80   5.86    83.28   71.51   0.71    719.20     7.26     82.22    0.33      2.02          0.00          2.40           96.00        
9    R0981-D5TS156_4     156s    65.35    100.00  9     N/A       N/A        1.13      1.39       45.48    N/A           21.55    34.23    3.207    4.642    127   0    0     0     61.42  88.98  N/A         N/A          0.89         1.14         88.98  68.794   1.96     6.86        13.9        120      2.3      0.92          0.54    56.69     0.55    0.58    0.91    0.38    0.87     89.90   5.99    79.93   67.50   0.73    778.90     9.14     87.50    0.27      0.00          0.00          0.80           93.60        
10   R0981-D5TS156_1     156s    65.35    100.00  9     1.12      1.38       1.13      1.39       45.67    1.40          18.34    32.78    3.336    4.814    127   0    0     0     62.20  89.76  0.95        0.96         1.00         1.28         89.76  68.946   2.06     7.94        14.4        121      2.3      0.92          0.52    51.18     0.53    0.56    0.89    0.44    0.86     94.50   5.99    81.02   64.14   0.73    805.80     11.82    86.53    0.26      0.00          0.00          0.80           93.60        
11   R0981-D5TS425_2     425     65.16    100.00  11    N/A       N/A        1.09      N/A        43.70    N/A           22.09    36.98    3.564    4.783    127   3    0     0     67.72  85.04  N/A         N/A          1.78         N/A          85.04  63.759   2.08     7.25        12.4        123      2.6      1.46          0.56    58.66     0.56    0.61    0.86    0.42    0.87     75.80   5.86    81.55   70.66   0.72    704.70     9.26     80.90    0.33      4.04          0.00          1.60           96.00        
12   R0981-D5TS117_1     117     64.96    100.00  12    1.05      N/A        1.05      N/A        43.90    N/A           18.09    34.65    4.195    5.147    127   1    0     0     68.50  81.10  1.76        N/A          1.89         N/A          81.10  61.013   2.16     6.76        11.1        116      2.8      4.31          0.51    57.09     0.50    0.60    0.86    0.37    0.86     40.90   5.86    74.75   64.32   0.73    641.60     17.48    81.67    0.30      96.06         20.87         21.60          68.00        
13   R0981-D5TS086_2     086     64.76    100.00  13    N/A       N/A        1.01      N/A        44.49    N/A           24.60    36.69    3.694    4.912    127   0    0     0     59.84  85.04  N/A         N/A          0.67         N/A          85.04  63.458   2.06     6.96        13          122      2.7      1.25          0.53    52.76     0.55    0.58    0.87    0.41    0.86     80.80   5.86    79.19   67.59   0.71    737.30     9.64     N/A      0.28      2.02          0.00          0.00           96.00        
14   R0981-D5TS208_3     208     64.37    100.00  14    N/A       N/A        0.93      N/A        43.11    N/A           16.82    32.73    3.882    5.473    127   0    0     0     60.63  84.25  N/A         N/A          0.78         N/A          84.25  68.735   1.84     7.15        12.1        117      2.4      1.80          0.48    47.24     0.51    0.52    0.83    0.47    0.84     70.80   5.86    72.64   59.65   0.72    691.90     14.30    81.78    0.22      0.51          5.22          3.20           88.80        
15   R0981-D5TS156_5     156s    63.98    100.00  15    N/A       N/A        0.85      0.97       44.88    N/A           19.46    32.78    4.09     5.334    127   0    0     0     55.91  92.13  N/A         N/A          0.12         0.15         92.13  79.038   2.00     7.74        14.4        121      2.1      0.88          0.51    47.24     0.54    0.55    0.83    0.47    0.85     85.90   5.86    72.30   62.58   0.71    803.30     13.70    86.35    0.28      0.00          0.00          1.60           94.40        
16   R0981-D5TS068_1     068     63.78    100.00  16    0.82      N/A        0.81      N/A        44.09    N/A           20.24    31.45    3.532    4.903    127   0    0     0     55.91  86.61  0.15        N/A          0.12         N/A          86.61  69.873   1.94     7.06        13.2        118      2.4      1.06          0.52    51.58     0.53    0.57    0.88    0.47    0.87     88.50   5.86    81.30   64.92   0.72    748.30     9.67     83.08    0.26      0.51          0.87          1.60           94.40        
17   R0981-D5TS328_5     328     63.39    100.00  17    N/A       N/A        0.74      N/A        42.13    N/A           18.36    31.46    3.906    5.174    127   0    0     0     66.14  82.68  N/A         N/A          1.56         N/A          82.68  59.833   2.10     6.37        11.8        121      3.2      3.08          0.53    59.45     0.55    0.65    0.90    0.46    0.87     62.50   5.86    81.46   70.72   0.71    677.10     7.73     N/A      0.33      13.14         8.70          4.80           80.00        
18   R0981-D5TS156_2     156s    63.39    100.00  17    N/A       N/A        0.74      0.78       44.49    N/A           20.82    33.14    4.108    5.297    127   0    0     0     55.91  89.76  N/A         N/A          0.12         0.15         91.34  73.652   1.97     7.84        14.3        121      2.2      0.70          0.51    48.82     0.55    0.55    0.84    0.47    0.85     86.00   5.86    72.23   62.25   0.70    800.00     13.43    86.54    0.28      0.00          0.00          0.80           96.80        
19   R0981-D5TS102_3     102s    63.19    100.00  19    N/A       N/A        0.70      0.72       43.31    N/A           18.96    34.36    5.244    6.145    127   0    0     0     59.06  81.89  N/A         N/A          0.56         0.72         82.68  71.31    1.72     6.76        11.9        111      2.8      1.37          0.48    46.85     0.50    0.51    0.78    0.46    0.84     66.80   5.73    70.32   59.02   0.70    680.30     28.55    51.36    0.23      2.53          0.00          0.80           95.20        
20   R0981-D5TS208_2     208     63.19    100.00  19    N/A       N/A        0.70      N/A        43.70    N/A           16.82    31.36    4.47     5.715    127   0    0     0     56.69  82.68  N/A         N/A          0.23         N/A          82.68  69.856   1.82     6.76        12.2        113      2.4      2.32          0.49    46.46     0.50    0.52    0.82    0.49    0.85     85.00   5.73    71.49   60.69   0.70    697.20     20.25    82.38    0.22      1.52          8.70          2.40           81.60        
21   R0981-D5TS117_2     117     62.99    100.00  21    N/A       N/A        0.66      N/A        42.13    N/A           16.82    32.49    4.379    5.291    127   0    0     0     66.14  79.53  N/A         N/A          1.56         N/A          79.53  60.118   2.20     6.47        10.7        119      3.4      4.06          0.51    56.69     0.52    0.60    0.85    0.41    0.85     62.70   5.86    75.10   63.76   0.72    623.10     20.16    79.01    0.29      102.07        14.78         10.40          82.40        
22   R0981-D5TS156_3     156s    62.99    100.00  21    N/A       N/A        0.66      0.66       43.90    N/A           18.66    31.95    4.052    5.314    127   0    0     0     56.69  92.91  N/A         N/A          0.23         0.29         92.91  73.648   1.95     8.04        14.5        121      2.1      0.96          0.51    47.24     0.54    0.54    0.83    0.45    0.85     85.90   5.86    72.32   62.01   0.70    811.60     13.93    88.05    0.27      0.00          0.00          0.80           92.80        
23   R0981-D5TS086_5     086     62.99    100.00  21    N/A       N/A        0.66      N/A        42.52    N/A           24.29    33.08    4.103    5.105    127   0    0     0     59.06  84.25  N/A         N/A          0.56         N/A          84.25  62.225   2.18     6.47        12.9        121      2.8      1.13          0.55    54.33     0.56    0.60    0.85    0.39    0.85     88.70   5.86    78.61   68.11   0.68    732.00     12.09    N/A      0.32      1.01          0.00          1.60           95.20        
24   R0981-D5TS208_5     208     62.60    100.00  24    N/A       N/A        0.58      N/A        43.11    N/A           17.42    31.98    4.523    5.836    127   0    0     0     56.69  82.68  N/A         N/A          0.23         N/A          82.68  70.292   1.81     6.66        12.1        117      3.2      2.06          0.48    43.70     0.49    0.52    0.84    0.44    0.85     59.10   5.73    72.41   60.26   0.70    692.30     18.76    80.32    0.22      2.02          3.48          1.60           84.00        
25   R0981-D5TS102_2     102s    62.60    100.00  24    N/A       N/A        0.58      0.54       42.52    N/A           19.41    34.21    5.258    6.099    127   0    0     0     57.48  81.89  N/A         N/A          0.34         0.43         82.68  70.748   1.78     6.86        12          112      2.8      0.98          0.49    48.82     0.51    0.53    0.78    0.49    0.84     64.90   5.73    70.17   59.78   0.70    685.00     28.30    51.40    0.24      1.52          0.00          0.80           97.60        
26   R0981-D5TS390_5     390     62.60    100.00  24    N/A       N/A        0.58      N/A        42.52    N/A           18.10    32.37    5.247    6.138    127   0    0     0     58.27  81.89  N/A         N/A          0.45         N/A          82.68  75.729   1.88     6.57        12.2        112      2.9      1.50          0.48    46.85     0.50    0.51    0.79    0.47    0.84     64.70   5.60    71.53   59.75   0.70    698.00     27.35    56.22    0.23      4.55          0.00          0.00           96.00        
27   R0981-D5TS086_1     086     62.60    100.00  24    0.59      N/A        0.58      N/A        42.12    N/A           21.36    32.81    4.147    5.291    127   0    0     0     59.06  83.46  0.55        N/A          0.56         N/A          83.46  61.641   2.09     6.76        12.9        121      2.8      1.48          0.53    51.97     0.55    0.57    0.85    0.37    0.86     90.20   5.86    79.06   68.66   0.68    732.00     12.59    N/A      0.28      3.54          0.00          1.60           95.20        
28   R0981-D5TS208_4     208     62.20    100.00  28    N/A       N/A        0.50      N/A        42.32    N/A           16.47    30.32    4.411    5.661    127   0    0     0     55.12  82.68  N/A         N/A          0.01         N/A          82.68  63.196   1.75     6.66        12.3        114      2.5      2.02          0.48    44.49     0.52    0.52    0.82    0.54    0.84     77.40   5.60    73.89   58.79   0.69    700.40     18.16    80.41    0.24      0.51          7.83          4.80           84.80        
29   R0981-D5TS492_1     492     62.20    100.00  28    0.52      N/A        0.50      N/A        39.77    N/A           17.55    28.44    4.58     5.793    127   0    0     0     52.76  86.61  -0.26       N/A          -0.32        N/A          86.61  66.16    1.88     7.45        13.1        120      2.5      1.88          0.47    48.42     0.50    0.53    0.86    0.42    0.85     76.70   5.73    74.56   59.15   0.67    741.50     13.36    84.41    0.27      1.01          4.35          4.80           88.00        
30   R0981-D5TS208_1     208     62.01    100.00  30    0.48      N/A        0.46      N/A        43.11    N/A           16.59    30.34    4.643    5.828    127   0    0     0     54.33  82.68  -0.06       N/A          -0.10        N/A          82.68  64.748   1.92     6.76        12          115      2.4      1.82          0.48    46.46     0.50    0.51    0.79    0.52    0.85     84.00   5.73    71.55   59.12   0.70    689.10     17.41    80.78    0.24      1.01          4.35          2.40           90.40        
31   R0981-D5TS457_4     457     61.81    100.00  31    N/A       N/A        0.42      N/A        41.73    N/A           23.27    33.22    5.247    5.994    127   0    0     0     54.33  82.68  N/A         N/A          -0.10        N/A          83.46  66.399   1.84     6.86        11.9        110      2.1      1.55          0.49    50.00     0.51    0.53    0.79    0.48    0.85     76.40   5.60    72.28   59.52   0.70    684.20     25.84    85.40    0.25      2.53          0.00          0.80           91.20        
32   R0981-D5TS102_5     102s    61.81    100.00  31    N/A       N/A        0.42      0.30       43.11    N/A           21.71    33.52    5.366    6.236    127   0    0     0     58.27  81.89  N/A         N/A          0.45         0.57         83.46  73.198   1.82     6.76        12.2        111      2.8      1.48          0.49    47.64     0.50    0.52    0.78    0.47    0.84     74.90   5.60    69.89   59.17   0.69    695.50     29.03    50.59    0.23      3.54          0.00          0.80           95.20        
33   R0981-D5TS086_3     086     61.61    100.00  33    N/A       N/A        0.38      N/A        40.55    N/A           21.31    30.70    3.944    5.021    127   1    0     0     54.33  84.25  N/A         N/A          -0.10        N/A          84.25  59.76    2.21     7.15        11.8        119      2.7      1.35          0.50    50.39     0.55    0.55    0.85    0.39    0.86     85.20   5.73    78.46   64.40   0.67    679.80     13.78    N/A      0.31      1.52          0.00          0.00           92.80        
34   R0981-D5TS288_4     288     61.61    100.00  33    N/A       N/A        0.38      N/A        39.77    N/A           17.14    29.81    4.305    5.426    127   0    0     0     54.33  85.83  N/A         N/A          -0.10        N/A          85.83  64.394   2.04     6.57        12.5        117      2.3      1.58          0.48    46.46     0.51    0.53    0.84    0.43    0.85     84.90   5.73    75.43   60.87   0.70    711.30     17.83    78.01    0.23      0.00          5.22          0.80           90.40        
35   R0981-D5TS190_5     190     61.22    100.00  35    N/A       N/A        0.30      N/A        42.33    N/A           18.75    32.41    5.544    6.313    127   0    0     0     56.69  79.53  N/A         N/A          0.23         N/A          81.10  63.103   1.91     6.27        11.6        111      3        2.04          0.48    46.85     0.51    0.51    0.79    0.51    0.84     74.10   5.60    68.72   58.18   0.68    669.40     31.16    48.40    0.25      7.58          5.22          0.80           97.60        
36   R0981-D5TS344_2     344     61.22    100.00  35    N/A       N/A        0.30      N/A        42.12    N/A           19.92    32.01    5.571    6.491    127   0    0     0     57.48  81.89  N/A         N/A          0.34         N/A          82.68  64.689   1.96     6.47        11.6        111      3        1.55          0.48    47.95     0.51    0.52    0.79    0.51    0.84     67.56   5.60    70.10   59.35   0.68    667.10     31.49    77.07    0.27      0.00          2.61          2.40           80.00        
37   R0981-D5TS288_2     288     61.22    100.00  35    N/A       N/A        0.30      N/A        40.35    N/A           16.52    29.63    4.541    5.577    127   0    0     0     54.33  81.89  N/A         N/A          -0.10        N/A          81.89  64.476   1.79     6.66        11.6        114      2.7      1.85          0.47    47.24     0.48    0.51    0.85    0.48    0.85     72.00   5.60    74.29   58.92   0.69    667.80     17.22    84.91    0.22      0.51          6.96          2.40           90.40        
38   R0981-D5TS270_2     270     61.22    100.00  35    N/A       N/A        0.30      N/A        43.31    N/A           19.71    32.92    5.851    6.554    127   0    0     0     56.69  81.10  N/A         N/A          0.23         N/A          81.89  70.357   1.93     6.66        11.9        112      3.4      1.85          0.47    48.03     0.53    0.52    0.76    0.51    0.84     76.20   5.60    67.72   59.26   0.68    680.70     36.03    N/A      0.28      1.01          5.22          1.60           91.20        
39   R0981-D5TS174_1     174     61.22    100.00  35    0.33      N/A        0.30      N/A        41.53    N/A           19.68    31.67    5.21     6.01     127   0    0     0     59.84  81.89  0.65        N/A          0.67         N/A          82.68  70.556   1.88     6.76        12.1        113      2.8      1.63          0.49    49.21     0.53    0.53    0.80    0.46    0.84     75.60   5.60    71.37   60.79   0.69    693.20     26.75    N/A      0.27      10.61         0.87          0.00           97.60        
40   R0981-D5TS102_1     102s    61.02    100.00  40    0.29      0.22       0.26      0.05       41.53    0.31          20.41    31.68    5.437    6.154    127   0    0     0     55.12  80.31  0.05        0.18         0.01         0.01         81.89  68.38    1.89     6.66        12.3        114      3.4      1.17          0.49    47.24     0.51    0.52    0.78    0.47    0.84     66.10   5.73    70.17   59.83   0.68    700.20     31.59    55.52    0.25      2.02          0.00          0.80           96.80        
41   R0981-D5TS460_2     460     61.02    100.00  40    N/A       N/A        0.26      N/A        42.12    N/A           17.58    31.05    5.38     6.219    127   4    0     0     56.69  80.31  N/A         N/A          0.23         N/A          81.89  70.087   1.90     6.47        12.1        111      2.8      3.03          0.49    48.03     0.51    0.53    0.78    0.49    0.84     73.70   5.60    69.67   59.47   0.68    690.40     31.88    77.95    0.26      15.69         10.43         3.20           89.60        
42   R0981-D5TS344_1     344     61.02    100.00  40    0.29      N/A        0.26      N/A        42.72    N/A           19.30    32.35    5.508    6.409    127   3    0     0     56.69  80.31  0.25        N/A          0.23         N/A          81.10  64.715   1.94     6.57        12.1        113      3.4      1.19          0.50    49.13     0.52    0.54    0.79    0.48    0.84     72.23   5.60    71.12   61.53   0.68    687.40     29.37    75.75    0.26      0.00          0.87          3.20           83.20        
43   R0981-D5TS457_5     457     61.02    100.00  40    N/A       N/A        0.26      N/A        42.72    N/A           16.55    30.05    5.489    6.349    127   0    0     0     55.12  80.31  N/A         N/A          0.01         N/A          81.10  65.474   1.91     6.47        12.1        114      3.5      3.70          0.48    46.06     0.50    0.52    0.78    0.49    0.83     65.50   5.60    70.48   59.30   0.67    689.90     31.92    86.32    0.22      73.27         7.83          5.60           83.20        
44   R0981-D5TS390_1     390     61.02    100.00  40    0.29      N/A        0.26      N/A        41.93    N/A           17.96    32.19    5.358    6.192    127   0    0     0     56.69  81.89  0.25        N/A          0.23         N/A          82.68  69.983   1.91     6.86        11.9        111      2.9      1.37          0.49    48.42     0.50    0.52    0.78    0.48    0.84     66.80   5.60    70.36   59.32   0.69    684.20     30.24    64.42    0.24      2.53          0.00          0.80           95.20        
45   R0981-D5TS460_5     460     60.83    100.00  45    N/A       N/A        0.22      N/A        42.12    N/A           17.77    30.93    5.395    6.234    127   3    0     0     56.69  80.31  N/A         N/A          0.23         N/A          81.89  70.974   1.90     6.47        12.1        111      3.1      2.99          0.48    48.03     0.51    0.52    0.78    0.50    0.84     74.10   5.60    69.61   59.34   0.68    689.80     32.22    77.67    0.26      12.65         10.43         3.20           88.00        
46   R0981-D5TS356_1     356     60.83    100.00  45    0.25      N/A        0.22      N/A        40.94    N/A           17.19    30.26    5.335    6.127    127   0    0     0     55.91  81.10  0.15        N/A          0.12         N/A          81.89  69.565   1.89     6.47        12          112      2.9      0.92          0.48    43.70     0.50    0.51    0.80    0.56    0.84     67.80   5.60    68.55   58.88   0.68    687.20     28.99    85.19    0.25      0.00          0.00          2.40           93.60        
47   R0981-D5TS460_3     460     60.83    100.00  45    N/A       N/A        0.22      N/A        41.93    N/A           17.74    30.85    5.404    6.241    127   3    0     0     56.69  80.31  N/A         N/A          0.23         N/A          81.89  70.743   1.90     6.47        12.1        111      3.1      2.94          0.48    48.03     0.51    0.52    0.78    0.50    0.84     73.70   5.60    69.57   59.22   0.68    689.90     32.42    77.41    0.26      12.65         9.57          4.00           88.80        
48   R0981-D5TS174_4     174     60.83    100.00  45    N/A       N/A        0.22      N/A        42.32    N/A           16.70    30.09    5.483    6.332    127   0    0     0     55.12  80.31  N/A         N/A          0.01         N/A          81.10  65.314   1.95     6.47        12.1        112      3.3      3.20          0.48    46.46     0.50    0.52    0.78    0.48    0.83     76.00   5.60    70.60   59.65   0.67    691.90     31.61    37.87    0.22      61.65         4.35          0.00           92.80        
49   R0981-D5TS492_2     492     60.83    100.00  45    N/A       N/A        0.22      N/A        39.17    N/A           16.24    27.99    4.181    5.341    127   0    0     0     49.61  90.55  N/A         N/A          -0.77        N/A          90.55  66.488   2.05     7.45        12.7        119      2.4      1.76          0.47    46.85     0.49    0.52    0.87    0.48    0.85     83.50   5.73    74.94   58.83   0.67    720.00     12.18    81.78    0.23      0.00          7.83          3.20           88.80        
50   R0981-D5TS217_1     217     60.83    100.00  45    0.25      N/A        0.22      N/A        42.32    N/A           16.70    30.09    5.483    6.332    127   0    0     0     55.12  80.31  0.05        N/A          0.01         N/A          81.10  65.314   1.95     6.47        12.1        112      3.3      3.20          0.48    46.46     0.50    0.52    0.78    0.48    0.83     76.00   5.60    70.60   59.65   0.67    691.90     31.61    37.87    0.22      61.65         4.35          0.00           92.80        
51   R0981-D5TS460_1     460     60.63    100.00  51    0.21      N/A        0.18      N/A        41.93    N/A           18.31    31.63    5.389    6.228    127   3    0     0     56.69  80.31  0.25        N/A          0.23         N/A          81.89  69.98    1.90     6.47        12.1        111      3.1      3.02          0.48    48.03     0.51    0.52    0.78    0.49    0.84     73.70   5.60    69.64   59.44   0.68    690.10     32.08    77.87    0.26      13.66         10.43         3.20           88.00        
52   R0981-D5TS390_3     390     60.63    100.00  51    N/A       N/A        0.18      N/A        41.53    N/A           19.59    31.07    5.452    6.129    127   0    0     0     55.12  80.31  N/A         N/A          0.01         N/A          81.89  67.397   1.95     6.66        12.2        114      3.4      0.98          0.49    48.03     0.51    0.53    0.78    0.47    0.84     66.80   5.73    70.15   59.47   0.67    697.00     31.37    61.13    0.26      1.52          0.87          0.00           97.60        
53   R0981-D5TS328_3     328     60.63    100.00  51    N/A       N/A        0.18      N/A        39.37    N/A           19.91    30.44    4.057    5.196    127   0    0     0     59.84  78.74  N/A         N/A          0.67         N/A          78.74  56.242   2.03     6.17        10          113      2.8      3.22          0.52    55.51     0.52    0.59    0.86    0.55    0.85     51.00   5.73    75.60   64.08   0.69    588.50     9.46     N/A      0.29      12.64         10.43         9.60           71.20        
54   R0981-D5TS328_1     328     60.63    100.00  51    0.21      N/A        0.18      N/A        38.58    N/A           16.89    27.91    3.829    5.109    127   1    0     0     59.06  83.46  0.55        N/A          0.56         N/A          83.46  56.996   2.37     6.86        10.2        117      2.8      3.30          0.50    51.58     0.53    0.58    0.86    0.52    0.86     48.90   5.86    77.54   63.38   0.69    599.40     11.64    N/A      0.25      16.68         9.57          8.00           71.20        
55   R0981-D5TS390_4     390     60.43    100.00  55    N/A       N/A        0.14      N/A        40.95    N/A           19.16    31.88    5.445    6.326    127   0    0     0     57.48  81.10  N/A         N/A          0.34         N/A          81.89  70.273   1.94     6.66        11.6        113      3.4      1.23          0.48    44.88     0.50    0.51    0.77    0.48    0.83     74.90   5.60    70.41   59.98   0.68    669.10     30.60    59.32    0.24      1.52          0.00          0.00           95.20        
56   R0981-D5TS460_4     460     60.43    100.00  55    N/A       N/A        0.14      N/A        41.73    N/A           17.87    31.46    5.384    6.222    127   3    0     0     56.69  80.31  N/A         N/A          0.23         N/A          81.89  70.056   1.90     6.47        12.1        111      2.9      3.06          0.49    48.03     0.51    0.52    0.78    0.49    0.84     74.10   5.60    69.66   59.47   0.68    690.20     31.97    77.84    0.26      15.17         10.43         3.20           88.00        
57   R0981-D5TS390_2     390     60.43    100.00  55    N/A       N/A        0.14      N/A        41.93    N/A           20.08    31.77    5.417    6.261    127   0    0     0     56.69  80.31  N/A         N/A          0.23         N/A          81.10  70.595   1.83     6.66        12.1        114      3.5      1.17          0.49    48.03     0.51    0.53    0.79    0.47    0.84     66.10   5.60    70.04   59.66   0.68    694.20     30.15    63.51    0.26      1.52          0.00          0.00           96.00        
58   R0981-D5TS328_4     328     60.24    100.00  58    N/A       N/A        0.11      N/A        39.37    N/A           19.29    29.50    3.945    5.158    127   2    0     0     55.12  81.89  N/A         N/A          0.01         N/A          81.89  58.356   2.07     6.57        10.1        120      3.1      3.84          0.49    46.85     0.51    0.56    0.87    0.57    0.85     56.00   5.60    73.77   62.72   0.68    593.20     10.09    N/A      0.25      37.41         13.91         20.00          59.20        
59   R0981-D5TS457_1     457     60.24    100.00  58    0.14      N/A        0.11      N/A        39.56    N/A           16.60    30.04    5.003    5.953    127   0    0     0     55.12  77.95  0.05        N/A          0.01         N/A          77.95  61.468   2.04     6.47        11.9        113      2.8      1.52          0.50    49.61     0.51    0.53    0.80    0.49    0.84     64.10   5.60    74.54   62.43   0.68    681.40     17.96    84.44    0.25      3.54          0.00          0.80           94.40        
60   R0981-D5TS433_4     433     60.24    100.00  58    N/A       N/A        0.11      N/A        39.96    N/A           0.00     19.21    5.998    6.049    127   0    0     0     60.63  76.38  N/A         N/A          0.78         N/A          78.74  52.959   1.96     5.88        9.5         108      2.7      6.00          0.16    48.34     0.42    0.15    0.76    0.45    0.84     36.20   5.04    64.73   64.91   0.67    567.70     11.57    N/A      0.00      7.69          N/A           17.60          48.00        
61   R0981-D5TS270_3     270     60.24    100.00  58    N/A       N/A        0.11      N/A        42.12    N/A           17.11    31.07    5.551    6.362    127   0    0     0     55.12  79.53  N/A         N/A          0.01         N/A          80.31  67.49    1.93     6.47        12          114      3.5      2.02          0.48    47.24     0.52    0.52    0.78    0.50    0.83     86.30   5.60    70.13   59.53   0.67    688.10     32.54    N/A      0.24      1.01          5.22          0.80           84.00        
62   R0981-D5TS356_2     356     60.24    100.00  58    N/A       N/A        0.11      N/A        41.14    N/A           15.26    30.00    5.489    6.403    127   0    0     0     58.27  80.31  N/A         N/A          0.45         N/A          81.10  67.271   1.95     6.47        12.5        113      3.5      0.88          0.48    47.24     0.52    0.52    0.79    0.51    0.84     74.60   5.60    70.57   60.93   0.67    709.70     30.97    83.53    0.24      0.00          0.00          0.80           94.40        
63   R0981-D5TS190_3     190     60.04    100.00  63    N/A       N/A        0.07      N/A        41.34    N/A           16.65    30.14    5.557    6.405    127   0    0     0     55.12  80.31  N/A         N/A          0.01         N/A          81.89  67.658   1.93     6.57        12          113      3.5      2.54          0.47    46.46     0.50    0.51    0.78    0.50    0.83     71.50   5.60    69.73   58.59   0.67    687.20     32.49    37.99    0.23      19.72         3.48          1.60           95.20        
64   R0981-D5TS174_3     174     60.04    100.00  63    N/A       N/A        0.07      N/A        41.53    N/A           16.38    29.72    5.464    6.286    127   0    0     0     55.12  81.10  N/A         N/A          0.01         N/A          81.89  66.163   1.98     6.37        12.1        112      3.3      2.74          0.48    46.46     0.50    0.51    0.78    0.49    0.83     71.90   5.60    71.04   60.12   0.67    690.30     31.67    N/A      0.26      2.53          20.00         3.20           81.60        
65   R0981-D5TS433_2     433     59.84    100.00  65    N/A       N/A        0.03      N/A        39.37    N/A           0.00     19.53    5.864    5.917    127   0    0     0     61.42  77.17  N/A         N/A          0.89         N/A          79.53  49.98    1.94     6.17        9.5         107      2.5      6.00          0.16    48.46     0.42    0.15    0.76    0.44    0.84     34.90   5.04    64.72   64.53   0.68    559.90     10.91    N/A      0.00      7.69          N/A           18.40          49.60        
66   R0981-D5TS112_2     112     59.65    100.00  66    N/A       N/A        -0.01     N/A        38.98    N/A           18.53    29.24    5.393    6.283    127   0    0     0     57.48  74.02  N/A         N/A          0.34         N/A          75.59  64.222   2.05     6.27        10.6        111      2.9      1.33          0.45    40.95     0.50    0.50    0.80    0.56    0.83     81.00   5.46    66.27   56.53   0.67    618.60     23.21    86.66    0.24      0.00          2.61          2.40           91.20        
67   R0981-D5TS433_3     433     59.65    100.00  66    N/A       N/A        -0.01     N/A        39.76    N/A           0.00     19.24    5.478    5.443    127   1    0     0     55.12  80.31  N/A         N/A          0.01         N/A          81.10  62.906   1.97     6.86        11.1        111      2.9      6.00          0.15    40.51     0.41    0.13    0.78    0.47    0.83     75.70   5.46    70.14   59.24   0.67    641.50     29.87    N/A      0.00      21.54         N/A           0.00           92.00        
68   R0981-D5TS190_4     190     59.65    100.00  66    N/A       N/A        -0.01     N/A        40.16    N/A           18.67    31.18    5.486    6.301    127   0    0     0     54.33  80.31  N/A         N/A          -0.10        N/A          81.10  61.677   1.96     6.47        11.6        112      2.9      2.50          0.48    47.64     0.51    0.52    0.78    0.51    0.84     75.60   5.60    69.24   58.87   0.68    667.30     30.74    46.34    0.24      15.17         5.22          0.80           96.00        
69   R0981-D5TS433_1     433     59.45    100.00  69    -0.01     N/A        -0.05     N/A        38.58    N/A           0.00     19.66    5.935    5.985    127   0    0     0     62.20  77.17  0.95        N/A          1.00         N/A          79.53  50.421   1.97     6.08        9.2         106      2.5      6.00          0.16    47.63     0.42    0.15    0.77    0.43    0.85     30.60   5.04    64.77   63.50   0.68    549.10     11.75    N/A      0.00      15.38         N/A           18.40          48.00        
70   R0981-D5TS356_4     356     59.45    100.00  69    N/A       N/A        -0.05     N/A        39.96    N/A           18.67    29.94    5.23     6.038    127   0    0     0     54.33  77.95  N/A         N/A          -0.10        N/A          78.74  59.549   2.01     6.17        11.3        113      3.1      0.88          0.49    46.46     0.52    0.53    0.81    0.57    0.84     65.10   5.60    68.30   58.86   0.67    653.30     24.79    83.49    0.25      0.00          0.00          2.40           94.40        
71   R0981-D5TS102_4     102s    59.45    100.00  69    N/A       N/A        -0.05     -0.43      40.35    N/A           19.46    30.91    5.442    6.179    127   0    0     0     54.33  80.31  N/A         N/A          -0.10        -0.13        81.89  64.471   1.96     6.57        11.8        115      3.5      1.22          0.49    49.21     0.52    0.53    0.78    0.49    0.83     62.30   5.60    70.03   59.18   0.67    679.40     31.32    56.13    0.25      1.01          0.00          0.00           93.60        
72   R0981-D5TS004_1     004s    59.45    100.00  69    -0.01     -0.20      -0.05     -0.43      38.98    -0.36         19.00    30.52    5.13     6.055    127   0    0     0     58.27  79.53  0.45        0.53         0.45         0.57         80.31  60.582   2.11     6.57        10.9        113      2.9      0.92          0.49    48.42     0.51    0.52    0.79    0.47    0.84     85.30   5.60    71.40   59.80   0.68    631.60     25.20    79.59    0.26      0.00          0.87          0.00           93.60        
73   R0981-D5TS196_5     196     59.25    100.00  73    N/A       N/A        -0.09     N/A        38.78    N/A           16.13    28.35    5.29     6.251    127   12   0     0     55.91  81.89  N/A         N/A          0.12         N/A          82.68  63.205   2.07     6.66        11.3        115      3.4      1.79          0.47    45.67     0.48    0.50    0.80    0.53    0.83     44.20   5.73    68.28   57.47   0.66    654.60     29.20    77.95    0.22      0.51          3.48          4.80           82.40        
74   R0981-D5TS112_5     112     59.25    100.00  73    N/A       N/A        -0.09     N/A        38.78    N/A           17.74    28.10    5.28     6.156    127   0    0     0     56.69  77.95  N/A         N/A          0.23         N/A          77.95  60.5     1.94     6.17        10.5        111      2.6      1.75          0.46    44.49     0.51    0.51    0.80    0.57    0.83     65.60   5.60    66.73   56.29   0.67    615.50     25.18    87.99    0.25      1.01          3.48          3.20           90.40        
75   R0981-D5TS270_5     270     59.25    100.00  73    N/A       N/A        -0.09     N/A        40.55    N/A           18.83    30.28    6.163    6.752    127   0    0     0     56.69  79.53  N/A         N/A          0.23         N/A          79.53  60.921   2.14     6.57        11.3        112      3.7      1.91          0.47    51.58     0.53    0.53    0.75    0.49    0.83     86.00   5.60    67.47   60.10   0.67    653.20     34.18    N/A      0.29      1.01          6.09          0.00           91.20        
76   R0981-D5TS358_2     358     59.25    100.00  73    N/A       N/A        -0.09     N/A        39.17    N/A           17.33    29.27    5.47     6.272    127   0    0     0     55.12  78.74  N/A         N/A          0.01         N/A          79.53  69.368   1.99     6.37        11.6        111      3.3      2.52          0.43    46.46     0.49    0.50    0.79    0.51    0.83     84.80   5.60    69.74   58.05   0.67    668.80     30.94    75.10    0.20      51.57         0.00          3.20           95.20        
77   R0981-D5TS359_5     359s    59.25    100.00  73    N/A       N/A        -0.09     -0.49      38.78    N/A           16.13    28.35    5.29     6.251    127   12   0     0     55.91  81.89  N/A         N/A          0.12         0.15         82.68  63.205   2.07     6.66        11.3        115      3.4      1.79          0.47    45.67     0.48    0.50    0.80    0.53    0.83     44.20   5.73    68.28   57.47   0.66    654.60     29.20    77.95    0.22      0.51          3.48          4.80           82.40        
78   R0981-D5TS431_1     431     59.05    100.00  78    -0.09     N/A        -0.13     N/A        38.78    N/A           20.60    29.86    4.845    5.671    127   0    0     0     48.82  71.65  -0.76       N/A          -0.88        N/A          71.65  59.382   2.12     6.08        11.5        114      3.2      0.90          0.51    52.36     0.56    0.56    0.84    0.48    0.84     78.80   5.60    73.29   63.52   0.64    660.30     10.67    72.90    0.28      0.00          2.61          0.80           97.60        
79   R0981-D5TS344_5     344     59.05    100.00  78    N/A       N/A        -0.13     N/A        39.57    N/A           16.35    30.66    5.608    6.49     127   0    0     0     56.69  78.74  N/A         N/A          0.23         N/A          79.53  61.4     1.97     6.27        11.1        113      3.5      1.76          0.48    47.16     0.52    0.52    0.78    0.50    0.83     74.91   5.60    70.07   59.45   0.67    640.20     32.38    77.87    0.25      0.00          5.22          4.00           81.60        
80   R0981-D5TS344_4     344     59.05    100.00  78    N/A       N/A        -0.13     N/A        39.57    N/A           16.35    30.66    5.608    6.49     127   0    0     0     56.69  78.74  N/A         N/A          0.23         N/A          79.53  61.4     1.97     6.27        11.1        113      3.5      1.76          0.48    47.16     0.52    0.52    0.78    0.50    0.83     74.91   5.60    70.07   59.45   0.67    640.20     32.38    77.87    0.25      0.00          5.22          4.00           81.60        
81   R0981-D5TS431_5     431     59.05    100.00  78    N/A       N/A        -0.13     N/A        40.75    N/A           16.33    29.29    5.542    6.314    127   0    0     0     52.76  81.10  N/A         N/A          -0.32        N/A          82.68  63.466   2.08     5.98        11.9        113      3.5      2.40          0.46    47.24     0.51    0.49    0.79    0.50    0.84     77.80   5.60    68.83   57.99   0.67    681.50     33.20    72.93    0.23      3.03          9.57          2.40           89.60        
82   R0981-D5TS344_3     344     58.86    100.00  82    N/A       N/A        -0.17     N/A        39.37    N/A           17.57    29.81    5.588    6.402    127   0    0     0     56.69  80.31  N/A         N/A          0.23         N/A          81.10  63.486   2.01     6.47        11.5        113      3.3      1.54          0.47    47.55     0.52    0.52    0.78    0.50    0.83     62.80   5.60    69.74   59.77   0.67    660.40     30.66    75.80    0.26      0.00          2.61          0.00           80.80        
83   R0981-D5TS359_4     359s    58.86    100.00  82    N/A       N/A        -0.17     -0.62      38.98    N/A           16.71    28.31    5.251    6.198    127   14   0     0     53.54  81.10  N/A         N/A          -0.21        -0.27        81.89  63.039   2.12     6.27        11.4        115      3.3      1.91          0.47    46.06     0.48    0.51    0.80    0.51    0.83     50.80   5.73    68.53   58.20   0.66    655.40     28.95    77.25    0.23      0.51          4.35          5.60           79.20        
84   R0981-D5TS433_5     433     58.86    100.00  82    N/A       N/A        -0.17     N/A        38.78    N/A           0.00     18.84    6.042    6.098    127   1    0     0     56.69  76.38  N/A         N/A          0.23         N/A          78.74  58.641   2.00     6.08        9.4         108      2.7      6.00          0.16    48.29     0.42    0.15    0.77    0.46    0.84     41.80   5.04    64.35   65.37   0.67    574.00     11.75    N/A      0.00      21.54         N/A           19.20          48.00        
85   R0981-D5TS196_4     196     58.86    100.00  82    N/A       N/A        -0.17     N/A        38.98    N/A           16.71    28.31    5.251    6.198    127   14   0     0     53.54  81.10  N/A         N/A          -0.21        N/A          81.89  63.039   2.12     6.27        11.4        115      3.3      1.91          0.47    46.06     0.48    0.51    0.80    0.51    0.83     50.80   5.73    68.53   58.20   0.66    655.40     28.95    77.25    0.23      0.51          4.35          5.60           79.20        
86   R0981-D5TS288_1     288     58.66    100.00  86    -0.16     N/A        -0.21     N/A        35.63    N/A           16.33    27.29    3.82     5.111    127   0    0     0     53.54  86.61  -0.16       N/A          -0.21        N/A          86.61  60.551   2.10     6.96        10.7        116      2.6      1.33          0.47    42.52     0.50    0.51    0.85    0.47    0.85     60.90   5.86    74.45   56.83   0.68    622.60     17.93    85.87    0.25      0.00          3.48          1.60           93.60        
87   R0981-D5TS190_2     190     58.66    100.00  86    N/A       N/A        -0.21     N/A        38.98    N/A           18.34    30.37    5.681    6.447    127   0    0     0     55.12  77.95  N/A         N/A          0.01         N/A          78.74  62.669   1.97     6.27        11.6        114      3.6      2.04          0.48    47.24     0.51    0.52    0.77    0.50    0.83     84.30   5.60    68.68   59.77   0.66    667.60     33.08    49.10    0.24      13.65         2.61          0.80           97.60        
88   R0981-D5TS358_1     358     58.47    100.00  88    -0.20     N/A        -0.25     N/A        39.17    N/A           17.53    28.96    5.52     6.443    127   0    0     0     57.48  80.31  0.35        N/A          0.34         N/A          81.10  65.806   2.03     6.47        11.3        112      3.4      2.42          0.43    46.85     0.49    0.50    0.78    0.51    0.83     73.70   5.60    69.52   57.46   0.67    655.20     30.81    74.97    0.22      40.95         0.87          3.20           95.20        
89   R0981-D5TS174_2     174     58.27    100.00  89    N/A       N/A        -0.29     N/A        39.56    N/A           20.17    30.00    5.408    6.204    127   0    0     0     51.18  78.74  N/A         N/A          -0.55        N/A          79.53  61.174   2.01     6.27        11.5        111      3        1.50          0.49    47.24     0.53    0.53    0.79    0.47    0.83     85.20   5.46    69.96   60.09   0.66    663.10     28.99    N/A      0.28      9.60          0.87          0.00           98.40        
90   R0981-D5TS358_5     358     58.27    100.00  89    N/A       N/A        -0.29     N/A        38.58    N/A           18.91    29.11    5.544    6.301    127   0    0     0     54.33  79.53  N/A         N/A          -0.10        N/A          80.31  65.987   2.08     6.17        11.4        111      3.4      2.60          0.43    47.24     0.50    0.51    0.78    0.51    0.83     78.70   5.60    69.70   57.73   0.66    659.30     31.47    74.76    0.23      61.71         0.00          3.20           95.20        
91   R0981-D5TS492_3     492     58.27    100.00  89    N/A       N/A        -0.29     N/A        36.81    N/A           17.30    26.69    4.284    5.492    127   0    0     0     51.97  80.31  N/A         N/A          -0.44        N/A          80.31  55.645   2.08     4.90        9.7         116      3.3      2.13          0.47    43.31     0.50    0.51    0.85    0.51    0.83     67.30   5.73    74.07   58.65   0.66    576.70     13.56    81.83    0.23      1.01          6.96          3.20           83.20        
92   R0981-D5TS190_1     190     58.27    100.00  89    -0.24     N/A        -0.29     N/A        39.17    N/A           18.18    30.78    5.642    6.429    127   0    0     0     55.12  79.53  0.05        N/A          0.01         N/A          80.31  65.047   2.01     6.37        11.6        113      3.5      1.90          0.47    48.82     0.51    0.51    0.79    0.50    0.84     62.50   5.60    67.95   57.69   0.67    668.00     31.34    47.15    0.26      8.09          1.74          0.80           96.00        
93   R0981-D5TS328_2     328     58.07    100.00  93    N/A       N/A        -0.33     N/A        37.79    N/A           16.24    27.51    4.927    5.852    127   0    0     0     55.12  76.38  N/A         N/A          0.01         N/A          76.38  53.975   2.22     5.59        9.3         111      3        3.29          0.49    50.79     0.52    0.55    0.77    0.60    0.83     64.60   5.60    73.86   61.52   0.65    555.00     16.53    N/A      0.27      18.20         8.70          13.60          72.00        
94   R0981-D5TS492_5     492     57.87    100.00  94    N/A       N/A        -0.37     N/A        36.22    N/A           14.61    25.13    4.695    5.761    127   0    0     0     51.97  83.46  N/A         N/A          -0.44        N/A          83.46  62.132   2.15     6.57        10.8        114      2.9      1.76          0.47    43.70     0.48    0.51    0.84    0.54    0.82     68.80   5.73    73.48   57.28   0.65    627.30     16.09    82.22    0.23      0.00          6.96          3.20           87.20        
95   R0981-D5TS288_5     288     57.68    100.00  95    N/A       N/A        -0.41     N/A        35.23    N/A           14.21    27.02    4.377    5.527    127   0    0     0     53.54  81.10  N/A         N/A          -0.21        N/A          81.10  57.17    2.17     6.66        9.8         117      3        1.74          0.46    47.24     0.49    0.53    0.86    0.40    0.86     55.20   5.60    73.23   55.61   0.67    581.10     17.86    77.95    0.22      0.00          6.96          3.20           88.00        
96   R0981-D5TS358_4     358     57.48    100.00  96    N/A       N/A        -0.45     N/A        37.99    N/A           17.11    27.86    5.554    6.442    127   0    0     0     55.12  78.74  N/A         N/A          0.01         N/A          79.53  65.173   2.04     6.37        11.2        114      3.6      2.78          0.42    45.67     0.49    0.50    0.78    0.52    0.83     79.10   5.60    69.13   56.99   0.66    646.20     30.98    74.31    0.22      55.11         1.74          3.20           94.40        
97   R0981-D5TS359_3     359s    57.48    100.00  96    N/A       N/A        -0.45     -1.04      37.60    N/A           14.78    25.99    5.256    6.201    127   15   0     0     51.97  78.74  N/A         N/A          -0.44        -0.56        79.53  60.66    2.23     6.47        10.8        115      3.3      1.70          0.47    46.46     0.48    0.51    0.79    0.52    0.83     40.30   5.73    67.99   57.59   0.65    626.50     28.42    75.65    0.23      0.00          3.48          5.60           76.00        
98   R0981-D5TS457_3     457     57.48    100.00  96    N/A       N/A        -0.45     N/A        37.40    N/A           17.99    27.80    5.343    6.26     127   0    0     0     48.03  72.44  N/A         N/A          -0.99        N/A          73.23  56.006   2.01     6.27        10.9        108      2.8      1.55          0.49    49.21     0.50    0.53    0.78    0.48    0.84     66.80   5.60    70.82   59.16   0.65    634.50     26.60    81.52    0.25      3.03          0.00          0.80           92.80        
99   R0981-D5TS270_4     270     57.48    100.00  96    N/A       N/A        -0.45     N/A        37.80    N/A           18.83    28.90    6.235    6.682    127   0    0     0     55.12  80.31  N/A         N/A          0.01         N/A          81.89  61.993   2.01     6.57        11.1        107      2.2      1.74          0.47    49.21     0.53    0.52    0.76    0.56    0.83     76.20   5.60    66.44   58.19   0.65    643.00     40.65    N/A      0.26      1.01          4.35          2.40           92.80        
100  R0981-D5TS196_3     196     57.48    100.00  96    N/A       N/A        -0.45     N/A        37.60    N/A           14.78    25.99    5.256    6.201    127   15   0     0     51.97  78.74  N/A         N/A          -0.44        N/A          79.53  60.66    2.23     6.47        10.8        115      3.3      1.70          0.47    46.46     0.48    0.51    0.79    0.52    0.83     40.30   5.73    67.99   57.59   0.65    626.50     28.42    75.65    0.23      0.00          3.48          5.60           76.00        
101  R0981-D5TS358_3     358     57.09    100.00  101   N/A       N/A        -0.53     N/A        37.59    N/A           15.76    27.96    5.57     6.409    127   0    0     0     52.76  79.53  N/A         N/A          -0.32        N/A          80.31  62.817   2.09     6.57        11.3        114      3.6      2.43          0.42    46.85     0.49    0.50    0.78    0.51    0.83     84.80   5.60    69.51   57.59   0.66    653.20     31.89    74.25    0.21      57.13         0.00          3.20           96.80        
102  R0981-D5TS174_5     174     57.09    100.00  101   N/A       N/A        -0.53     N/A        37.80    N/A           17.11    27.94    5.53     6.32     127   0    0     0     53.54  81.10  N/A         N/A          -0.21        N/A          81.89  61.739   2.12     6.47        11.3        112      2.9      1.84          0.49    50.39     0.52    0.53    0.77    0.47    0.83     87.00   5.46    69.28   60.69   0.66    653.70     29.93    N/A      0.26      0.51          4.35          2.40           84.00        
103  R0981-D5TS492_4     492     56.89    100.00  103   N/A       N/A        -0.57     N/A        35.83    N/A           15.51    26.14    5.162    6.274    127   0    0     0     55.12  81.10  N/A         N/A          0.01         N/A          82.68  57.193   2.28     6.96        10.7        119      2.8      1.64          0.45    44.09     0.48    0.49    0.77    0.45    0.85     74.00   5.60    69.79   57.11   0.65    622.10     24.84    73.63    0.24      0.00          8.70          1.60           93.60        
104  R0981-D5TS356_5     356     56.89    100.00  103   N/A       N/A        -0.57     N/A        36.81    N/A           16.36    25.98    6.015    6.868    127   0    0     0     52.76  73.23  N/A         N/A          -0.32        N/A          74.80  55.236   2.20     5.88        9.6         108      3.4      0.83          0.46    41.73     0.50    0.48    0.75    0.61    0.82     60.50   5.33    65.79   55.71   0.63    570.10     33.53    83.88    0.26      0.00          0.00          1.60           95.20        
105  R0981-D5TS270_1     270     56.69    100.00  105   -0.54     N/A        -0.61     N/A        37.40    N/A           17.22    28.74    6.366    6.966    127   0    0     0     55.91  80.31  0.15        N/A          0.12         N/A          80.31  57.704   2.18     6.47        10.9        110      3.5      2.05          0.47    50.39     0.52    0.52    0.72    0.50    0.83     77.00   5.46    66.96   59.45   0.65    632.00     34.88    N/A      0.27      1.52          6.09          0.00           89.60        
106  R0981-D5TS112_4     112     56.69    100.00  105   N/A       N/A        -0.61     N/A        36.22    N/A           15.35    25.34    4.855    5.896    127   0    0     0     49.61  70.87  N/A         N/A          -0.77        N/A          70.87  53.48    2.12     5.19        10          117      4        1.43          0.46    44.09     0.51    0.54    0.86    0.52    0.82     61.20   5.73    74.51   57.49   0.63    590.50     14.54    85.84    0.25      0.00          5.22          2.40           94.40        
107  R0981-D5TS086_4     086     56.10    100.00  107   N/A       N/A        -0.72     N/A        36.02    N/A           16.55    26.20    4.801    5.893    127   0    0     0     44.88  76.38  N/A         N/A          -1.43        N/A          76.38  54.035   2.39     5.68        9.9         113      3.1      0.89          0.47    41.73     0.52    0.51    0.78    0.50    0.85     75.60   5.60    71.62   61.36   0.63    582.60     19.94    N/A      0.25      1.52          0.00          0.00           98.40        
108  R0981-D5TS356_3     356     56.10    100.00  107   N/A       N/A        -0.72     N/A        36.02    N/A           14.96    26.27    5.619    6.255    127   0    0     0     51.97  75.59  N/A         N/A          -0.44        N/A          76.38  56.021   2.18     6.17        9.8         108      2.7      0.58          0.46    45.28     0.51    0.51    0.76    0.56    0.82     74.10   5.46    66.34   56.68   0.63    577.10     34.20    82.68    0.26      0.00          0.00          0.00           97.60        
109  R0981-D5TS288_3     288     55.71    100.00  109   N/A       N/A        -0.80     N/A        33.86    N/A           12.21    22.38    4.239    5.256    127   0    0     0     48.03  74.80  N/A         N/A          -0.99        N/A          75.59  53.694   2.30     6.17        8.6         114      3.2      1.45          0.45    40.55     0.49    0.48    0.82    0.66    0.81     63.30   5.73    72.83   54.17   0.63    518.40     21.05    82.26    0.23      0.00          3.48          1.60           90.40        
110  R0981-D5TS431_4     431     55.12    100.00  110   N/A       N/A        -0.92     N/A        36.22    N/A           16.92    25.87    6.014    6.715    127   0    0     0     43.31  74.02  N/A         N/A          -1.65        N/A          75.59  56.286   2.13     5.78        10          108      2.9      1.17          0.49    50.00     0.54    0.54    0.79    0.59    0.82     80.50   5.19    69.30   60.81   0.60    588.90     21.00    71.71    0.27      0.00          1.74          1.60           92.00        
111  R0981-D5TS457_2     457     54.92    100.00  111   N/A       N/A        -0.96     N/A        34.06    N/A           16.82    25.24    5.239    6.137    127   0    0     0     43.31  73.23  N/A         N/A          -1.65        N/A          73.23  55.414   2.09     6.17        10.7        112      3        1.48          0.49    51.18     0.50    0.53    0.80    0.49    0.82     67.30   5.73    72.00   59.17   0.63    622.40     18.94    81.74    0.23      3.54          0.00          0.80           95.20        
112  R0981-D5TS359_1     359s    54.92    100.00  111   -0.88     -1.41      -0.96     -1.83      35.23    -1.35         13.36    23.88    5.755    6.588    127   19   0     0     38.58  74.80  -2.07       -1.66        -2.32        -2.96        75.59  54.415   2.22     5.98        9.7         111      3.6      1.67          0.46    44.49     0.48    0.51    0.76    0.52    0.81     41.40   5.60    66.27   57.42   0.61    575.60     31.62    71.68    0.23      0.00          4.35          6.40           83.20        
113  R0981-D5TS196_1     196     54.92    100.00  111   -0.88     N/A        -0.96     N/A        35.23    N/A           13.36    23.88    5.755    6.588    127   19   0     0     38.58  74.80  -2.07       N/A          -2.32        N/A          75.59  54.415   2.22     5.98        9.7         111      3.6      1.67          0.46    44.49     0.48    0.51    0.76    0.52    0.81     41.40   5.60    66.27   57.42   0.61    575.60     31.62    71.68    0.23      0.00          4.35          6.40           83.20        
114  R0981-D5TS196_2     196     54.53    100.00  114   N/A       N/A        -1.04     N/A        34.45    N/A           12.79    23.07    5.55     6.437    127   19   0     0     46.46  72.44  N/A         N/A          -1.21        N/A          73.23  54.44    2.18     5.98        9.4         110      3.5      1.89          0.46    44.88     0.48    0.51    0.77    0.52    0.82     42.40   5.60    66.98   57.53   0.61    561.10     30.27    71.90    0.22      0.51          4.35          5.60           80.80        
115  R0981-D5TS359_2     359s    54.53    100.00  114   N/A       N/A        -1.04     -1.95      34.45    N/A           12.79    23.07    5.55     6.437    127   19   0     0     46.46  72.44  N/A         N/A          -1.21        -1.55        73.23  54.44    2.18     5.98        9.4         110      3.5      1.89          0.46    44.88     0.48    0.51    0.77    0.52    0.82     42.40   5.60    66.98   57.53   0.61    561.10     30.27    71.90    0.22      0.51          4.35          5.60           80.80        
116  R0981-D5TS112_1     112     53.15    100.00  116   -1.22     N/A        -1.31     N/A        33.66    N/A           15.22    23.55    5.825    6.825    127   0    0     0     42.52  68.50  -1.57       N/A          -1.76        N/A          68.50  51.037   2.15     5.19        8.6         113      4.2      1.42          0.43    40.16     0.47    0.47    0.76    0.56    0.81     56.20   5.33    68.06   52.46   0.60    519.80     26.03    85.85    0.20      0.51          1.74          1.60           89.60        
117  R0981-D5TS112_3     112     52.56    100.00  117   N/A       N/A        -1.43     N/A        31.89    N/A           13.87    20.41    5.436    6.533    127   0    0     0     44.88  69.29  N/A         N/A          -1.43        N/A          69.29  53.543   2.22     5.00        8.8         112      3.5      1.48          0.44    44.88     0.50    0.49    0.78    0.56    0.82     68.50   5.46    66.93   53.86   0.58    529.60     22.20    84.98    0.21      0.51          2.61          0.80           92.00        
118  R0981-D5TS431_2     431     51.58    100.00  118   N/A       N/A        -1.63     N/A        30.32    N/A           15.45    20.50    4.852    5.797    127   0    0     0     36.22  73.23  N/A         N/A          -2.65        N/A          74.02  51.068   2.34     5.98        9.5         116      4.1      0.83          0.47    48.03     0.51    0.52    0.83    0.56    0.82     78.70   5.60    70.09   59.80   0.57    563.90     13.19    70.96    0.23      0.00          0.87          1.60           95.20        
119  R0981-D5TS281_2     281     38.39    100.00  119   N/A       N/A        -4.27     N/A        29.73    N/A           11.79    19.82    18.844   19.432   127   0    0     0     37.01  40.16  N/A         N/A          -2.54        N/A          81.10  74.206   1.86     6.37        12.1        108      2.2      3.02          0.32    22.44     0.44    0.28    0.04    1.40    0.52     68.20   5.04    44.69   44.70   0.41    692.90     192.01   47.14    0.17      60.16         2.61          0.80           92.80        
120  R0981-D5TS281_1     281     38.19    100.00  120   -4.10     N/A        -4.31     N/A        29.14    N/A           11.00    20.02    18.755   19.359   127   0    0     0     36.22  39.37  -2.38       N/A          -2.65        N/A          80.31  74.047   1.84     6.47        11.9        108      2.2      3.02          0.32    22.84     0.44    0.28    0.05    1.43    0.52     68.20   5.04    44.41   44.28   0.41    681.80     191.13   47.10    0.17      64.71         2.61          0.80           93.60        
121  R0981-D5TS431_3     431     32.87    100.00  121   N/A       N/A        -5.38     N/A        18.70    N/A           7.26     12.26    8.708    9.086    127   0    0     0     22.05  37.01  N/A         N/A          -4.64        N/A          42.52  31.028   2.22     0.88        2.6         60       3.2      1.32          0.38    34.65     0.49    0.39    0.54    0.90    0.75     80.80   3.89    56.39   50.83   0.35    263.90     33.67    43.19    0.20      0.00          4.35          0.80           95.20        

