#    Model               GR#     GDT_TS   NP_P    RANK  Z-M1-GDT  Z-M1s-GDT  Z-MA-GDT  Z-MAs-GDT  GDT_HA   Z-M1s-GDT-HA  GDC_SC   GDC_ALL  RMS_CA   RMS_ALL  NP    err  PC01  PC05  AL0_P  AL4_P  Z-M1-AL0_p  Z-M1s-AL0_p  Z-MA-AL0_p   Z-MAs-AL0_p  ALI_P  LGA_S    RMSD[L]  Z-score[M]  Z-Score[D]  Al.Res.  RMSD[D]  MolPrb_Score  LDDT    SphGr     CAD_AA  RPF     CODM    DFM     Handed.  SOV     CE      QCS     CONTS   TMscore  Dali(raw)  FlexE    QSE      CAD_SS    MolPrb_clash  MolPrb_rotout  MolPrb_ramout  MolPrb_ramfv 

-    starting_model      -       68.75    -       -     -         -          -         -          49.81    -             24.82    -        4.15     5.28     -     -    -     -     -      -      -           -            -            -            -      -        -        6.79        12.90       122      2.70     3.52          0.52    53.03     0.53    0.52    0.85    0.51    0.85     77.40   5.73    87.69   70.07   0.74     754.50     11.50    81.48    0.23      21.58         26.61         6.92           87.69        

1    R0982-D2TS156_3     156s    72.73    100.00  1     N/A       N/A        1.13      1.45       52.65    N/A           27.39    43.67    3.859    4.89     132   1    0     0     71.21  85.61  N/A         N/A          0.79         1.41         85.61  73.603   1.89     7.08        14.5        122      2.3      1.08          0.55    54.92     0.57    0.55    0.85    0.50    0.87     90.70   5.60    88.93   74.18   0.77    837.60     10.39    85.07    0.29      0.48          0.00          0.77           93.85        
2    R0982-D2TS156_1     156s    72.54    100.00  2     1.05      1.31       1.10      1.39       52.65    1.12          27.24    43.69    3.816    4.876    132   0    0     0     71.21  84.85  0.73        1.29         0.79         1.41         84.85  74.881   1.86     6.99        14.6        123      2.3      1.29          0.55    55.68     0.57    0.55    0.87    0.48    0.87     83.80   5.73    89.06   74.59   0.77    842.90     8.51     84.24    0.29      1.44          0.00          0.00           93.85        
3    R0982-D2TS068_2     068     72.35    100.00  3     N/A       N/A        1.08      N/A        53.60    N/A           29.76    45.44    3.819    4.889    132   0    0     0     71.97  84.85  N/A         N/A          0.86         N/A          84.85  73.204   1.85     7.46        14.5        123      2.4      1.05          0.57    59.09     0.58    0.57    0.87    0.48    0.87     96.20   5.99    89.08   73.38   0.77    837.40     8.77     85.14    0.31      0.96          0.00          0.00           96.15        
4    R0982-D2TS425_3     425     71.97    100.00  4     N/A       N/A        1.03      N/A        52.47    N/A           26.25    41.85    3.459    4.625    132   2    0     0     70.45  88.64  N/A         N/A          0.73         N/A          88.64  82.087   1.83     7.84        15.6        126      2.2      0.85          0.56    63.64     0.57    0.56    0.88    0.40    0.88     91.80   6.11    90.11   75.10   0.77    896.40     8.28     N/A      0.28      0.96          0.00          0.77           97.69        
5    R0982-D2TS086_1     086     71.78    100.00  5     0.96      N/A        1.00      N/A        52.46    N/A           28.86    42.65    3.335    4.601    132   0    0     0     75.00  88.64  0.97        N/A          1.11         N/A          88.64  75.486   1.79     7.75        15.2        127      2.4      0.73          0.56    61.36     0.58    0.56    0.89    0.40    0.88     80.20   5.99    89.37   75.43   0.77    875.70     7.94     N/A      0.31      0.48          0.00          0.77           97.69        
6    R0982-D2TS086_2     086     71.59    100.00  6     N/A       N/A        0.97      N/A        49.81    N/A           28.09    42.98    3.416    4.56     132   0    0     0     76.52  89.39  N/A         N/A          1.23         N/A          89.39  76.229   1.80     7.46        15.4        125      2.2      0.96          0.57    62.50     0.57    0.58    0.88    0.41    0.88     80.60   6.11    88.89   75.63   0.78    884.80     7.22     N/A      0.29      1.92          0.00          0.00           98.46        
7    R0982-D2TS425_1     425     71.59    100.00  6     0.93      N/A        0.97      N/A        53.41    N/A           29.21    45.14    3.25     4.688    132   2    0     0     74.24  88.64  0.92        N/A          1.04         N/A          88.64  73.797   1.93     7.37        15.2        125      2.2      1.32          0.55    56.82     0.57    0.54    0.89    0.46    0.89     85.30   5.99    89.15   74.55   0.78    875.90     8.35     N/A      0.27      1.92          0.00          1.54           94.62        
8    R0982-D2TS390_1     390     71.40    100.00  8     0.91      N/A        0.95      N/A        50.19    N/A           25.89    42.80    3.757    4.887    132   2    0     0     71.21  84.85  0.73        N/A          0.79         N/A          84.85  70.953   1.86     7.08        14.1        120      2.1      1.60          0.53    52.27     0.55    0.52    0.86    0.48    0.87     85.40   5.73    87.82   70.33   0.76    818.70     9.60     72.79    0.24      2.88          0.92          1.54           90.77        
9    R0982-D2TS425_2     425     70.64    100.00  9     N/A       N/A        0.85      N/A        51.52    N/A           23.75    39.90    3.4      4.818    132   2    0     0     69.70  90.91  N/A         N/A          0.67         N/A          90.91  73.755   1.98     7.94        14.9        124      2.2      1.52          0.54    56.06     0.55    0.54    0.88    0.44    0.88     84.00   5.99    89.58   74.48   0.76    859.50     8.37     79.02    0.25      2.88          0.92          1.54           93.08        
10   R0982-D2TS356_2     356     70.45    100.00  10    N/A       N/A        0.82      N/A        54.73    N/A           28.84    42.85    4.159    5.292    132   2    0     0     66.67  80.30  N/A         N/A          0.42         N/A          80.30  67.936   1.80     6.60        13.4        122      2.6      0.91          0.52    50.38     0.55    0.51    0.85    0.53    0.86     77.80   5.73    87.91   70.46   0.75    780.90     13.32    85.40    0.25      0.00          0.00          0.77           93.85        
11   R0982-D2TS156_5     156s    70.45    100.00  10    N/A       N/A        0.82      0.79       51.70    N/A           27.01    41.48    3.98     5.027    132   1    0     0     69.70  84.85  N/A         N/A          0.67         1.00         84.85  69.494   1.97     6.99        13.8        122      2.5      1.04          0.54    54.17     0.56    0.53    0.85    0.52    0.86     93.40   5.60    88.13   71.61   0.75    803.70     10.86    84.13    0.28      0.48          0.00          0.77           94.62        
12   R0982-D2TS156_4     156s    70.45    100.00  10    N/A       N/A        0.82      0.79       52.27    N/A           26.22    43.47    4.093    5.114    132   0    0     0     69.70  84.09  N/A         N/A          0.67         1.00         84.09  70.116   1.87     6.79        14          121      2.4      0.94          0.55    54.55     0.56    0.55    0.86    0.50    0.86     84.70   5.73    88.06   71.62   0.76    814.50     10.02    84.31    0.28      0.00          0.00          1.54           93.08        
13   R0982-D2TS190_1     190     70.45    100.00  10    0.80      N/A        0.82      N/A        52.46    N/A           25.39    42.95    3.993    5.12     132   0    0     0     66.67  81.06  0.44        N/A          0.42         N/A          81.06  67.17    1.89     6.70        12.7        120      2.6      2.34          0.51    54.92     0.53    0.51    0.86    0.49    0.86     79.30   5.73    86.35   68.74   0.75    745.40     12.19    42.02    0.24      11.99         3.67          2.31           95.38        
14   R0982-D2TS190_4     190     70.27    100.00  14    N/A       N/A        0.80      N/A        52.27    N/A           25.72    41.66    3.997    5.262    132   0    0     0     68.18  80.30  N/A         N/A          0.55         N/A          80.30  68.322   2.02     6.89        12.9        122      2.5      6.00          0.51    54.17     0.53    0.51    0.86    0.52    0.87     82.80   5.73    86.79   69.65   0.76    758.50     12.66    36.26    0.23      0.00          N/A           N/A            N/A          
15   R0982-D2TS086_5     086     70.08    100.00  15    N/A       N/A        0.77      N/A        50.19    N/A           24.90    40.54    3.616    4.82     132   2    0     0     72.73  83.33  N/A         N/A          0.92         N/A          84.85  70.493   1.85     7.18        13.9        121      2.2      1.08          0.55    58.71     0.56    0.56    0.86    0.46    0.87     80.60   5.99    87.49   71.36   0.76    808.50     9.63     N/A      0.29      0.48          0.00          0.77           93.85        
16   R0982-D2TS174_4     174     69.89    100.00  16    N/A       N/A        0.74      N/A        51.14    N/A           26.17    41.16    3.926    5.002    132   0    0     0     73.48  86.36  N/A         N/A          0.98         N/A          86.36  68.538   2.08     6.89        14.1        124      2.6      2.24          0.54    57.58     0.56    0.56    0.86    0.47    0.86     78.90   5.60    87.88   72.33   0.75    816.80     9.78     N/A      0.29      0.96          11.01         2.31           84.62        
17   R0982-D2TS112_1     112     69.70    100.00  17    0.72      N/A        0.72      N/A        48.86    N/A           24.47    39.89    3.431    4.78     132   2    0     0     68.18  81.06  0.53        N/A          0.55         N/A          81.06  65.573   2.16     6.79        13.8        127      2.9      1.69          0.51    56.82     0.55    0.53    0.89    0.43    0.88     79.40   6.11    86.79   70.40   0.75    802.70     10.66    86.17    0.26      1.44          1.83          0.77           87.69        
18   R0982-D2TS156_2     156s    69.70    100.00  17    N/A       N/A        0.72      0.58       49.43    N/A           24.54    40.63    4.396    5.613    132   0    0     0     65.91  80.30  N/A         N/A          0.36         -0.01        80.30  67.846   1.80     6.51        12.2        120      2.8      1.17          0.50    50.38     0.54    0.49    0.84    0.58    0.84     78.60   5.60    87.28   68.21   0.73    722.50     9.30     82.15    0.27      0.48          0.00          0.77           91.54        
19   R0982-D2TS102_5     102s    69.70    100.00  17    N/A       N/A        0.72      0.58       49.24    N/A           24.85    40.18    3.852    4.967    132   2    0     0     71.21  82.58  N/A         N/A          0.79         1.41         82.58  68.839   1.84     6.99        13.5        120      2.5      1.11          0.52    53.41     0.54    0.52    0.87    0.50    0.86     81.90   5.86    87.55   69.47   0.75    787.30     9.88     72.48    0.23      0.96          0.00          1.54           95.38        
20   R0982-D2TS086_4     086     69.70    100.00  17    N/A       N/A        0.72      N/A        49.43    N/A           25.75    40.11    3.732    4.95     132   2    0     0     71.97  83.33  N/A         N/A          0.86         N/A          84.85  69.641   1.86     7.27        13.8        120      2.2      0.57          0.55    57.58     0.55    0.55    0.85    0.45    0.87     76.50   5.73    87.47   71.53   0.75    803.70     10.82    N/A      0.29      0.00          0.00          0.00           97.69        
21   R0982-D2TS174_3     174     69.51    100.00  21    N/A       N/A        0.69      N/A        50.57    N/A           26.64    40.92    3.937    4.949    132   0    0     0     69.70  85.61  N/A         N/A          0.67         N/A          85.61  68.075   1.99     6.70        14          124      2.7      1.60          0.55    59.09     0.57    0.56    0.86    0.47    0.86     80.30   5.60    87.80   72.44   0.75    811.80     9.73     N/A      0.30      7.67          0.00          0.00           96.92        
22   R0982-D2TS425_5     425     69.51    100.00  21    N/A       N/A        0.69      N/A        49.43    N/A           28.16    41.84    3.519    4.765    132   1    0     0     70.45  88.64  N/A         N/A          0.73         N/A          88.64  73.158   1.95     7.84        14.2        126      2.5      0.76          0.54    56.82     0.56    0.54    0.88    0.47    0.87     78.50   5.99    88.53   71.61   0.75    820.70     9.62     N/A      0.28      0.00          0.00          0.00           96.15        
23   R0982-D2TS174_2     174     69.51    100.00  21    N/A       N/A        0.69      N/A        50.38    N/A           27.99    42.88    3.929    5.004    132   0    0     0     67.42  83.33  N/A         N/A          0.48         N/A          83.33  68.452   1.98     7.18        13.7        126      2.7      1.38          0.54    57.58     0.56    0.55    0.86    0.49    0.86     77.40   5.86    87.77   71.75   0.75    798.20     10.38    N/A      0.29      5.75          0.00          0.77           97.69        
24   R0982-D2TS425_4     425     69.32    100.00  24    N/A       N/A        0.67      N/A        48.67    N/A           26.22    41.27    3.605    4.957    132   1    0     0     66.67  84.09  N/A         N/A          0.42         N/A          84.09  69.443   1.94     7.18        14.4        123      2.3      0.73          0.54    56.06     0.55    0.53    0.87    0.48    0.86     83.50   5.86    89.09   72.31   0.75    832.20     8.91     N/A      0.24      0.48          0.00          0.00           97.69        
25   R0982-D2TS174_5     174     69.32    100.00  24    N/A       N/A        0.67      N/A        49.24    N/A           24.65    40.84    4.111    5.214    132   0    0     0     65.91  84.85  N/A         N/A          0.36         N/A          84.85  68.471   2.00     7.08        14          124      2.5      2.10          0.53    54.17     0.55    0.54    0.86    0.49    0.86     72.30   5.73    87.64   71.71   0.75    814.20     10.05    N/A      0.25      0.96          7.34          3.85           85.38        
26   R0982-D2TS117_2     117     69.13    100.00  26    N/A       N/A        0.64      N/A        48.67    N/A           22.48    38.76    3.939    4.981    132   2    0     0     68.18  84.85  N/A         N/A          0.55         N/A          84.85  69.231   1.94     7.08        13.7        124      2.7      3.91          0.53    56.44     0.54    0.56    0.86    0.47    0.86     78.70   5.73    87.96   71.59   0.74    797.30     10.54    79.61    0.24      107.91        13.76         3.85           90.00        
27   R0982-D2TS356_1     356     68.94    100.00  27    0.63      N/A        0.62      N/A        48.86    N/A           23.87    40.31    3.805    5.005    132   2    0     0     66.67  80.30  0.44        N/A          0.42         N/A          80.30  66.354   1.93     6.60        13.2        125      2.7      0.82          0.52    54.55     0.55    0.52    0.86    0.48    0.87     79.90   5.86    86.85   69.63   0.74    773.90     12.09    84.67    0.26      0.00          0.00          0.77           95.38        
28   R0982-D2TS190_5     190     68.94    100.00  27    N/A       N/A        0.62      N/A        50.95    N/A           25.34    40.88    4.178    5.335    132   0    0     0     65.15  81.06  N/A         N/A          0.30         N/A          81.06  67.939   1.89     6.89        13          120      2.5      3.17          0.51    53.03     0.52    0.51    0.85    0.52    0.86     76.00   5.60    87.67   69.85   0.74    760.70     11.89    81.66    0.22      23.50         10.09         3.85           90.00        
29   R0982-D2TS270_3     270     68.94    100.00  27    N/A       N/A        0.62      N/A        49.81    N/A           21.59    39.08    4.151    5.34     132   2    0     0     65.15  81.06  N/A         N/A          0.30         N/A          81.06  68.185   1.85     6.79        13          121      2.6      2.17          0.49    53.03     0.52    0.51    0.85    0.51    0.86     81.40   5.73    87.51   69.82   0.74    759.50     12.23    N/A      0.22      0.96          8.26          3.08           83.08        
30   R0982-D2TS312_2     312s    68.94    100.00  27    N/A       N/A        0.62      0.36       50.38    N/A           25.37    41.33    4.131    5.217    132   0    0     0     66.67  81.06  N/A         N/A          0.42         0.19         81.06  68.705   1.90     6.79        13.2        122      2.6      3.20          0.54    56.44     0.56    0.54    0.86    0.49    0.86     76.30   5.60    88.19   71.76   0.74    771.40     10.62    32.76    0.27      58.96         3.67          0.77           90.77        
31   R0982-D2TS433_3     433     68.94    100.00  27    N/A       N/A        0.62      N/A        50.57    N/A           0.00     26.33    4.185    4.08     132   2    0     0     64.39  79.55  N/A         N/A          0.24         N/A          79.55  64.863   1.92     6.51        12.7        123      2.7      6.00          0.16    49.63     0.43    0.12    0.85    0.50    0.86     78.10   5.60    87.50   69.78   0.73    744.60     11.34    N/A      0.00      11.87         N/A           8.46           84.62        
32   R0982-D2TS344_1     344     68.94    100.00  27    0.63      N/A        0.62      N/A        49.05    N/A           22.74    41.25    4.16     5.25     132   4    0     0     71.21  84.85  0.73        N/A          0.79         N/A          84.85  67.597   1.94     6.99        13          119      2.4      1.38          0.51    54.92     0.53    0.51    0.85    0.51    0.86     81.30   5.86    87.45   71.40   0.75    760.50     11.85    82.34    0.21      0.00          1.83          1.54           83.85        
33   R0982-D2TS431_5     431     68.75    100.00  33    N/A       N/A        0.59      N/A        50.38    N/A           24.89    39.86    4.2      5.279    132   2    0     0     64.39  78.79  N/A         N/A          0.24         N/A          78.79  66.305   1.80     6.70        12.5        121      2.5      1.68          0.49    53.79     0.53    0.50    0.85    0.52    0.85     82.10   5.73    86.61   68.07   0.74    735.50     13.48    78.35    0.24      0.00          6.42          2.31           89.23        
34   R0982-D2TS068_5     068     68.75    100.00  33    N/A       N/A        0.59      N/A        49.81    N/A           24.65    39.23    3.875    4.944    132   0    0     0     68.18  84.09  N/A         N/A          0.55         N/A          84.09  68.745   2.07     6.79        14.1        126      2.7      1.00          0.55    59.47     0.58    0.55    0.85    0.44    0.87     88.70   5.86    87.88   72.22   0.74    816.10     10.21    86.71    0.30      0.00          0.92          0.77           91.54        
35   R0982-D2TS312_1     312s    68.75    100.00  33    0.60      0.57       0.59      0.31       50.00    0.70          22.75    40.68    4.146    5.281    132   1    0     0     65.91  81.06  0.39        0.26         0.36         -0.01        81.06  67.013   1.91     6.70        13          122      2.7      3.27          0.53    56.44     0.55    0.54    0.86    0.49    0.86     76.30   5.60    87.98   71.24   0.74    762.00     10.97    33.03    0.26      56.09         3.67          3.85           86.92        
36   R0982-D2TS174_1     174     68.75    100.00  33    0.60      N/A        0.59      N/A        50.38    N/A           21.62    39.79    4.152    5.338    132   0    0     0     65.91  81.06  0.39        N/A          0.36         N/A          81.06  67.561   1.88     6.70        13          122      2.8      2.85          0.50    51.52     0.52    0.51    0.85    0.51    0.85     68.60   5.60    87.94   70.77   0.74    759.40     11.49    N/A      0.22      2.40          22.02         11.54          73.08        
37   R0982-D2TS390_5     390     68.75    100.00  33    N/A       N/A        0.59      N/A        46.97    N/A           25.32    39.64    3.753    4.837    132   2    0     0     64.39  83.33  N/A         N/A          0.24         N/A          83.33  67.665   1.93     6.41        14.1        124      2.7      1.35          0.54    53.79     0.56    0.54    0.86    0.45    0.87     83.50   5.86    88.13   70.92   0.74    817.00     10.12    71.57    0.28      1.44          0.00          0.77           92.31        
38   R0982-D2TS068_3     068     68.56    100.00  38    N/A       N/A        0.56      N/A        47.54    N/A           24.84    37.80    3.975    5.116    132   0    0     0     71.21  84.85  N/A         N/A          0.79         N/A          84.85  71.022   1.96     6.79        13.5        124      2.5      0.85          0.53    57.58     0.57    0.53    0.86    0.47    0.87     92.00   5.73    88.22   71.61   0.74    785.90     8.16     85.58    0.27      0.96          0.00          0.00           97.69        
39   R0982-D2TS390_3     390     68.56    100.00  38    N/A       N/A        0.56      N/A        47.91    N/A           23.97    38.71    3.972    5.042    132   2    0     0     66.67  83.33  N/A         N/A          0.42         N/A          83.33  69.215   1.91     7.27        13.5        121      2.5      1.46          0.52    54.55     0.54    0.53    0.85    0.48    0.86     78.70   5.73    87.77   70.31   0.74    788.30     9.14     74.16    0.26      1.92          0.00          1.54           91.54        
40   R0982-D2TS312_3     312s    68.37    100.00  40    N/A       N/A        0.54      0.20       49.81    N/A           26.81    41.52    4.169    5.253    132   0    0     0     65.15  81.82  N/A         N/A          0.30         -0.21        81.82  69.524   1.79     6.51        13          121      2.6      2.81          0.53    56.06     0.55    0.54    0.85    0.50    0.86     78.60   5.60    87.89   71.46   0.74    760.00     11.04    33.11    0.27      48.90         1.83          0.77           93.08        
41   R0982-D2TS312_5     312s    68.37    100.00  40    N/A       N/A        0.54      0.20       50.00    N/A           23.29    40.64    4.131    5.26     132   0    0     0     65.15  82.58  N/A         N/A          0.30         -0.21        82.58  67.388   1.94     6.89        13.2        122      2.6      3.17          0.53    56.44     0.55    0.54    0.86    0.49    0.86     78.60   5.73    88.03   71.71   0.74    772.00     10.71    32.80    0.26      62.80         3.67          0.77           92.31        
42   R0982-D2TS102_4     102s    68.37    100.00  40    N/A       N/A        0.54      0.20       47.73    N/A           26.86    38.63    3.823    4.976    132   2    0     0     64.39  83.33  N/A         N/A          0.24         -0.42        83.33  69.2     1.88     6.89        13.6        123      2.7      1.32          0.54    54.92     0.56    0.55    0.86    0.47    0.86     85.10   5.73    88.50   69.74   0.73    791.10     10.45    70.66    0.28      1.44          0.00          1.54           93.08        
43   R0982-D2TS358_1     358     68.37    100.00  40    0.56      N/A        0.54      N/A        50.57    N/A           27.44    42.17    4.239    5.326    132   0    0     0     67.42  81.82  0.49        N/A          0.48         N/A          81.82  67.513   1.89     6.70        12.9        120      2.7      2.69          0.49    52.27     0.52    0.52    0.84    0.50    0.85     80.10   5.60    87.34   69.60   0.74    758.00     12.38    79.14    0.22      52.28         0.00          1.54           91.54        
44   R0982-D2TS312_4     312s    68.37    100.00  40    N/A       N/A        0.54      0.20       50.00    N/A           23.29    40.64    4.131    5.26     132   0    0     0     65.15  82.58  N/A         N/A          0.30         -0.21        82.58  67.388   1.94     6.89        13.2        122      2.6      3.17          0.53    56.44     0.55    0.54    0.86    0.49    0.86     78.60   5.73    88.03   71.71   0.74    772.00     10.71    32.80    0.26      62.80         3.67          0.77           92.31        
45   R0982-D2TS270_4     270     68.37    100.00  40    N/A       N/A        0.54      N/A        50.19    N/A           22.97    40.33    4.037    5.185    132   2    0     0     66.67  80.30  N/A         N/A          0.42         N/A          80.30  68.781   1.90     6.99        13.6        126      2.8      2.20          0.52    55.68     0.54    0.52    0.84    0.48    0.86     84.40   5.86    86.78   70.24   0.74    793.00     12.67    N/A      0.25      1.92          7.34          2.31           88.46        
46   R0982-D2TS086_3     086     68.18    100.00  46    N/A       N/A        0.51      N/A        46.97    N/A           25.41    39.74    3.657    4.902    132   0    0     0     68.94  84.09  N/A         N/A          0.61         N/A          84.09  68.75    2.09     7.27        14.1        126      2.6      0.50          0.55    61.36     0.55    0.56    0.87    0.44    0.86     82.00   6.11    87.29   73.39   0.74    819.30     7.40     N/A      0.27      0.00          0.00          0.00           98.46        
47   R0982-D2TS102_2     102s    68.18    100.00  46    N/A       N/A        0.51      0.15       47.91    N/A           25.41    40.06    3.902    4.973    132   2    0     0     63.64  84.09  N/A         N/A          0.17         -0.62        84.09  68.8     2.08     7.08        13.8        122      2.6      1.52          0.55    53.03     0.56    0.55    0.86    0.46    0.86     74.90   5.73    87.24   69.80   0.73    804.80     10.47    73.47    0.30      2.40          0.92          0.77           91.54        
48   R0982-D2TS358_3     358     68.18    100.00  46    N/A       N/A        0.51      N/A        50.38    N/A           25.94    41.42    4.233    5.395    132   1    0     0     68.18  79.55  N/A         N/A          0.55         N/A          79.55  67.853   1.82     6.13        12.8        120      2.6      2.71          0.47    50.76     0.53    0.52    0.86    0.50    0.85     72.00   5.73    87.64   69.37   0.74    752.40     11.46    79.20    0.23      59.95         1.83          0.00           96.15        
49   R0982-D2TS358_2     358     67.99    100.00  49    N/A       N/A        0.49      N/A        50.00    N/A           26.72    41.84    4.24     5.336    132   0    0     0     67.42  81.82  N/A         N/A          0.48         N/A          81.82  67.658   1.90     6.79        12.9        120      2.7      2.61          0.49    52.65     0.52    0.52    0.84    0.50    0.85     79.20   5.60    87.14   69.21   0.74    755.80     12.50    79.26    0.23      45.56         0.00          1.54           92.31        
50   R0982-D2TS358_4     358     67.99    100.00  49    N/A       N/A        0.49      N/A        50.19    N/A           25.27    41.32    4.24     5.355    132   0    0     0     67.42  81.82  N/A         N/A          0.48         N/A          81.82  67.575   1.89     6.70        12.9        120      2.7      2.66          0.48    51.52     0.51    0.52    0.84    0.50    0.85     79.20   5.60    87.25   69.49   0.74    756.60     12.41    79.14    0.21      55.64         0.00          1.54           93.08        
51   R0982-D2TS433_4     433     67.99    100.00  49    N/A       N/A        0.49      N/A        49.24    N/A           0.00     26.73    4.228    4.137    132   2    0     0     63.64  80.30  N/A         N/A          0.17         N/A          80.30  67.907   1.95     6.32        12.6        122      2.7      6.00          0.16    49.17     0.43    0.12    0.85    0.51    0.85     77.10   5.73    87.32   69.22   0.73    743.40     11.73    N/A      0.00      4.45          N/A           6.92           87.69        
52   R0982-D2TS102_3     102s    67.99    100.00  49    N/A       N/A        0.49      0.09       46.02    N/A           23.57    38.16    4.029    5.079    132   2    0     0     68.18  83.33  N/A         N/A          0.55         0.60         83.33  66.867   1.99     6.89        13.4        124      2.8      1.32          0.51    53.03     0.54    0.52    0.86    0.49    0.86     80.60   5.86    87.47   69.48   0.74    783.30     10.47    73.68    0.26      1.44          0.92          0.77           93.08        
53   R0982-D2TS433_2     433     67.80    100.00  53    N/A       N/A        0.46      N/A        48.68    N/A           0.00     26.39    4.133    4.038    132   2    0     0     65.91  81.82  N/A         N/A          0.36         N/A          81.82  68.149   1.93     6.60        12.7        123      2.8      6.00          0.16    48.79     0.43    0.12    0.85    0.51    0.86     77.10   5.73    87.36   69.25   0.74    746.00     11.69    N/A      0.00      2.97          N/A           6.92           87.69        
54   R0982-D2TS208_1     208     67.61    100.00  54    0.47      N/A        0.44      N/A        47.92    N/A           19.27    36.82    4.354    5.457    132   0    0     0     65.15  81.06  0.34        N/A          0.30         N/A          81.06  65.092   1.93     6.22        12          122      2.8      1.51          0.49    49.62     0.54    0.49    0.85    0.53    0.85     78.70   5.73    87.15   68.50   0.72    712.40     11.89    77.23    0.23      0.00          2.75          0.77           83.85        
55   R0982-D2TS208_3     208     67.61    100.00  54    N/A       N/A        0.44      N/A        48.30    N/A           24.77    38.85    4.251    5.314    132   0    0     0     67.42  81.06  N/A         N/A          0.48         N/A          81.06  64.588   1.87     7.08        12.1        121      2.7      1.37          0.50    52.27     0.53    0.50    0.85    0.56    0.85     78.90   5.73    86.66   68.18   0.73    717.50     12.32    78.33    0.26      0.00          1.83          4.62           84.62        
56   R0982-D2TS460_1     460     67.42    100.00  56    0.45      N/A        0.41      N/A        47.35    N/A           24.45    39.00    4.268    5.376    132   2    0     0     63.64  81.06  0.25        N/A          0.17         N/A          81.06  66.337   1.96     6.70        11.7        121      2.8      2.15          0.50    52.61     0.54    0.50    0.85    0.53    0.86     81.08   5.60    86.56   68.12   0.73    695.20     13.57    60.15    0.23      1.44          6.42          3.85           85.38        
57   R0982-D2TS068_1     068     67.42    100.00  56    0.45      N/A        0.41      N/A        47.16    N/A           24.90    40.13    4.124    5.379    132   0    0     0     66.67  82.58  0.44        N/A          0.42         N/A          82.58  70.104   1.84     6.13        13.7        122      2.5      1.56          0.54    54.92     0.57    0.55    0.86    0.45    0.86     93.10   5.86    88.59   72.67   0.73    795.10     8.83     83.89    0.29      1.92          0.00          1.54           87.69        
58   R0982-D2TS117_1     117     67.42    100.00  56    0.45      N/A        0.41      N/A        46.97    N/A           20.57    37.36    4.107    5.187    132   2    0     0     70.45  84.85  0.68        N/A          0.73         N/A          84.85  67.124   2.10     7.18        13.4        122      2.6      3.98          0.52    54.92     0.52    0.53    0.86    0.47    0.86     75.40   5.60    87.81   71.43   0.73    784.30     10.76    78.63    0.22      91.13         15.60         7.69           85.38        
59   R0982-D2TS460_5     460     67.42    100.00  56    N/A       N/A        0.41      N/A        47.73    N/A           24.10    38.37    4.228    5.334    132   2    0     0     62.88  81.06  N/A         N/A          0.11         N/A          81.06  65.457   2.14     6.89        11.7        121      2.8      2.38          0.48    52.98     0.53    0.50    0.85    0.53    0.86     79.00   5.73    86.83   67.67   0.72    691.30     13.66    60.31    0.23      2.40          9.17          2.31           86.92        
60   R0982-D2TS460_2     460     67.42    100.00  56    N/A       N/A        0.41      N/A        47.35    N/A           24.45    39.00    4.268    5.376    132   2    0     0     63.64  81.06  N/A         N/A          0.17         N/A          81.06  66.337   1.96     6.70        11.7        121      2.8      2.15          0.50    52.61     0.54    0.50    0.85    0.53    0.86     81.08   5.60    86.56   68.12   0.73    695.20     13.57    60.15    0.23      1.44          6.42          3.85           85.38        
61   R0982-D2TS190_3     190     67.42    100.00  56    N/A       N/A        0.41      N/A        47.54    N/A           22.80    39.49    4.144    5.289    132   0    0     0     62.12  80.30  N/A         N/A          0.05         N/A          80.30  65.358   1.93     6.41        12.8        122      2.9      2.63          0.51    54.17     0.54    0.52    0.85    0.51    0.86     80.40   5.60    86.84   70.08   0.73    750.50     11.87    40.28    0.24      15.83         5.50          3.85           94.62        
62   R0982-D2TS068_4     068     67.23    100.00  62    N/A       N/A        0.38      N/A        47.73    N/A           26.30    40.84    4.597    5.637    132   0    0     0     63.64  78.79  N/A         N/A          0.17         N/A          78.79  66.045   1.80     6.03        12.1        115      2.7      1.14          0.51    51.52     0.54    0.50    0.83    0.55    0.84     78.90   5.86    88.02   69.49   0.71    714.10     10.60    82.26    0.24      0.48          0.00          0.00           92.31        
63   R0982-D2TS196_5     196     67.23    100.00  62    N/A       N/A        0.38      N/A        46.59    N/A           22.90    37.51    4.149    5.323    132   7    0     0     65.15  81.82  N/A         N/A          0.30         N/A          81.82  65.157   2.06     6.60        11.5        122      2.7      2.35          0.49    52.27     0.52    0.49    0.84    0.51    0.86     40.60   5.60    86.21   66.40   0.73    687.30     13.06    81.31    0.23      0.48          14.68         4.62           74.62        
64   R0982-D2TS359_4     359s    67.23    100.00  62    N/A       N/A        0.38      -0.12      46.59    N/A           21.67    36.73    4.155    5.318    132   8    0     0     67.42  80.30  N/A         N/A          0.48         0.39         80.30  65.694   1.99     6.60        11.7        122      2.7      2.39          0.49    51.89     0.52    0.50    0.84    0.51    0.86     46.90   5.60    86.26   66.45   0.73    694.70     13.18    81.28    0.23      0.96          12.84         5.38           77.69        
65   R0982-D2TS196_4     196     67.23    100.00  62    N/A       N/A        0.38      N/A        46.59    N/A           21.67    36.73    4.155    5.318    132   8    0     0     67.42  80.30  N/A         N/A          0.48         N/A          80.30  65.694   1.99     6.60        11.7        122      2.7      2.39          0.49    51.89     0.52    0.50    0.84    0.51    0.86     46.90   5.60    86.26   66.45   0.73    694.70     13.18    81.28    0.23      0.96          12.84         5.38           77.69        
66   R0982-D2TS359_5     359s    67.23    100.00  62    N/A       N/A        0.38      -0.12      46.59    N/A           22.90    37.51    4.149    5.323    132   7    0     0     65.15  81.82  N/A         N/A          0.30         -0.21        81.82  65.157   2.06     6.60        11.5        122      2.7      2.35          0.49    52.27     0.52    0.49    0.84    0.51    0.86     40.60   5.60    86.21   66.40   0.73    687.30     13.06    81.31    0.23      0.48          14.68         4.62           74.62        
67   R0982-D2TS460_4     460     67.05    100.00  67    N/A       N/A        0.36      N/A        47.73    N/A           24.87    38.94    4.294    5.36     132   2    0     0     63.64  81.06  N/A         N/A          0.17         N/A          81.06  68.599   1.89     6.51        11.7        121      2.8      1.99          0.49    52.60     0.54    0.51    0.85    0.54    0.86     79.69   5.73    86.50   67.81   0.73    694.60     12.88    60.10    0.25      0.96          6.42          3.85           88.46        
68   R0982-D2TS344_4     344     67.05    100.00  67    N/A       N/A        0.36      N/A        45.83    N/A           22.74    39.06    4.198    5.224    132   2    0     0     67.42  83.33  N/A         N/A          0.48         N/A          83.33  66.49    1.90     7.08        11.5        120      2.5      1.51          0.50    52.65     0.53    0.52    0.85    0.52    0.86     71.10   5.60    85.89   66.72   0.73    685.70     11.40    83.16    0.26      0.00          2.75          0.77           83.85        
69   R0982-D2TS358_5     358     66.86    100.00  69    N/A       N/A        0.33      N/A        47.73    N/A           24.15    38.42    4.312    5.417    132   0    0     0     65.91  81.82  N/A         N/A          0.36         N/A          81.82  66.039   1.91     6.22        12.5        121      3        2.58          0.47    51.89     0.53    0.51    0.83    0.52    0.85     80.10   5.73    87.35   69.29   0.73    736.60     12.40    78.38    0.23      54.68         0.00          0.77           94.62        
70   R0982-D2TS433_5     433     66.86    100.00  69    N/A       N/A        0.33      N/A        45.45    N/A           0.00     23.13    2.928    2.859    132   1    0     0     69.70  85.61  N/A         N/A          0.67         N/A          85.61  63.65    2.33     7.46        13.1        126      2.5      6.00          0.16    53.85     0.43    0.13    0.92    0.41    0.89     67.30   6.11    87.17   70.63   0.76    764.70     4.57     N/A      0.00      11.87         N/A           11.54          66.92        
71   R0982-D2TS390_2     390     66.67    100.00  71    N/A       N/A        0.31      N/A        45.65    N/A           22.12    38.70    3.611    4.856    132   2    0     0     75.00  87.12  N/A         N/A          1.11         N/A          87.12  67.773   1.98     7.27        14          123      2.5      1.46          0.52    50.38     0.54    0.53    0.87    0.46    0.87     85.30   5.86    87.38   69.53   0.74    810.40     10.21    73.65    0.26      1.92          0.00          0.77           91.54        
72   R0982-D2TS190_2     190     66.67    100.00  71    N/A       N/A        0.31      N/A        46.22    N/A           22.82    38.31    4.042    5.092    132   0    0     0     62.88  77.27  N/A         N/A          0.11         N/A          77.27  66.344   2.02     6.32        11.7        120      2.6      2.40          0.50    54.55     0.54    0.51    0.86    0.54    0.86     77.60   5.73    86.44   67.29   0.72    695.60     12.93    40.50    0.25      10.07         4.59          3.08           94.62        
73   R0982-D2TS390_4     390     66.48    100.00  73    N/A       N/A        0.28      N/A        45.84    N/A           22.18    38.07    3.954    5.037    132   2    0     0     68.18  84.85  N/A         N/A          0.55         N/A          84.85  66.534   2.02     7.18        14          123      2.7      1.60          0.53    53.03     0.56    0.54    0.85    0.45    0.86     85.00   5.73    88.11   71.02   0.73    812.60     11.26    71.08    0.28      2.88          0.00          0.77           90.77        
74   R0982-D2TS208_2     208     66.29    100.00  74    N/A       N/A        0.26      N/A        45.45    N/A           20.07    36.99    4.232    5.297    132   0    0     0     64.39  81.82  N/A         N/A          0.24         N/A          81.82  64.556   2.03     6.79        12.5        123      2.7      1.50          0.50    51.89     0.53    0.51    0.85    0.54    0.85     69.80   5.73    87.31   69.89   0.73    738.70     12.05    77.98    0.23      0.96          0.92          3.85           81.54        
75   R0982-D2TS433_1     433     66.29    100.00  74    0.32      N/A        0.26      N/A        47.35    N/A           0.00     25.32    4.238    4.146    132   2    0     0     65.15  80.30  0.34        N/A          0.30         N/A          80.30  65.676   1.99     6.60        12.4        122      2.8      6.00          0.16    49.17     0.43    0.12    0.85    0.51    0.85     77.10   5.73    87.20   69.01   0.73    730.20     11.75    N/A      0.00      1.48          N/A           6.15           87.69        
76   R0982-D2TS102_1     102s    66.10    100.00  76    0.30      0.06       0.23      -0.45      45.46    -0.01         22.74    37.49    4.064    5.104    132   2    0     0     65.91  83.33  0.39        0.26         0.36         -0.01        83.33  65.043   2.07     7.08        13.3        120      2.7      1.43          0.53    54.92     0.54    0.54    0.85    0.49    0.86     83.30   5.86    87.08   69.98   0.72    775.40     9.92     74.66    0.26      1.44          0.00          0.77           90.00        
77   R0982-D2TS460_3     460     66.10    100.00  76    N/A       N/A        0.23      N/A        46.21    N/A           24.49    37.28    4.22     5.337    132   2    0     0     62.88  78.79  N/A         N/A          0.11         N/A          78.79  66.076   1.87     6.32        11.8        120      2.8      1.95          0.50    52.99     0.53    0.50    0.85    0.53    0.86     79.59   5.73    86.73   67.81   0.73    698.50     13.15    60.67    0.23      0.48          6.42          3.08           84.62        
78   R0982-D2TS208_4     208     65.72    100.00  78    N/A       N/A        0.18      N/A        45.84    N/A           24.15    37.48    4.433    5.547    132   0    0     0     64.39  81.06  N/A         N/A          0.24         N/A          81.06  61.409   2.06     6.51        11.9        121      2.8      1.71          0.49    51.14     0.52    0.48    0.84    0.56    0.85     84.10   5.73    86.89   68.33   0.72    707.70     12.42    77.12    0.22      0.00          4.59          6.15           82.31        
79   R0982-D2TS356_5     356     65.53    100.00  79    N/A       N/A        0.15      N/A        48.87    N/A           27.21    40.46    4.21     5.387    132   2    0     0     61.36  78.79  N/A         N/A          -0.01        N/A          78.79  63.904   2.06     6.51        12.6        122      2.9      0.76          0.53    53.03     0.56    0.51    0.84    0.50    0.86     78.20   5.60    86.48   68.99   0.71    743.00     13.97    81.21    0.27      0.00          0.92          0.77           96.15        
80   R0982-D2TS196_3     196     65.15    100.00  80    N/A       N/A        0.10      N/A        44.32    N/A           20.32    34.54    4.198    5.364    132   9    0     0     64.39  78.79  N/A         N/A          0.24         N/A          78.79  63.876   2.02     6.32        11.5        124      3        2.35          0.49    52.27     0.52    0.50    0.83    0.52    0.85     42.40   5.60    85.88   65.95   0.71    685.50     13.56    80.80    0.22      0.96          11.01         6.15           76.92        
81   R0982-D2TS208_5     208     65.15    100.00  80    N/A       N/A        0.10      N/A        46.21    N/A           22.43    37.45    4.354    5.469    132   0    0     0     64.39  81.06  N/A         N/A          0.24         N/A          81.06  66.268   1.99     6.41        11.6        120      2.6      1.52          0.49    48.11     0.53    0.49    0.83    0.57    0.85     82.90   5.60    86.29   66.70   0.72    691.30     13.89    77.02    0.24      0.00          2.75          4.62           83.08        
82   R0982-D2TS359_3     359s    65.15    100.00  80    N/A       N/A        0.10      -0.72      44.32    N/A           20.32    34.54    4.198    5.364    132   9    0     0     64.39  78.79  N/A         N/A          0.24         -0.42        78.79  63.876   2.02     6.32        11.5        124      3        2.35          0.49    52.27     0.52    0.50    0.83    0.52    0.85     42.40   5.60    85.88   65.95   0.71    685.50     13.56    80.80    0.22      0.96          11.01         6.15           76.92        
83   R0982-D2TS270_2     270     64.96    100.00  83    N/A       N/A        0.08      N/A        44.32    N/A           22.18    35.57    4.167    5.49     132   2    0     0     62.12  81.82  N/A         N/A          0.05         N/A          81.82  64.942   1.90     6.51        12.9        119      2.7      2.10          0.49    51.52     0.53    0.51    0.85    0.49    0.86     80.40   5.73    87.84   69.02   0.70    755.00     13.67    N/A      0.23      1.44          6.42          1.54           87.69        
84   R0982-D2TS344_5     344     64.58    100.00  84    N/A       N/A        0.02      N/A        41.85    N/A           19.15    34.03    4.078    5.284    132   2    0     0     65.91  81.06  N/A         N/A          0.36         N/A          81.06  65.427   2.01     6.51        11.9        122      2.8      1.64          0.48    50.38     0.52    0.49    0.84    0.54    0.86     78.40   5.73    86.22   67.38   0.72    703.80     12.57    81.47    0.22      0.00          3.67          5.38           81.54        
85   R0982-D2TS004_1     004s    64.58    100.00  84    0.12      -0.24      0.02      -0.88      45.45    -0.01         22.14    37.93    4.413    5.428    132   2    0     0     64.39  78.79  0.29        -0.03        0.24         -0.42        78.79  65.141   1.91     6.13        12.4        120      2.7      0.77          0.52    54.17     0.55    0.53    0.85    0.50    0.84     79.80   5.73    86.03   69.60   0.72    732.00     11.55    80.94    0.26      0.00          1.83          0.00           97.69        
86   R0982-D2TS344_3     344     64.58    100.00  84    N/A       N/A        0.02      N/A        43.56    N/A           17.48    32.32    4.314    5.442    132   2    0     0     64.39  79.55  N/A         N/A          0.24         N/A          79.55  62.384   2.08     6.60        11.1        119      2.6      1.93          0.48    46.97     0.52    0.49    0.84    0.54    0.85     65.80   5.46    84.33   65.59   0.70    664.90     13.41    80.16    0.22      0.00          8.26          1.54           80.00        
87   R0982-D2TS270_5     270     64.02    100.00  87    N/A       N/A        -0.05     N/A        42.99    N/A           19.88    34.18    4.203    5.506    132   2    0     0     64.39  82.58  N/A         N/A          0.24         N/A          82.58  67.312   1.97     6.51        13.2        122      2.8      1.80          0.49    53.41     0.52    0.51    0.84    0.47    0.86     74.80   5.73    87.52   69.54   0.70    772.70     13.31    N/A      0.24      0.96          3.67          2.31           88.46        
88   R0982-D2TS270_1     270     63.83    100.00  88    0.03      N/A        -0.08     N/A        42.42    N/A           17.75    33.29    4.23     5.569    132   2    0     0     62.88  81.82  0.20        N/A          0.11         N/A          81.82  64.208   1.95     6.41        13.1        122      2.7      1.74          0.49    53.41     0.52    0.51    0.84    0.48    0.86     75.40   5.73    87.38   69.45   0.70    766.90     13.11    N/A      0.23      0.96          3.67          0.77           90.77        
89   R0982-D2TS112_4     112     63.83    100.00  88    N/A       N/A        -0.08     N/A        42.61    N/A           18.41    34.25    3.912    5.177    132   2    0     0     61.36  83.33  N/A         N/A          -0.01        N/A          83.33  60.982   2.02     7.08        11.9        122      2.7      1.62          0.46    53.41     0.51    0.49    0.86    0.59    0.87     75.90   5.99    82.79   63.27   0.71    704.20     11.37    86.78    0.22      0.96          2.75          3.08           91.54        
90   R0982-D2TS431_4     431     63.64    100.00  90    N/A       N/A        -0.10     N/A        42.42    N/A           21.27    33.96    3.46     4.752    132   2    0     0     60.61  80.30  N/A         N/A          -0.07        N/A          80.30  60.557   2.20     6.22        12.5        124      2.8      1.55          0.51    59.85     0.55    0.54    0.90    0.47    0.86     80.50   6.11    85.57   69.77   0.72    736.10     6.70     81.25    0.25      0.96          4.59          0.77           96.15        
91   R0982-D2TS344_2     344     62.69    100.00  91    N/A       N/A        -0.23     N/A        40.15    N/A           18.98    33.74    4.243    5.428    132   2    0     0     65.15  81.82  N/A         N/A          0.30         N/A          81.82  59.867   2.12     6.70        11.1        121      2.7      1.64          0.46    48.48     0.51    0.49    0.85    0.58    0.85     66.50   5.73    85.26   64.33   0.71    665.00     12.98    82.62    0.23      0.00          3.67          3.08           81.54        
92   R0982-D2TS112_2     112     62.31    100.00  92    N/A       N/A        -0.28     N/A        41.29    N/A           20.25    35.28    4.698    6.069    132   2    0     0     61.36  81.06  N/A         N/A          -0.01        N/A          81.06  63.281   2.05     6.51        11.6        117      2.5      1.20          0.43    49.62     0.51    0.47    0.83    0.61    0.87     78.30   5.60    81.30   61.87   0.69    691.70     12.97    84.65    0.23      0.96          0.92          3.08           93.85        
93   R0982-D2TS356_4     356     61.55    100.00  93    N/A       N/A        -0.39     N/A        40.34    N/A           18.55    28.89    4.055    5.314    132   2    0     0     62.12  75.00  N/A         N/A          0.05         N/A          75.00  56.507   2.37     6.32        10.6        122      3.1      0.87          0.48    53.41     0.53    0.49    0.87    0.56    0.86     77.40   5.86    84.93   65.82   0.68    638.50     10.87    81.58    0.23      0.00          0.92          0.77           94.62        
94   R0982-D2TS431_3     431     61.17    100.00  94    N/A       N/A        -0.44     N/A        40.15    N/A           15.56    30.06    4.803    5.899    132   2    0     0     56.06  71.21  N/A         N/A          -0.45        N/A          72.73  61.132   2.02     5.75        10.4        118      2.9      1.11          0.46    51.89     0.52    0.46    0.82    0.61    0.84     82.40   5.60    83.68   66.38   0.65    628.70     9.05     74.92    0.21      0.00          1.83          0.00           93.85        
95   R0982-D2TS112_3     112     60.80    100.00  95    N/A       N/A        -0.49     N/A        40.15    N/A           18.21    33.14    4.361    5.569    132   2    0     0     59.85  79.55  N/A         N/A          -0.14        N/A          80.30  63.446   1.98     6.32        11.7        120      2.9      1.88          0.43    50.38     0.51    0.48    0.84    0.62    0.86     77.80   5.73    80.98   62.26   0.69    697.30     12.04    84.91    0.21      0.96          4.59          2.31           88.46        
96   R0982-D2TS196_2     196     60.80    100.00  95    N/A       N/A        -0.49     N/A        38.83    N/A           18.43    29.88    4.319    5.488    132   7    0     0     59.09  77.27  N/A         N/A          -0.20        N/A          79.55  57.387   2.25     6.22        10.6        121      2.9      2.15          0.48    51.89     0.51    0.49    0.82    0.53    0.85     39.30   5.60    84.79   64.29   0.68    639.90     13.69    78.46    0.21      0.48          9.17          6.15           78.46        
97   R0982-D2TS359_2     359s    60.80    100.00  95    N/A       N/A        -0.49     -1.96      38.83    N/A           18.43    29.88    4.319    5.488    132   7    0     0     59.09  77.27  N/A         N/A          -0.20        -1.83        79.55  57.387   2.25     6.22        10.6        121      2.9      2.15          0.48    51.89     0.51    0.49    0.82    0.53    0.85     39.30   5.60    84.79   64.29   0.68    639.90     13.69    78.46    0.21      0.48          9.17          6.15           78.46        
98   R0982-D2TS195_1     195     60.61    100.00  98    -0.34     N/A        -0.51     N/A        39.58    N/A           17.08    32.05    4.33     5.483    132   2    0     0     58.33  75.76  -0.09       N/A          -0.26        N/A          75.76  61.275   2.04     6.13        11.5        119      3        1.73          0.44    49.62     0.51    0.48    0.87    0.62    0.86     71.20   5.73    83.62   63.19   0.68    684.10     10.42    N/A      0.21      0.48          5.50          1.54           91.54        
99   R0982-D2TS112_5     112     59.66    100.00  99    N/A       N/A        -0.64     N/A        37.69    N/A           17.26    28.91    3.72     5.001    132   2    0     0     60.61  79.55  N/A         N/A          -0.07        N/A          79.55  54.297   2.37     6.03        12.4        127      3.3      1.49          0.49    55.68     0.54    0.51    0.88    0.46    0.86     79.00   5.99    85.21   68.49   0.68    733.10     9.09     84.92    0.24      0.48          1.83          3.08           86.92        
100  R0982-D2TS328_3     328     59.28    100.00  100   N/A       N/A        -0.69     N/A        38.83    N/A           18.78    31.75    5.013    5.88     132   0    0     0     59.09  75.76  N/A         N/A          -0.20        N/A          78.03  61.93    1.99     6.32        11          116      2.8      2.45          0.48    54.17     0.52    0.50    0.79    0.62    0.83     66.40   5.33    84.67   64.23   0.67    660.60     10.94    N/A      0.23      2.40          8.26          6.92           80.00        
101  R0982-D2TS196_1     196     57.01    100.00  101   -0.76     N/A        -1.00     N/A        34.09    N/A           14.81    25.57    4.345    5.498    132   10   0     0     55.30  78.03  -0.28       N/A          -0.51        N/A          78.03  53.778   2.34     6.13        10.1        121      2.9      2.30          0.46    51.89     0.50    0.49    0.82    0.55    0.84     48.60   5.60    83.76   62.13   0.66    615.20     13.66    76.67    0.21      0.96          8.26          4.62           73.08        
102  R0982-D2TS359_1     359s    57.01    100.00  101   -0.76     -1.70      -1.00     -3.04      34.09    -1.80         14.81    25.57    4.345    5.498    132   10   0     0     55.30  78.03  -0.28       -1.79        -0.51        -2.84        78.03  53.778   2.34     6.13        10.1        121      2.9      2.30          0.46    51.89     0.50    0.49    0.82    0.55    0.84     48.60   5.60    83.76   62.13   0.66    615.20     13.66    76.67    0.21      0.96          8.26          4.62           73.08        
103  R0982-D2TS328_2     328     56.63    100.00  103   N/A       N/A        -1.05     N/A        37.12    N/A           18.87    28.93    5.343    6.115    132   1    0     0     56.82  75.00  N/A         N/A          -0.38        N/A          77.27  61.788   2.08     6.22        10.4        117      3        3.47          0.47    49.62     0.50    0.46    0.76    0.70    0.81     61.30   5.04    84.16   63.42   0.65    629.20     10.45    N/A      0.20      27.82         9.17          12.31          73.85        
104  R0982-D2TS328_4     328     55.68    100.00  104   N/A       N/A        -1.18     N/A        36.17    N/A           16.13    27.36    5.071    5.925    132   0    0     0     56.06  75.76  N/A         N/A          -0.45        N/A          78.03  59.961   2.10     6.22        10.7        117      2.9      3.08          0.47    52.27     0.50    0.47    0.79    0.65    0.82     70.70   5.33    84.86   64.35   0.64    643.80     9.98     N/A      0.19      14.39         6.42          10.00          74.62        
105  R0982-D2TS281_2     281     53.60    100.00  105   N/A       N/A        -1.46     N/A        35.04    N/A           10.96    23.58    5.25     6.417    132   0    0     0     50.00  75.00  N/A         N/A          -0.94        N/A          75.76  60.453   2.13     6.13        10.5        111      2.5      2.65          0.39    40.53     0.48    0.41    0.76    0.75    0.82     78.50   5.19    82.43   61.08   0.60    635.50     18.08    65.09    0.14      29.28         1.83          2.31           91.54        
106  R0982-D2TS328_1     328     53.60    100.00  105   -1.16     N/A        -1.46     N/A        34.28    N/A           15.90    24.36    5.365    6.314    132   0    0     0     43.18  71.97  -1.05       N/A          -1.50        N/A          74.24  51.259   2.36     5.84        9.6         116      3.2      3.41          0.45    47.35     0.49    0.45    0.77    0.69    0.81     64.40   5.33    83.87   60.94   0.61    589.60     12.54    N/A      0.21      15.83         13.76         10.77          70.00        
107  R0982-D2TS281_1     281     52.84    100.00  107   -1.24     N/A        -1.57     N/A        34.28    N/A           11.73    22.70    5.21     6.42     132   0    0     0     49.24  74.24  -0.67       N/A          -1.01        N/A          75.00  60.312   2.15     6.03        10.3        111      2.5      2.85          0.38    39.39     0.48    0.40    0.76    0.74    0.82     76.20   5.19    82.31   60.89   0.60    623.70     17.98    64.47    0.14      22.54         4.59          2.31           91.54        
108  R0982-D2TS328_5     328     52.65    100.00  108   N/A       N/A        -1.59     N/A        33.33    N/A           14.95    24.38    5.359    6.291    132   0    0     0     44.70  71.21  N/A         N/A          -1.38        N/A          71.21  51.06    2.42     5.56        9           115      3.2      3.30          0.45    48.48     0.49    0.44    0.73    0.72    0.81     62.70   5.60    82.34   60.82   0.61    556.80     12.20    N/A      0.20      15.83         11.01         13.85          73.85        
109  R0982-D2TS288_5     288     52.08    100.00  109   N/A       N/A        -1.67     N/A        31.25    N/A           9.99     20.70    4.857    6.226    132   0    0     0     47.73  71.21  N/A         N/A          -1.13        N/A          76.52  51.516   2.43     6.13        9           121      3.1      1.27          0.41    37.50     0.46    0.37    0.79    0.78    0.82     79.50   5.46    80.79   57.37   0.59    559.40     13.39    79.05    0.13      0.00          1.83          1.54           89.23        
110  R0982-D2TS356_3     356     51.70    100.00  110   N/A       N/A        -1.72     N/A        32.20    N/A           15.26    25.30    4.996    6.239    132   2    0     0     43.18  65.91  N/A         N/A          -1.50        N/A          68.18  49.261   2.29     5.46        8.7         115      3.5      0.82          0.44    43.18     0.50    0.44    0.81    0.63    0.83     67.50   5.60    81.87   61.76   0.61    544.60     15.23    73.15    0.19      0.00          0.00          0.77           95.38        
111  R0982-D2TS492_3     492     51.33    100.00  111   N/A       N/A        -1.77     N/A        28.98    N/A           11.84    17.40    4.566    5.962    132   0    0     0     33.33  72.73  N/A         N/A          -2.31        N/A          75.00  50.372   2.47     5.65        9.7         120      3.4      1.76          0.43    42.42     0.47    0.40    0.78    0.62    0.82     84.40   5.73    80.86   60.11   0.57    595.00     14.50    74.94    0.16      0.96          2.75          3.08           86.15        
112  R0982-D2TS288_2     288     50.57    100.00  112   N/A       N/A        -1.87     N/A        29.55    N/A           13.26    22.05    5.072    6.207    132   0    0     0     37.88  71.97  N/A         N/A          -1.94        N/A          71.97  48.154   2.41     5.65        9.3         123      3.8      1.53          0.42    40.53     0.48    0.39    0.79    0.79    0.81     93.20   5.60    79.72   60.30   0.57    573.20     13.37    76.77    0.15      0.00          3.67          1.54           87.69        
113  R0982-D2TS492_2     492     49.24    100.00  113   N/A       N/A        -2.05     N/A        28.03    N/A           9.19     14.72    4.669    5.979    132   0    0     0     24.24  81.06  N/A         N/A          -3.05        N/A          81.06  46.876   2.50     6.51        9.4         124      3.4      2.92          0.41    39.02     0.47    0.39    0.80    0.65    0.81     76.10   5.60    79.24   60.62   0.56    576.80     14.64    76.78    0.15      15.35         5.50          0.77           84.62        
114  R0982-D2TS431_2     431     47.16    100.00  114   N/A       N/A        -2.34     N/A        27.27    N/A           9.62     19.14    5.625    6.861    132   2    0     0     32.58  73.48  N/A         N/A          -2.37        N/A          73.48  50.422   2.38     5.65        9.9         121      3.2      1.67          0.41    35.98     0.47    0.38    0.73    0.73    0.81     69.50   5.46    78.02   58.06   0.55    602.60     16.94    65.92    0.16      0.96          2.75          0.77           90.00        
115  R0982-D2TS288_4     288     46.97    100.00  115   N/A       N/A        -2.36     N/A        27.65    N/A           13.14    20.13    5.681    6.782    132   0    0     0     39.39  57.58  N/A         N/A          -1.81        N/A          62.88  45.387   2.31     3.65        7.9         113      4.2      1.36          0.43    41.67     0.50    0.40    0.78    0.71    0.80     72.10   5.19    80.14   60.95   0.55    504.40     14.91    77.23    0.17      0.00          2.75          0.77           90.77        
116  R0982-D2TS492_5     492     45.45    100.00  116   N/A       N/A        -2.57     N/A        25.57    N/A           8.77     16.23    5.519    6.621    132   0    0     0     31.06  65.15  N/A         N/A          -2.49        N/A          67.42  45.745   2.55     4.03        7.8         116      3.5      1.80          0.42    42.42     0.48    0.41    0.74    0.68    0.78     91.50   5.46    79.74   61.37   0.52    496.10     17.68    73.63    0.18      1.44          2.75          3.08           88.46        
117  R0982-D2TS492_1     492     45.27    100.00  117   -2.12     N/A        -2.59     N/A        24.05    N/A           9.86     15.68    5.52     6.818    132   0    0     0     28.03  63.64  -2.01       N/A          -2.74        N/A          63.64  42.108   2.55     3.93        8.1         114      4        2.58          0.40    40.91     0.49    0.38    0.76    0.72    0.79     82.30   5.33    78.42   56.59   0.51    514.10     18.64    72.21    0.16      12.95         3.67          2.31           90.77        
118  R0982-D2TS288_1     288     44.51    100.00  118   -2.21     N/A        -2.69     N/A        26.32    N/A           9.84     16.34    7.315    8.346    132   0    0     0     4.55   55.30  -3.50       N/A          -4.67        N/A          59.09  39.599   2.37     4.41        7           112      4.5      1.52          0.41    40.91     0.47    0.39    0.66    0.81    0.75     79.00   4.42    78.86   60.51   0.51    457.10     18.30    78.00    0.16      0.00          3.67          0.77           88.46        
119  R0982-D2TS288_3     288     43.18    100.00  119   N/A       N/A        -2.87     N/A        25.95    N/A           10.49    19.00    7.281    8.105    132   0    0     0     31.82  56.82  N/A         N/A          -2.43        N/A          60.61  39.562   2.38     4.22        6.1         103      3.4      1.90          0.40    38.26     0.46    0.39    0.67    0.84    0.76     85.70   4.74    76.17   58.13   0.51    403.90     18.80    66.17    0.13      0.96          4.59          3.08           87.69        
120  R0982-D2TS431_1     431     42.99    100.00  120   -2.39     N/A        -2.90     N/A        25.95    N/A           7.89     16.35    6.927    7.692    132   3    0     0     31.82  52.27  -1.77       N/A          -2.43        N/A          53.03  38.251   2.58     2.70        5.7         90       4.1      1.87          0.43    42.42     0.50    0.45    0.74    0.73    0.78     75.00   4.89    77.79   62.41   0.48    389.30     15.20    60.18    0.20      3.36          2.75          0.77           93.85        
121  R0982-D2TS492_4     492     41.10    100.00  121   N/A       N/A        -3.16     N/A        23.29    N/A           10.34    13.71    6.325    7.51     132   0    0     0     21.21  63.64  N/A         N/A          -3.30        N/A          65.91  44.777   2.57     4.41        6.6         115      3.8      1.78          0.39    34.09     0.47    0.35    0.69    0.88    0.75     88.80   5.04    78.72   58.17   0.46    434.50     20.24    66.51    0.14      0.96          3.67          0.77           89.23        

