#    Model               GR#     GDT_TS   NP_P    RANK  Z-M1-GDT  Z-M1s-GDT  Z-MA-GDT  Z-MAs-GDT  GDT_HA   Z-M1s-GDT-HA  GDC_SC   GDC_ALL  RMS_CA   RMS_ALL  NP    err  PC01  PC05  AL0_P  AL4_P  Z-M1-AL0_p  Z-M1s-AL0_p  Z-MA-AL0_p   Z-MAs-AL0_p  ALI_P  LGA_S    RMSD[L]  Z-score[M]  Z-Score[D]  Al.Res.  RMSD[D]  MolPrb_Score  LDDT    SphGr     CAD_AA  RPF     CODM    DFM     Handed.  SOV     CE      QCS     CONTS   TMscore  Dali(raw)  FlexE    QSE      CAD_SS    MolPrb_clash  MolPrb_rotout  MolPrb_ramout  MolPrb_ramfv 

-    starting_model      -       62.39    -       -     -         -          -         -          45.05    -             20.24    -        6.80     7.38     -     -    -     -     -      -      -           -            -            -            -      -        -        5.98        10.80       95       2.90     1.33          0.51    55.86     0.53    0.53    0.75    0.54    0.79     70.70   5.04    88.36   67.41   0.65     550.80     18.42    80.54    0.29      2.24          1.03          0.92           95.41        

1    R0981-D4TS086_3     086     68.47    100.00  1     N/A       N/A        1.76      N/A        51.58    N/A           29.11    41.28    4.918    5.884    111   1    0     0     72.07  79.28  N/A         N/A          2.25         N/A          82.88  78.473   1.66     6.41        12.6        99       2.5      1.58          0.61    70.27     0.62    0.63    0.89    0.33    0.81     79.30   5.60    90.99   76.34   0.72    635.10     7.42     N/A      0.40      5.04          0.00          0.92           95.41        
2    R0981-D4TS086_4     086     67.57    100.00  2     N/A       N/A        1.58      N/A        49.10    N/A           27.93    41.94    4.863    5.805    111   0    0     0     71.17  78.38  N/A         N/A          2.11         N/A          82.88  77.343   1.70     6.19        12.5        99       2.5      1.21          0.60    72.07     0.60    0.63    0.89    0.34    0.81     73.40   5.60    91.26   77.32   0.71    633.10     6.48     N/A      0.39      2.80          0.00          0.00           97.25        
3    R0981-D4TS086_1     086     66.89    100.00  3     1.45      N/A        1.44      N/A        49.55    N/A           28.17    39.85    5.48     6.457    111   0    0     0     68.47  76.58  1.49        N/A          1.71         N/A          82.88  74.257   1.85     6.30        11.8        98       2.5      0.92          0.60    68.47     0.59    0.62    0.81    0.49    0.81     84.70   5.46    89.96   74.20   0.68    602.20     7.92     N/A      0.38      1.68          0.00          0.00           100.00       
4    R0981-D4TS425_5     425     65.77    100.00  4     N/A       N/A        1.22      N/A        48.20    N/A           25.10    38.26    6.857    7.329    111   2    0     0     64.86  78.38  N/A         N/A          1.17         N/A          81.98  67.017   2.15     6.19        10.5        98       2.4      0.50          0.56    59.01     0.56    0.59    0.75    0.40    0.82     69.50   5.46    88.46   70.50   0.68    546.80     20.55    N/A      0.30      0.00          0.00          0.00           99.08        
5    R0981-D4TS425_3     425     64.41    100.00  5     N/A       N/A        0.96      N/A        45.49    N/A           24.63    36.38    5.774    6.709    111   0    0     0     67.57  70.27  N/A         N/A          1.58         N/A          76.58  70.973   1.92     5.76        10.3        97       2.8      1.24          0.57    64.41     0.57    0.59    0.76    0.54    0.79     75.80   5.33    89.16   72.66   0.66    542.20     7.72     N/A      0.35      1.68          0.00          0.00           95.41        
6    R0981-D4TS086_2     086     64.41    100.00  5     N/A       N/A        0.96      N/A        45.49    N/A           24.63    36.38    5.774    6.709    111   0    0     0     67.57  70.27  N/A         N/A          1.58         N/A          76.58  70.973   1.92     5.76        10.3        97       2.8      1.24          0.57    64.41     0.57    0.59    0.76    0.54    0.79     75.80   5.33    89.16   72.66   0.66    542.20     7.72     N/A      0.35      1.68          0.00          0.00           95.41        
7    R0981-D4TS460_2     460     64.41    100.00  5     N/A       N/A        0.96      N/A        46.62    N/A           21.22    37.14    6.617    7.202    111   1    0     0     61.26  75.68  N/A         N/A          0.63         N/A          80.18  74.228   1.76     6.09        11          96       2.9      2.59          0.52    56.76     0.54    0.55    0.76    0.48    0.80     70.80   5.19    89.01   68.83   0.65    566.20     18.35    80.27    0.31      11.22         7.22          1.83           94.50        
8    R0981-D4TS460_4     460     64.19    100.00  8     N/A       N/A        0.91      N/A        46.84    N/A           21.50    37.14    6.636    7.22     111   1    0     0     61.26  75.68  N/A         N/A          0.63         N/A          80.18  73.607   1.78     6.09        11          96       2.9      2.55          0.52    56.76     0.54    0.54    0.76    0.47    0.80     70.80   5.04    88.99   68.82   0.65    566.70     18.52    80.32    0.31      10.10         7.22          0.92           94.50        
9    R0981-D4TS460_1     460     64.19    100.00  8     0.98      N/A        0.91      N/A        46.17    N/A           21.26    37.26    6.623    7.208    111   1    0     0     61.26  75.68  0.62        N/A          0.63         N/A          80.18  74.209   1.76     5.98        11          96       2.9      2.64          0.52    56.76     0.54    0.55    0.76    0.48    0.80     70.80   5.19    89.00   68.82   0.65    566.20     18.42    80.37    0.31      11.22         7.22          1.83           93.58        
10   R0981-D4TS460_5     460     64.19    100.00  8     N/A       N/A        0.91      N/A        46.40    N/A           21.39    37.24    6.629    7.213    111   1    0     0     61.26  75.68  N/A         N/A          0.63         N/A          80.18  74.157   1.76     5.98        11          96       2.9      2.64          0.52    56.76     0.54    0.55    0.76    0.48    0.80     70.80   5.04    89.00   68.83   0.65    567.00     18.47    80.30    0.31      11.22         7.22          1.83           93.58        
11   R0981-D4TS208_1     208     63.74    100.00  11    0.90      N/A        0.82      N/A        46.40    N/A           22.17    37.82    6.145    7.163    111   0    0     0     65.77  72.07  1.17        N/A          1.31         N/A          73.87  66.504   1.86     5.22        10.3        98       3.5      1.88          0.53    54.05     0.52    0.56    0.80    0.45    0.81     63.50   5.19    88.33   69.61   0.66    538.80     19.14    84.33    0.30      0.00          7.22          2.75           80.73        
12   R0981-D4TS460_3     460     63.74    100.00  11    N/A       N/A        0.82      N/A        47.07    N/A           21.86    37.37    6.668    7.25     111   1    0     0     61.26  75.68  N/A         N/A          0.63         N/A          80.18  73.545   1.77     5.98        11          96       2.9      2.27          0.51    56.76     0.54    0.54    0.75    0.48    0.80     70.80   5.04    88.82   68.48   0.65    566.70     18.86    80.59    0.31      8.97          4.12          1.83           95.41        
13   R0981-D4TS356_2     356     63.51    100.00  13    N/A       N/A        0.78      N/A        47.97    N/A           15.58    35.15    6.712    7.238    111   0    0     0     59.46  76.58  N/A         N/A          0.37         N/A          81.08  73.161   1.84     6.19        11          97       2.9      0.76          0.49    53.15     0.51    0.50    0.75    0.53    0.80     69.80   5.19    88.79   68.60   0.65    567.40     17.75    79.11    0.26      0.00          1.03          0.00           96.33        
14   R0981-D4TS102_5     102s    63.51    100.00  13    N/A       N/A        0.78      1.29       46.17    N/A           21.20    36.02    6.628    7.217    111   1    0     0     58.56  74.77  N/A         N/A          0.23         0.27         79.28  69.619   1.85     5.87        10.8        95       2.6      1.51          0.51    53.60     0.52    0.53    0.73    0.54    0.80     70.70   5.19    88.04   66.69   0.65    558.40     18.83    81.66    0.28      2.24          1.03          0.92           91.74        
15   R0981-D4TS358_4     358     62.84    100.00  15    N/A       N/A        0.65      N/A        45.50    N/A           18.46    35.03    6.961    7.454    111   0    0     0     60.36  74.77  N/A         N/A          0.50         N/A          79.28  73.649   1.78     5.98        10.6        95       2.9      2.43          0.47    53.60     0.51    0.53    0.73    0.53    0.79     70.90   5.19    87.90   66.53   0.64    540.80     20.62    72.02    0.29      64.50         1.03          0.92           97.25        
16   R0981-D4TS208_4     208     62.84    100.00  15    N/A       N/A        0.65      N/A        45.49    N/A           20.04    31.48    5.201    6.163    111   0    0     0     59.46  71.17  N/A         N/A          0.37         N/A          74.77  68.266   1.95     5.00        9.6         94       3.1      1.64          0.53    56.76     0.54    0.54    0.86    0.37    0.81     60.60   5.04    88.29   70.19   0.66    507.50     8.28     87.80    0.32      0.00          4.12          5.50           84.40        
17   R0981-D4TS102_4     102s    62.84    100.00  15    N/A       N/A        0.65      0.90       45.27    N/A           22.79    36.80    6.772    7.327    111   1    0     0     57.66  75.68  N/A         N/A          0.10         -0.27        80.18  70.008   1.92     5.98        10.8        95       2.9      1.51          0.52    56.76     0.54    0.54    0.75    0.57    0.79     70.70   5.19    88.35   67.41   0.64    548.50     18.05    81.52    0.31      2.24          1.03          0.92           91.74        
18   R0981-D4TS390_3     390     62.84    100.00  15    N/A       N/A        0.65      N/A        45.95    N/A           22.01    36.32    6.757    7.321    111   1    0     0     58.56  75.68  N/A         N/A          0.23         N/A          80.18  67.668   1.91     5.98        10.8        95       2.9      1.57          0.52    56.76     0.53    0.54    0.75    0.56    0.79     70.70   5.19    88.31   67.26   0.64    547.00     18.13    81.63    0.29      2.80          1.03          0.92           91.74        
19   R0981-D4TS433_5     433     62.84    100.00  15    N/A       N/A        0.65      N/A        45.72    N/A           0.00     23.70    6.776    6.649    111   1    0     0     59.46  74.77  N/A         N/A          0.37         N/A          79.28  69.088   1.85     6.09        10.7        95       2.9      6.00          0.15    45.21     0.42    0.12    0.75    0.59    0.79     70.70   5.04    88.24   67.29   0.65    545.30     18.38    N/A      0.00      0.00          N/A           0.92           95.41        
20   R0981-D4TS390_2     390     62.84    100.00  15    N/A       N/A        0.65      N/A        45.27    N/A           21.27    36.09    6.756    7.343    111   1    0     0     59.46  75.68  N/A         N/A          0.37         N/A          80.18  67.791   1.87     5.98        10.7        95       2.9      1.51          0.50    54.05     0.52    0.53    0.75    0.55    0.79     70.70   5.19    88.11   66.98   0.64    545.00     18.16    81.77    0.28      2.24          1.03          0.92           91.74        
21   R0981-D4TS433_2     433     62.84    100.00  15    N/A       N/A        0.65      N/A        45.27    N/A           0.00     23.63    6.756    6.629    111   1    0     0     59.46  75.68  N/A         N/A          0.37         N/A          80.18  69.138   1.84     6.09        10.6        95       2.9      6.00          0.15    45.21     0.41    0.12    0.74    0.58    0.79     70.70   5.04    88.00   66.90   0.65    536.50     18.37    N/A      0.00      1.75          N/A           0.92           94.50        
22   R0981-D4TS208_5     208     62.84    100.00  15    N/A       N/A        0.65      N/A        44.82    N/A           18.93    33.00    10.358   10.594   111   0    0     0     61.26  72.97  N/A         N/A          0.63         N/A          75.68  62.181   1.93     5.55        9.7         92       2.6      1.61          0.51    54.05     0.52    0.51    0.49    0.88    0.70     68.80   4.74    87.38   67.20   0.65    508.90     17.88    84.88    0.27      0.56          2.06          5.50           83.49        
23   R0981-D4TS190_5     190     62.61    100.00  23    N/A       N/A        0.60      N/A        45.49    N/A           18.88    35.34    6.562    7.171    111   0    0     0     59.46  72.97  N/A         N/A          0.37         N/A          77.48  72.669   1.79     5.55        10.3        95       3.1      2.02          0.50    55.41     0.54    0.52    0.76    0.56    0.79     74.50   5.19    87.96   66.22   0.65    539.50     14.55    41.67    0.32      7.29          2.06          3.67           94.50        
24   R0981-D4TS358_2     358     62.61    100.00  23    N/A       N/A        0.60      N/A        46.17    N/A           19.34    35.18    6.768    7.284    111   0    0     0     60.36  75.68  N/A         N/A          0.50         N/A          80.18  68.764   1.94     5.87        10.5        95       2.9      2.43          0.47    54.51     0.52    0.53    0.73    0.56    0.79     70.90   4.89    87.77   66.17   0.64    538.00     20.71    71.41    0.29      63.94         1.03          0.92           97.25        
25   R0981-D4TS457_5     457     62.61    100.00  23    N/A       N/A        0.60      N/A        44.82    N/A           20.64    36.14    6.799    7.38     111   0    0     0     60.36  75.68  N/A         N/A          0.50         N/A          80.18  69.866   1.82     6.09        10.8        95       2.9      2.04          0.51    56.31     0.53    0.53    0.75    0.58    0.79     70.70   5.04    88.38   67.32   0.65    550.00     18.20    76.54    0.29      9.53          1.03          0.92           90.83        
26   R0981-D4TS102_2     102s    62.61    100.00  23    N/A       N/A        0.60      0.76       45.05    N/A           20.99    35.91    6.754    7.339    111   1    0     0     58.56  75.68  N/A         N/A          0.23         0.27         80.18  69.434   1.91     5.98        10.8        95       2.8      1.51          0.51    54.05     0.52    0.53    0.75    0.57    0.79     70.70   5.19    88.18   67.08   0.64    547.50     17.96    81.84    0.28      2.24          1.03          0.92           91.74        
27   R0981-D4TS102_1     102s    62.61    100.00  23    0.71      1.22       0.60      0.76       45.27    1.00          21.67    36.28    6.762    7.324    111   1    0     0     58.56  75.68  0.30        0.78         0.23         0.27         80.18  68.8     1.89     5.98        10.8        95       2.9      1.57          0.52    56.76     0.53    0.54    0.75    0.56    0.79     70.70   5.19    88.30   67.25   0.64    546.10     18.16    81.66    0.29      2.80          1.03          0.92           91.74        
28   R0981-D4TS190_3     190     62.61    100.00  23    N/A       N/A        0.60      N/A        44.82    N/A           20.38    35.63    6.805    7.385    111   0    0     0     59.46  75.68  N/A         N/A          0.37         N/A          80.18  69.374   1.83     5.98        10.7        95       2.9      2.07          0.50    55.41     0.53    0.52    0.74    0.52    0.79     70.80   5.04    88.11   66.92   0.64    546.20     18.37    80.53    0.28      11.78         2.06          0.92           96.33        
29   R0981-D4TS217_1     217     62.39    100.00  29    0.67      N/A        0.56      N/A        45.05    N/A           20.24    36.10    6.805    7.385    111   1    0     0     60.36  75.68  0.52        N/A          0.50         N/A          80.18  70.011   1.84     5.98        10.8        95       2.9      1.33          0.51    55.86     0.53    0.53    0.75    0.54    0.79     70.70   5.04    88.36   67.41   0.65    550.80     18.42    80.54    0.29      2.24          1.03          0.92           95.41        
30   R0981-D4TS390_1     390     62.39    100.00  29    0.67      N/A        0.56      N/A        44.59    N/A           21.56    35.85    6.774    7.336    111   1    0     0     58.56  75.68  0.30        N/A          0.23         N/A          80.18  67.997   1.93     5.98        10.7        95       2.9      1.51          0.51    56.76     0.53    0.54    0.75    0.54    0.79     70.70   5.19    88.21   67.17   0.64    543.50     18.04    81.66    0.30      2.24          1.03          0.92           91.74        
31   R0981-D4TS390_4     390     62.39    100.00  29    N/A       N/A        0.56      N/A        44.59    N/A           21.84    35.89    6.761    7.32     111   1    0     0     58.56  75.68  N/A         N/A          0.23         N/A          80.18  68.762   1.92     5.98        10.7        95       2.9      1.51          0.51    56.76     0.53    0.54    0.75    0.58    0.79     70.70   5.19    88.20   67.21   0.64    544.60     17.94    81.78    0.30      2.24          1.03          0.92           91.74        
32   R0981-D4TS390_5     390     62.39    100.00  29    N/A       N/A        0.56      N/A        45.27    N/A           21.72    36.15    6.756    7.322    111   1    0     0     58.56  75.68  N/A         N/A          0.23         N/A          80.18  69.149   1.91     5.98        10.8        95       2.9      1.57          0.51    56.31     0.53    0.54    0.75    0.56    0.79     70.70   5.19    88.27   67.23   0.64    548.20     18.17    81.67    0.29      2.80          1.03          0.92           91.74        
33   R0981-D4TS190_1     190     62.39    100.00  29    0.67      N/A        0.56      N/A        44.15    N/A           21.44    35.62    6.368    7.036    111   0    0     0     58.56  72.97  0.30        N/A          0.23         N/A          77.48  69.743   1.72     5.55        9.9         94       3        1.44          0.50    55.41     0.53    0.53    0.78    0.54    0.79     68.90   5.33    87.49   65.72   0.64    518.80     13.99    42.55    0.30      7.85          1.03          0.00           98.17        
34   R0981-D4TS190_4     190     62.39    100.00  29    N/A       N/A        0.56      N/A        43.69    N/A           20.64    35.39    6.353    6.99     111   0    0     0     60.36  75.68  N/A         N/A          0.50         N/A          81.08  73.186   1.84     5.65        10.3        97       3        1.94          0.50    57.21     0.54    0.52    0.72    0.60    0.80     74.20   5.19    87.57   65.54   0.65    543.40     16.36    43.67    0.31      7.85          3.09          0.92           97.25        
35   R0981-D4TS174_4     174     62.39    100.00  29    N/A       N/A        0.56      N/A        45.05    N/A           20.24    36.10    6.805    7.385    111   1    0     0     60.36  75.68  N/A         N/A          0.50         N/A          80.18  70.011   1.84     5.98        10.8        95       2.9      1.33          0.51    55.86     0.53    0.53    0.75    0.54    0.79     70.70   5.04    88.36   67.41   0.65    550.80     18.42    N/A      0.29      2.24          1.03          0.92           95.41        
36   R0981-D4TS457_1     457     62.39    100.00  29    0.67      N/A        0.56      N/A        44.14    N/A           21.63    32.54    6.022    6.629    111   0    0     0     58.56  75.68  0.30        N/A          0.23         N/A          81.98  71.513   1.95     6.30        10.1        97       2.5      1.31          0.52    56.31     0.53    0.56    0.80    0.42    0.82     74.70   5.33    88.05   67.28   0.65    528.90     18.08    79.83    0.30      2.80          0.00          0.00           96.33        
37   R0981-D4TS433_1     433     62.39    100.00  29    0.67      N/A        0.56      N/A        44.82    N/A           0.00     23.18    6.822    6.696    111   1    0     0     60.36  74.77  0.52        N/A          0.50         N/A          80.18  68.913   1.87     6.19        10.7        95       2.9      6.00          0.15    45.44     0.42    0.13    0.75    0.54    0.79     70.70   5.04    88.32   67.30   0.64    543.60     18.47    N/A      0.00      3.51          N/A           0.92           95.41        
38   R0981-D4TS208_2     208     62.16    100.00  38    N/A       N/A        0.51      N/A        45.27    N/A           19.77    35.07    6.863    7.639    111   0    0     0     56.76  72.97  N/A         N/A          -0.04        N/A          76.58  63.664   1.82     5.00        9.6         93       2.7      1.97          0.53    55.86     0.53    0.53    0.77    0.48    0.78     69.80   5.19    87.68   67.50   0.65    507.80     12.73    85.46    0.29      1.12          4.12          3.67           83.49        
39   R0981-D4TS068_5     068     62.16    100.00  38    N/A       N/A        0.51      N/A        44.37    N/A           21.27    31.74    6.491    7.096    111   0    0     0     56.76  74.77  N/A         N/A          -0.04        N/A          79.28  62.854   1.92     5.44        10.9        96       3        0.94          0.53    54.95     0.54    0.55    0.75    0.58    0.79     70.80   5.19    88.94   69.07   0.64    566.00     16.83    82.46    0.32      0.56          0.00          0.00           96.33        
40   R0981-D4TS358_3     358     62.16    100.00  38    N/A       N/A        0.51      N/A        45.05    N/A           18.50    35.02    6.688    7.26     111   0    0     0     57.66  73.87  N/A         N/A          0.10         N/A          78.38  71.035   1.93     5.87        10.5        95       3        2.64          0.48    51.80     0.51    0.53    0.74    0.54    0.79     70.90   4.89    88.23   67.22   0.64    538.60     17.91    71.68    0.28      61.13         2.06          0.92           97.25        
41   R0981-D4TS196_5     196     62.16    100.00  38    N/A       N/A        0.51      N/A        43.92    N/A           20.68    34.13    6.691    7.314    111   4    0     0     60.36  75.68  N/A         N/A          0.50         N/A          80.18  73.518   1.86     5.98        10.4        97       2.9      1.38          0.50    54.51     0.50    0.52    0.74    0.50    0.80     67.40   5.19    87.89   67.64   0.64    533.30     16.37    74.56    0.28      0.56          1.03          2.75           83.49        
42   R0981-D4TS196_4     196     62.16    100.00  38    N/A       N/A        0.51      N/A        43.92    N/A           20.28    34.05    6.616    7.242    111   5    0     0     59.46  75.68  N/A         N/A          0.37         N/A          81.08  72.994   1.80     6.09        10.4        96       2.9      1.43          0.50    54.05     0.50    0.52    0.74    0.51    0.80     63.90   5.04    87.93   67.80   0.65    541.40     15.66    74.79    0.28      0.56          1.03          3.67           80.73        
43   R0981-D4TS270_3     270     62.16    100.00  38    N/A       N/A        0.51      N/A        44.15    N/A           18.43    34.65    6.793    7.442    111   1    0     0     58.56  74.77  N/A         N/A          0.23         N/A          79.28  70.14    1.91     6.09        10.7        95       2.9      1.91          0.50    54.51     0.52    0.52    0.74    0.53    0.79     70.70   5.33    87.70   65.72   0.64    543.70     19.02    N/A      0.27      1.12          4.12          2.75           87.16        
44   R0981-D4TS174_3     174     62.16    100.00  38    N/A       N/A        0.51      N/A        44.15    N/A           21.89    35.31    6.564    7.184    111   0    0     0     61.26  74.77  N/A         N/A          0.63         N/A          79.28  74.182   1.79     5.65        10.8        95       2.9      1.83          0.52    54.51     0.55    0.54    0.76    0.53    0.80     70.60   5.19    89.05   69.47   0.65    557.20     15.15    N/A      0.32      11.77         0.00          0.92           96.33        
45   R0981-D4TS359_4     359s    62.16    100.00  38    N/A       N/A        0.51      0.50       43.92    N/A           20.28    34.05    6.616    7.242    111   5    0     0     59.46  75.68  N/A         N/A          0.37         0.82         81.08  72.994   1.80     6.09        10.4        96       2.9      1.43          0.50    54.05     0.50    0.52    0.74    0.51    0.80     63.90   5.04    87.93   67.80   0.65    541.40     15.66    74.79    0.28      0.56          1.03          3.67           80.73        
46   R0981-D4TS359_5     359s    62.16    100.00  38    N/A       N/A        0.51      0.50       43.92    N/A           20.68    34.13    6.691    7.314    111   4    0     0     60.36  75.68  N/A         N/A          0.50         1.36         80.18  73.518   1.86     5.98        10.4        97       2.9      1.38          0.50    54.51     0.50    0.52    0.74    0.50    0.80     67.40   5.19    87.89   67.64   0.64    533.30     16.37    74.56    0.28      0.56          1.03          2.75           83.49        
47   R0981-D4TS102_3     102s    62.16    100.00  38    N/A       N/A        0.51      0.50       45.05    N/A           22.45    36.42    6.767    7.327    111   1    0     0     58.56  75.68  N/A         N/A          0.23         0.27         80.18  69.169   1.92     5.98        10.8        95       2.9      1.43          0.52    56.31     0.53    0.54    0.75    0.56    0.79     70.70   5.19    88.35   67.36   0.64    547.40     18.13    81.60    0.30      1.68          1.03          0.92           91.74        
48   R0981-D4TS208_3     208     62.16    100.00  38    N/A       N/A        0.51      N/A        45.95    N/A           17.75    33.05    6.824    7.754    111   0    0     0     59.46  72.97  N/A         N/A          0.37         N/A          76.58  67.177   1.90     5.44        10.8        99       3.4      1.54          0.52    57.21     0.52    0.55    0.83    0.41    0.81     71.40   5.19    88.34   69.87   0.65    557.50     14.34    80.88    0.27      0.00          3.09          1.83           84.40        
49   R0981-D4TS358_5     358     61.94    100.00  49    N/A       N/A        0.47      N/A        44.59    N/A           19.49    34.70    6.97     7.459    111   0    0     0     57.66  74.77  N/A         N/A          0.10         N/A          79.28  68.323   1.96     5.98        10.3        95       3        2.37          0.48    54.51     0.52    0.53    0.73    0.56    0.79     70.90   4.74    87.77   66.33   0.63    525.90     18.61    71.19    0.29      55.52         1.03          0.92           97.25        
50   R0981-D4TS156_2     156s    61.94    100.00  49    N/A       N/A        0.47      0.37       45.72    N/A           19.94    36.07    6.549    7.068    111   0    0     0     60.36  76.58  N/A         N/A          0.50         1.36         81.08  75.063   1.67     6.09        11.7        97       2.8      1.24          0.52    54.51     0.55    0.53    0.74    0.66    0.79     65.40   5.19    89.01   69.23   0.64    599.20     15.39    79.78    0.31      1.12          0.00          1.83           93.58        
51   R0981-D4TS174_2     174     61.94    100.00  49    N/A       N/A        0.47      N/A        43.70    N/A           21.35    35.01    6.58     7.202    111   0    0     0     60.36  75.68  N/A         N/A          0.50         N/A          80.18  73.305   1.84     5.65        10.9        96       2.9      1.66          0.51    54.51     0.54    0.54    0.76    0.52    0.80     70.60   5.19    89.07   69.62   0.65    561.50     15.16    N/A      0.33      10.09         0.00          1.83           97.25        
52   R0981-D4TS431_5     431     61.71    100.00  52    N/A       N/A        0.42      N/A        43.92    N/A           18.43    34.76    6.783    7.462    111   1    0     0     60.36  73.87  N/A         N/A          0.50         N/A          79.28  68.322   1.91     5.87        10.1        95       2.9      1.89          0.49    54.51     0.52    0.51    0.77    0.48    0.80     72.80   5.33    87.48   65.71   0.64    531.50     18.57    71.24    0.31      0.56          7.22          0.92           89.91        
53   R0981-D4TS359_3     359s    61.71    100.00  52    N/A       N/A        0.42      0.23       43.69    N/A           20.41    32.65    6.501    7.133    111   8    0     0     57.66  75.68  N/A         N/A          0.10         -0.27        81.08  67.43    1.96     5.87        10.2        97       3.1      1.80          0.50    53.60     0.51    0.52    0.73    0.54    0.80     59.80   5.04    87.79   67.43   0.64    530.30     15.47    75.05    0.29      1.12          2.06          4.59           79.82        
54   R0981-D4TS457_4     457     61.71    100.00  52    N/A       N/A        0.42      N/A        43.02    N/A           20.94    33.35    5.913    6.642    111   0    0     0     60.36  74.77  N/A         N/A          0.50         N/A          80.18  73.376   1.85     6.19        10.1        95       2.3      1.17          0.50    53.60     0.51    0.53    0.75    0.56    0.81     74.20   5.19    87.50   66.25   0.65    528.50     18.20    78.08    0.27      1.68          0.00          0.92           96.33        
55   R0981-D4TS196_3     196     61.71    100.00  52    N/A       N/A        0.42      N/A        43.69    N/A           20.41    32.65    6.501    7.133    111   8    0     0     57.66  75.68  N/A         N/A          0.10         N/A          81.08  67.43    1.96     5.87        10.2        97       3.1      1.80          0.50    53.60     0.51    0.52    0.73    0.54    0.80     59.80   5.04    87.79   67.43   0.64    530.30     15.47    75.05    0.29      1.12          2.06          4.59           79.82        
56   R0981-D4TS156_3     156s    61.49    100.00  56    N/A       N/A        0.38      0.10       45.49    N/A           21.82    36.26    6.272    6.849    111   0    0     0     57.66  74.77  N/A         N/A          0.10         -0.27        80.18  74.306   1.71     5.87        11.2        96       2.7      1.60          0.53    57.66     0.56    0.54    0.74    0.57    0.80     63.50   5.33    88.74   70.19   0.64    582.40     13.01    80.54    0.30      4.48          0.00          1.83           94.50        
57   R0981-D4TS288_5     288     61.49    100.00  56    N/A       N/A        0.38      N/A        42.12    N/A           19.68    33.24    5.747    6.491    111   0    0     0     57.66  68.47  N/A         N/A          0.10         N/A          71.17  67.244   1.73     5.33        9.4         95       3.2      1.61          0.51    56.76     0.53    0.54    0.84    0.48    0.80     69.90   4.74    87.82   68.38   0.62    494.80     10.72    78.22    0.32      0.56          5.15          1.83           94.50        
58   R0981-D4TS174_5     174     61.26    100.00  58    N/A       N/A        0.34      N/A        43.47    N/A           18.03    33.51    6.291    6.953    111   0    0     0     56.76  74.77  N/A         N/A          -0.04        N/A          79.28  72.013   1.81     5.76        10.8        97       3.2      2.29          0.50    52.70     0.53    0.51    0.75    0.55    0.79     71.10   5.19    88.79   68.63   0.63    559.30     15.38    N/A      0.31      1.12          10.31         3.67           82.57        
59   R0981-D4TS156_4     156s    61.04    100.00  59    N/A       N/A        0.29      -0.16      45.27    N/A           21.09    36.42    6.532    7.087    111   0    0     0     58.56  73.87  N/A         N/A          0.23         0.27         78.38  73.724   1.59     5.98        11.7        95       2.8      1.18          0.52    55.86     0.53    0.53    0.71    0.62    0.79     68.90   4.74    89.01   69.02   0.63    597.30     16.12    79.68    0.32      3.92          0.00          0.92           98.17        
60   R0981-D4TS156_1     156s    61.04    100.00  59    0.43      0.55       0.29      -0.16      45.04    0.93          20.86    35.96    6.591    7.176    111   0    0     0     59.46  73.87  0.41        1.18         0.37         0.82         79.28  74.048   1.69     5.98        11.5        95       2.7      1.24          0.52    53.60     0.54    0.53    0.74    0.64    0.78     66.40   4.74    89.06   69.37   0.63    590.20     15.34    79.37    0.31      1.68          0.00          0.92           95.41        
61   R0981-D4TS288_1     288     60.81    100.00  61    0.39      N/A        0.25      N/A        42.57    N/A           19.42    34.85    6.673    7.369    111   0    0     0     61.26  73.87  0.62        N/A          0.63         N/A          77.48  72.696   1.80     5.98        11.2        95       2.5      1.87          0.50    53.60     0.52    0.51    0.75    0.55    0.81     68.50   4.74    88.07   68.63   0.63    585.80     21.77    83.27    0.27      0.56          6.19          0.92           88.99        
62   R0981-D4TS457_3     457     60.81    100.00  61    N/A       N/A        0.25      N/A        42.12    N/A           18.95    32.13    6.498    7.1      111   0    0     0     56.76  74.77  N/A         N/A          -0.04        N/A          79.28  73.268   1.93     5.98        10.4        95       2.5      1.23          0.50    54.51     0.53    0.53    0.70    0.47    0.81     74.70   5.33    87.83   66.08   0.63    539.50     19.04    77.43    0.28      4.48          1.03          0.00           98.17        
63   R0981-D4TS356_1     356     60.59    100.00  63    0.35      N/A        0.20      N/A        42.12    N/A           16.31    28.51    6.429    7.01     111   0    0     0     58.56  72.97  0.30        N/A          0.23         N/A          78.38  62.124   2.11     5.87        9.9         98       3.2      0.89          0.52    58.56     0.53    0.55    0.76    0.45    0.79     68.70   5.33    87.13   65.72   0.63    517.80     18.02    83.13    0.32      0.00          1.03          0.92           94.50        
64   R0981-D4TS457_2     457     60.59    100.00  63    N/A       N/A        0.20      N/A        42.12    N/A           19.36    32.80    6.058    6.807    111   0    0     0     57.66  75.68  N/A         N/A          0.10         N/A          81.98  62.373   2.04     6.09        10.3        95       2.3      1.50          0.49    50.90     0.51    0.50    0.73    0.60    0.80     74.20   5.04    87.66   65.70   0.63    540.50     17.82    76.23    0.26      3.92          0.00          0.92           95.41        
65   R0981-D4TS433_3     433     60.59    100.00  63    N/A       N/A        0.20      N/A        45.72    N/A           0.00     20.19    6.692    6.749    111   1    0     0     57.66  72.07  N/A         N/A          0.10         N/A          73.87  69.963   1.80     5.33        10.3        93       3.1      6.00          0.16    46.69     0.43    0.13    0.74    0.43    0.83     72.90   4.89    89.22   70.67   0.63    540.10     25.63    N/A      0.00      1.75          N/A           0.00           96.33        
66   R0981-D4TS190_2     190     60.59    100.00  63    N/A       N/A        0.20      N/A        40.99    N/A           19.06    33.37    6.561    7.115    111   0    0     0     58.56  73.87  N/A         N/A          0.23         N/A          78.38  70.279   1.85     5.98        10          95       2.9      1.53          0.50    56.31     0.53    0.52    0.74    0.59    0.79     70.70   5.19    87.48   65.84   0.63    523.90     14.98    44.82    0.30      10.10         1.03          0.00           99.08        
67   R0981-D4TS117_2     117     60.36    100.00  67    N/A       N/A        0.16      N/A        40.31    N/A           15.97    29.13    6.68     7.346    111   0    0     0     59.46  70.27  N/A         N/A          0.37         N/A          72.97  56.787   2.03     4.90        8.8         96       3.8      4.16          0.48    56.76     0.51    0.55    0.78    0.53    0.79     65.60   5.19    85.66   67.21   0.63    474.10     13.34    73.28    0.28      98.15         18.56         9.17           79.82        
68   R0981-D4TS270_2     270     60.36    100.00  67    N/A       N/A        0.16      N/A        42.12    N/A           17.30    32.18    6.688    7.263    111   1    0     0     59.46  72.07  N/A         N/A          0.37         N/A          76.58  63.543   1.88     5.55        9.8         96       3.1      0.89          0.49    55.86     0.53    0.52    0.75    0.52    0.79     70.80   5.33    87.19   66.02   0.63    508.40     20.03    N/A      0.29      0.00          1.03          0.00           94.50        
69   R0981-D4TS156_5     156s    60.36    100.00  67    N/A       N/A        0.16      -0.56      44.15    N/A           19.81    33.87    6.808    7.377    111   0    0     0     58.56  75.68  N/A         N/A          0.23         0.27         80.18  71.273   1.80     5.87        11.3        97       2.9      1.25          0.51    53.15     0.55    0.52    0.73    0.57    0.79     68.00   5.33    87.97   69.21   0.63    582.10     17.46    81.21    0.30      2.24          0.00          0.92           96.33        
70   R0981-D4TS433_4     433     60.36    100.00  67    N/A       N/A        0.16      N/A        45.50    N/A           0.00     20.28    6.692    6.751    111   1    0     0     56.76  72.07  N/A         N/A          -0.04        N/A          73.87  69.71    1.88     5.33        10.3        93       3.2      6.00          0.16    46.69     0.43    0.13    0.74    0.43    0.83     72.90   4.89    89.17   70.61   0.63    539.20     25.70    N/A      0.00      5.26          N/A           0.00           96.33        
71   R0981-D4TS196_2     196     60.13    100.00  71    N/A       N/A        0.11      N/A        40.99    N/A           20.47    31.94    6.334    6.965    111   9    0     0     56.76  75.68  N/A         N/A          -0.04        N/A          81.08  71.51    1.86     5.33        10          96       2.7      1.91          0.50    53.60     0.50    0.52    0.74    0.51    0.80     60.90   5.19    87.48   68.40   0.64    524.00     14.60    75.47    0.28      1.68          2.06          8.26           78.90        
72   R0981-D4TS359_2     359s    60.13    100.00  71    N/A       N/A        0.11      -0.70      40.99    N/A           20.47    31.94    6.334    6.965    111   9    0     0     56.76  75.68  N/A         N/A          -0.04        -0.81        81.08  71.51    1.86     5.33        10          96       2.7      1.91          0.50    53.60     0.50    0.52    0.74    0.51    0.80     60.90   5.19    87.48   68.40   0.64    524.00     14.60    75.47    0.28      1.68          2.06          8.26           78.90        
73   R0981-D4TS344_3     344     60.13    100.00  71    N/A       N/A        0.11      N/A        40.77    N/A           18.28    32.56    6.631    7.281    111   1    0     0     60.36  75.68  N/A         N/A          0.50         N/A          80.18  70.648   1.93     5.98        9.9         98       3.1      Inf           0.49    55.86     0.52    0.51    0.70    0.55    0.80     72.70   5.04    87.24   65.27   0.63    518.50     18.02    72.91    0.32      N/A           0.00          5.50           77.98        
74   R0981-D4TS344_2     344     60.13    100.00  71    N/A       N/A        0.11      N/A        40.77    N/A           18.28    32.56    6.631    7.281    111   1    0     0     60.36  75.68  N/A         N/A          0.50         N/A          80.18  70.648   1.93     5.98        9.9         98       3.1      Inf           0.49    55.86     0.52    0.51    0.70    0.55    0.80     72.70   5.04    87.24   65.27   0.63    518.50     18.02    72.91    0.32      N/A           0.00          5.50           77.98        
75   R0981-D4TS344_1     344     60.13    100.00  71    0.27      N/A        0.11      N/A        41.44    N/A           17.88    32.10    6.606    7.307    111   4    0     0     59.46  76.58  0.41        N/A          0.37         N/A          81.08  61.703   1.98     5.98        10.1        95       2.9      1.44          0.49    57.21     0.51    0.51    0.70    0.56    0.80     67.30   5.04    88.03   67.45   0.63    530.40     16.76    72.61    0.31      0.56          0.00          3.67           78.90        
76   R0981-D4TS358_1     358     60.13    100.00  71    0.27      N/A        0.11      N/A        42.12    N/A           19.02    32.69    6.647    7.278    111   0    0     0     57.66  75.68  0.19        N/A          0.10         N/A          80.18  69.711   2.03     6.09        9.9         95       3        2.49          0.46    51.35     0.50    0.51    0.76    0.49    0.82     70.90   4.89    86.41   64.61   0.63    509.90     16.82    71.38    0.26      58.89         0.00          0.92           96.33        
77   R0981-D4TS356_4     356     59.91    100.00  77    N/A       N/A        0.07      N/A        42.12    N/A           18.48    28.61    6.402    7.194    111   0    0     0     57.66  72.07  N/A         N/A          0.10         N/A          76.58  59.086   2.14     5.11        9.5         95       3        0.82          0.51    53.60     0.55    0.52    0.73    0.48    0.79     65.80   4.58    86.30   66.19   0.61    508.90     19.99    81.83    0.32      0.00          0.00          0.00           95.41        
78   R0981-D4TS328_5     328     59.91    100.00  77    N/A       N/A        0.07      N/A        42.34    N/A           12.99    32.91    6.925    7.601    111   0    0     0     57.66  72.97  N/A         N/A          0.10         N/A          75.68  70.336   1.80     5.22        9           88       2.3      2.92          0.50    54.05     0.51    0.51    0.69    0.63    0.79     64.70   5.04    87.73   66.10   0.63    487.70     14.97    N/A      0.27      6.73          9.28          7.34           72.48        
79   R0981-D4TS068_1     068     59.91    100.00  77    0.24      N/A        0.07      N/A        41.89    N/A           16.68    32.60    6.06     6.786    111   0    0     0     57.66  74.77  0.19        N/A          0.10         N/A          80.18  73.151   1.85     5.87        10          94       2.3      1.51          0.49    58.11     0.53    0.53    0.75    0.52    0.81     78.60   4.89    88.59   69.05   0.63    526.40     16.67    79.24    0.28      2.24          1.03          1.83           91.74        
80   R0981-D4TS174_1     174     59.91    100.00  77    0.24      N/A        0.07      N/A        43.24    N/A           19.42    33.03    6.708    7.267    111   0    0     0     58.56  74.77  0.30        N/A          0.23         N/A          79.28  70.947   1.90     6.09        10.7        95       2.8      1.69          0.51    54.05     0.53    0.53    0.74    0.53    0.79     70.80   5.19    88.57   68.80   0.63    552.50     16.23    N/A      0.30      10.65         0.00          1.83           97.25        
81   R0981-D4TS425_1     425     59.91    100.00  77    0.24      N/A        0.07      N/A        44.14    N/A           19.96    31.37    6.072    6.852    111   2    0     0     57.66  71.17  0.19        N/A          0.10         N/A          74.77  64.994   1.87     5.11        9.9         95       3        1.44          0.52    58.56     0.54    0.54    0.81    0.50    0.77     76.80   5.19    88.71   70.61   0.61    517.50     14.12    N/A      0.30      2.80          0.00          0.92           94.50        
82   R0981-D4TS288_4     288     59.91    100.00  77    N/A       N/A        0.07      N/A        41.21    N/A           18.95    33.98    8.289    8.938    111   0    0     0     57.66  71.17  N/A         N/A          0.10         N/A          75.68  63.749   1.95     5.55        9.8         94       2.8      2.00          0.48    50.00     0.49    0.48    0.70    0.59    0.77     62.30   4.42    87.14   66.49   0.62    517.80     18.55    83.48    0.23      1.12          5.15          1.83           86.24        
83   R0981-D4TS328_4     328     59.69    100.00  83    N/A       N/A        0.03      N/A        43.24    N/A           17.38    32.79    6.87     7.873    111   8    0     0     55.86  72.07  N/A         N/A          -0.17        N/A          76.58  70.612   1.80     5.55        9.2         89       2.2      3.38          0.51    54.95     0.52    0.52    0.71    0.57    0.78     66.90   4.74    88.41   68.44   0.62    490.30     7.02     N/A      0.26      14.58         14.43         11.93          70.64        
84   R0981-D4TS492_3     492     59.69    100.00  83    N/A       N/A        0.03      N/A        42.57    N/A           21.80    34.98    6.942    7.751    111   0    0     0     58.56  70.27  N/A         N/A          0.23         N/A          73.87  68.028   1.82     5.33        9           85       2        1.58          0.46    50.90     0.50    0.46    0.72    0.57    0.80     74.60   4.58    83.73   61.05   0.61    472.70     33.21    70.25    0.28      0.00          4.12          2.75           87.16        
85   R0981-D4TS328_3     328     59.23    100.00  85    N/A       N/A        -0.07     N/A        42.57    N/A           16.23    31.84    7.48     8.166    111   0    0     0     57.66  71.17  N/A         N/A          0.10         N/A          72.07  63.99    1.88     4.79        8.8         86       2.4      2.71          0.49    51.35     0.50    0.50    0.72    0.63    0.75     69.60   4.74    87.70   66.00   0.62    480.20     17.81    N/A      0.22      5.61          6.19          10.09          74.31        
86   R0981-D4TS425_2     425     59.23    100.00  85    N/A       N/A        -0.07     N/A        43.47    N/A           19.48    31.89    6.11     6.823    111   0    0     0     56.76  70.27  N/A         N/A          -0.04        N/A          73.87  64.578   1.82     5.00        9.7         95       3        1.17          0.52    58.11     0.55    0.55    0.79    0.50    0.77     85.20   5.19    89.39   71.91   0.61    519.50     12.56    N/A      0.31      1.68          0.00          0.00           96.33        
87   R0981-D4TS196_1     196     59.01    100.00  87    0.08      N/A        -0.11     N/A        39.87    N/A           18.95    30.79    6.324    6.914    111   8    0     0     54.05  76.58  -0.24       N/A          -0.44        N/A          81.98  62.455   1.98     6.30        9.9         97       3.1      1.62          0.50    53.60     0.50    0.52    0.74    0.54    0.80     56.10   5.19    87.19   67.76   0.63    517.90     14.97    75.11    0.28      1.12          1.03          11.01          75.23        
88   R0981-D4TS425_4     425     59.01    100.00  87    N/A       N/A        -0.11     N/A        40.32    N/A           17.98    30.69    5.576    6.526    111   0    0     0     54.95  70.27  N/A         N/A          -0.31        N/A          76.58  59.738   2.06     5.55        8.6         95       2.8      0.83          0.50    55.41     0.53    0.51    0.73    0.57    0.77     73.30   4.89    87.34   69.02   0.61    477.60     10.85    N/A      0.28      0.56          0.00          0.00           97.25        
89   R0981-D4TS359_1     359s    59.01    100.00  87    0.08      -0.31      -0.11     -1.36      39.87    -0.60         18.95    30.79    6.324    6.914    111   8    0     0     54.05  76.58  -0.24       -1.18        -0.44        -2.45        81.98  62.455   1.98     6.30        9.9         97       3.1      1.62          0.50    53.60     0.50    0.52    0.74    0.54    0.80     56.10   5.19    87.19   67.76   0.63    517.90     14.97    75.11    0.28      1.12          1.03          11.01          75.23        
90   R0981-D4TS068_2     068     58.33    100.00  90    N/A       N/A        -0.24     N/A        40.09    N/A           18.65    31.48    7.878    8.642    111   0    0     0     53.15  74.77  N/A         N/A          -0.58        N/A          78.38  68.633   1.93     5.76        9.3         96       2.7      1.57          0.48    54.05     0.53    0.51    0.74    0.52    0.82     67.40   4.89    86.80   65.39   0.62    494.80     15.03    81.42    0.28      2.80          1.03          1.83           91.74        
91   R0981-D4TS068_3     068     58.33    100.00  90    N/A       N/A        -0.24     N/A        40.77    N/A           17.17    31.33    7.509    8.402    111   0    0     0     54.05  71.17  N/A         N/A          -0.44        N/A          74.77  69.077   1.77     5.33        9.2         94       2.9      1.59          0.47    50.45     0.51    0.49    0.70    0.54    0.82     67.70   5.04    85.50   65.87   0.61    489.80     14.42    81.43    0.27      2.24          1.03          2.75           88.99        
92   R0981-D4TS328_2     328     58.11    100.00  92    N/A       N/A        -0.29     N/A        43.02    N/A           17.09    32.94    7.317    8.287    111   3    0     0     54.95  72.07  N/A         N/A          -0.31        N/A          72.97  68.467   1.81     5.11        9.3         87       2.2      2.91          0.49    52.70     0.50    0.48    0.70    0.72    0.76     68.20   4.89    87.42   66.05   0.61    492.40     13.34    N/A      0.25      5.05          13.40         7.34           75.23        
93   R0981-D4TS086_5     086     57.88    100.00  93    N/A       N/A        -0.33     N/A        38.51    N/A           17.73    27.65    5.797    6.903    111   1    0     0     55.86  69.37  N/A         N/A          -0.17        N/A          73.87  64.601   1.89     4.68        9.1         90       2.7      0.50          0.51    54.05     0.51    0.53    0.78    0.55    0.79     74.90   4.74    87.11   68.43   0.61    493.50     9.44     N/A      0.27      0.00          0.00          0.00           100.00       
94   R0981-D4TS328_1     328     57.66    100.00  94    -0.16     N/A        -0.37     N/A        42.57    N/A           16.38    32.24    7.293    8.243    111   0    0     0     55.86  72.07  -0.02       N/A          -0.17        N/A          73.87  65.797   1.93     5.55        9.2         88       2.4      2.80          0.48    54.05     0.51    0.49    0.71    0.70    0.76     70.10   4.89    87.16   65.17   0.61    489.50     13.41    N/A      0.25      6.17          8.25          6.42           77.98        
95   R0981-D4TS344_5     344     57.43    100.00  95    N/A       N/A        -0.42     N/A        38.74    N/A           16.33    30.52    6.683    7.415    111   1    0     0     59.46  71.17  N/A         N/A          0.37         N/A          75.68  65.32    1.98     5.87        9           94       2.9      Inf           0.47    54.95     0.52    0.50    0.69    0.62    0.79     57.70   4.89    86.80   63.96   0.61    485.50     15.70    74.09    0.29      N/A           0.00          2.75           76.15        
96   R0981-D4TS117_1     117     57.43    100.00  95    -0.20     N/A        -0.42     N/A        38.29    N/A           12.86    27.39    6.924    7.543    111   2    0     0     54.05  70.27  -0.24       N/A          -0.44        N/A          73.87  62.783   2.01     4.79        9           97       3.9      4.05          0.48    52.25     0.48    0.52    0.77    0.53    0.78     53.80   5.33    84.30   66.25   0.61    484.90     15.00    71.61    0.20      84.13         14.43         5.50           76.15        
97   R0981-D4TS344_4     344     57.21    100.00  97    N/A       N/A        -0.46     N/A        37.39    N/A           18.05    29.48    6.757    7.386    111   1    0     0     57.66  74.77  N/A         N/A          0.10         N/A          79.28  63.289   1.99     5.87        9.2         95       3        Inf           0.48    56.31     0.50    0.50    0.68    0.58    0.79     69.20   5.04    86.71   64.18   0.61    489.60     18.81    73.04    0.28      N/A           5.15          0.92           83.49        
98   R0981-D4TS492_4     492     57.21    100.00  97    N/A       N/A        -0.46     N/A        39.64    N/A           20.99    33.45    7.524    8.265    111   0    0     0     56.76  72.97  N/A         N/A          -0.04        N/A          74.77  67.277   1.93     5.22        9.2         91       2.8      1.92          0.47    49.10     0.51    0.47    0.60    0.71    0.78     74.10   4.25    86.27   63.21   0.60    488.50     41.94    69.27    0.28      1.68          5.15          0.92           92.66        
99   R0981-D4TS288_2     288     57.21    100.00  97    N/A       N/A        -0.46     N/A        40.54    N/A           15.65    31.05    7.94     8.701    111   0    0     0     57.66  74.77  N/A         N/A          0.10         N/A          76.58  68.952   1.95     5.22        9.9         95       3.7      1.43          0.46    52.25     0.51    0.49    0.72    0.51    0.79     66.50   4.89    87.07   66.11   0.59    518.00     29.35    84.00    0.25      0.00          4.12          2.75           92.66        
100  R0981-D4TS492_5     492     57.21    100.00  97    N/A       N/A        -0.46     N/A        40.31    N/A           18.69    31.31    8.313    8.83     111   0    0     0     57.66  74.77  N/A         N/A          0.10         N/A          76.58  69.466   1.89     5.44        10.4        95       4        2.12          0.47    49.10     0.50    0.49    0.67    0.49    0.78     63.70   4.74    86.51   62.66   0.60    511.70     44.25    73.29    0.26      1.68          9.28          2.75           92.66        
101  R0981-D4TS288_3     288     57.21    100.00  97    N/A       N/A        -0.46     N/A        40.09    N/A           16.59    31.85    7.345    8.019    111   0    0     0     54.95  70.27  N/A         N/A          -0.31        N/A          72.07  66.756   1.78     4.79        9.5         91       3        1.92          0.47    53.60     0.52    0.50    0.74    0.52    0.79     60.20   3.89    86.84   66.58   0.59    503.70     20.77    83.02    0.26      0.56          7.22          2.75           88.99        
102  R0981-D4TS492_1     492     57.21    100.00  97    -0.24     N/A        -0.46     N/A        40.76    N/A           17.90    31.67    7.825    8.396    111   0    0     0     62.16  70.27  0.73        N/A          0.77         N/A          71.17  64.687   1.81     5.11        10          91       3.3      1.94          0.46    50.00     0.52    0.47    0.68    0.54    0.77     68.80   4.25    86.59   64.26   0.60    496.00     31.54    79.91    0.29      1.12          5.15          0.92           88.99        
103  R0981-D4TS270_4     270     56.76    100.00  103   N/A       N/A        -0.55     N/A        38.51    N/A           16.70    27.02    6.874    7.384    111   1    0     0     54.05  68.47  N/A         N/A          -0.44        N/A          72.97  56.621   1.95     5.11        8.6         93       3.4      1.84          0.47    52.70     0.51    0.50    0.72    0.61    0.78     69.30   5.19    85.89   63.38   0.58    453.70     17.99    N/A      0.29      1.12          4.12          0.92           89.91        
104  R0981-D4TS281_2     281     56.53    100.00  104   N/A       N/A        -0.60     N/A        41.44    N/A           16.57    27.15    8.474    9.214    111   0    0     0     52.25  71.17  N/A         N/A          -0.71        N/A          71.17  65.222   1.70     4.46        9.1         88       2.9      2.75          0.43    42.79     0.51    0.45    0.67    0.73    0.73     72.20   4.89    85.61   62.88   0.58    493.60     15.31    64.70    0.25      49.92         0.00          1.83           88.99        
105  R0981-D4TS356_5     356     56.31    100.00  105   N/A       N/A        -0.64     N/A        37.61    N/A           16.18    28.84    6.882    7.659    111   0    0     0     57.66  72.97  N/A         N/A          0.10         N/A          76.58  53.509   2.25     5.76        8.8         99       3.4      0.88          0.49    54.51     0.52    0.51    0.73    0.49    0.79     70.80   5.33    85.33   63.01   0.62    473.10     18.15    80.18    0.33      0.00          0.00          0.00           94.50        
106  R0981-D4TS004_1     004s    56.31    100.00  105   -0.39     -1.46      -0.64     -2.95      37.39    -1.33         15.99    27.04    6.812    7.365    111   0    0     0     54.95  68.47  -0.13       -0.78        -0.31        -1.91        74.77  60.438   2.00     5.22        9           97       3.3      0.86          0.48    52.25     0.52    0.51    0.72    0.60    0.78     67.40   5.19    82.49   63.65   0.59    494.20     19.39    70.07    0.28      0.00          3.00          0.00           100.00       
107  R0981-D4TS281_1     281     56.31    100.00  105   -0.39     N/A        -0.64     N/A        40.99    N/A           16.87    27.50    8.351    9.156    111   0    0     0     52.25  71.17  -0.45       N/A          -0.71        N/A          71.17  65.282   1.70     4.46        9.2         88       2.9      2.65          0.44    43.24     0.51    0.45    0.69    0.72    0.74     72.20   4.74    85.55   62.87   0.58    492.50     15.29    64.81    0.23      44.87         0.00          1.83           90.83        
108  R0981-D4TS068_4     068     55.63    100.00  108   N/A       N/A        -0.77     N/A        38.52    N/A           18.67    30.21    6.861    7.47     111   0    0     0     52.25  67.57  N/A         N/A          -0.71        N/A          73.87  57.165   1.94     4.90        9.1         93       3.4      0.99          0.50    51.35     0.53    0.51    0.69    0.75    0.76     63.60   4.58    87.90   67.01   0.58    484.70     19.83    78.79    0.26      0.00          0.00          2.75           91.74        
109  R0981-D4TS270_5     270     55.18    100.00  109   N/A       N/A        -0.86     N/A        36.03    N/A           13.20    23.32    6.601    7.208    111   1    0     0     54.05  68.47  N/A         N/A          -0.44        N/A          72.07  54.424   2.08     5.22        8.9         95       3.8      1.44          0.48    53.60     0.52    0.50    0.76    0.60    0.77     70.10   5.19    86.46   64.79   0.57    475.00     17.55    N/A      0.27      1.12          2.06          0.00           94.50        
110  R0981-D4TS329_1     329     54.28    100.00  110   -0.75     N/A        -1.04     N/A        40.09    N/A           18.52    31.80    11.297   11.897   111   1    0     0     54.95  59.46  -0.13       N/A          -0.31        N/A          61.26  57.521   1.67     3.81        6.9         81       3.2      2.85          0.43    43.69     0.50    0.45    0.48    1.08    0.59     68.30   4.25    80.02   64.24   0.56    388.70     41.08    N/A      0.24      83.52         0.00          0.92           92.66        
111  R0981-D4TS356_3     356     54.05    100.00  111   N/A       N/A        -1.09     N/A        35.36    N/A           16.03    27.28    7.086    7.66     111   0    0     0     58.56  71.17  N/A         N/A          0.23         N/A          73.87  52.906   2.33     5.33        8.8         99       4.2      0.64          0.49    55.41     0.52    0.52    0.76    0.48    0.78     71.20   5.19    84.41   62.64   0.60    471.20     18.61    80.68    0.31      0.00          0.00          0.00           97.25        
112  R0981-D4TS270_1     270     53.83    100.00  112   -0.83     N/A        -1.13     N/A        34.46    N/A           13.63    23.97    6.755    7.352    111   1    0     0     53.15  68.47  -0.35       N/A          -0.58        N/A          72.07  51.16    2.33     4.90        8.6         95       3.8      1.65          0.47    54.95     0.52    0.50    0.75    0.62    0.77     66.40   5.04    86.19   63.92   0.56    452.00     18.56    N/A      0.30      1.68          2.06          1.83           91.74        
113  R0981-D4TS492_2     492     52.25    100.00  113   N/A       N/A        -1.44     N/A        34.69    N/A           14.21    26.89    7.845    8.58     111   0    0     0     54.05  69.37  N/A         N/A          -0.44        N/A          71.17  63.14    1.90     4.79        9.1         90       3.3      1.64          0.43    45.05     0.49    0.45    0.72    0.54    0.77     69.30   4.07    85.08   60.64   0.57    466.50     26.15    75.69    0.27      0.56          3.09          4.59           88.99        
114  R0981-D4TS195_1     195     50.90    100.00  114   -1.34     N/A        -1.71     N/A        32.21    N/A           13.06    20.52    8.813    9.32     111   0    0     0     45.95  63.06  -1.21       N/A          -1.65        N/A          64.86  46.53    2.17     3.71        5.6         85       3.5      1.89          0.43    38.29     0.49    0.45    0.70    0.62    0.73     57.70   5.04    71.51   56.73   0.54    332.50     21.08    N/A      0.26      1.12          5.15          1.83           90.83        
115  R0981-D4TS112_5     112     49.55    100.00  115   N/A       N/A        -1.97     N/A        29.50    N/A           10.81    19.61    6.692    7.387    111   1    0     0     41.44  62.16  N/A         N/A          -2.32        N/A          64.86  46.361   2.35     4.46        7.4         97       4.2      1.62          0.46    50.45     0.50    0.48    0.73    0.57    0.77     60.60   5.19    81.28   61.87   0.53    407.90     18.49    85.67    0.27      0.00          4.12          1.83           85.32        
116  R0981-D4TS112_4     112     48.42    100.00  116   N/A       N/A        -2.20     N/A        30.86    N/A           10.08    18.80    6.951    7.571    111   1    0     0     42.34  63.06  N/A         N/A          -2.19        N/A          69.37  47.119   2.43     3.71        7.1         89       3.8      1.49          0.43    42.34     0.49    0.45    0.69    0.63    0.77     68.70   4.74    81.09   60.76   0.52    417.50     22.62    83.41    0.23      0.00          3.09          3.67           87.16        
117  R0981-D4TS431_3     431     47.97    100.00  117   N/A       N/A        -2.28     N/A        33.33    N/A           13.46    24.04    7.135    7.931    111   1    0     0     42.34  60.36  N/A         N/A          -2.19        N/A          62.16  46.383   2.22     3.81        5.9         83       3.4      1.81          0.45    42.34     0.50    0.45    0.66    0.93    0.74     58.60   4.74    79.05   60.43   0.51    336.00     16.75    63.23    0.24      1.12          4.12          0.00           90.83        
118  R0981-D4TS112_1     112     47.75    100.00  118   -1.89     N/A        -2.33     N/A        29.73    N/A           9.80     18.85    7.239    7.876    111   1    0     0     42.34  56.76  -1.64       N/A          -2.19        N/A          64.86  45.523   2.44     3.71        7.2         92       4        1.47          0.44    43.24     0.49    0.46    0.70    0.65    0.75     63.60   4.89    82.33   61.46   0.50    399.30     20.52    83.53    0.24      0.00          3.09          4.59           88.07        
119  R0981-D4TS431_4     431     47.52    100.00  119   N/A       N/A        -2.37     N/A        32.44    N/A           14.83    22.24    8.448    8.883    111   1    0     0     40.54  57.66  N/A         N/A          -2.46        N/A          57.66  46.091   1.89     3.49        6           82       3.4      1.02          0.45    44.14     0.52    0.45    0.60    0.91    0.70     62.70   4.58    79.45   60.68   0.51    363.60     18.72    63.95    0.26      0.56          1.03          0.92           95.41        
120  R0981-D4TS112_2     112     46.17    100.00  120   N/A       N/A        -2.64     N/A        27.03    N/A           8.21     16.04    7.132    7.853    111   1    0     0     38.74  55.86  N/A         N/A          -2.73        N/A          63.06  45.665   2.50     3.27        6.9         95       4.4      1.83          0.44    43.69     0.50    0.46    0.77    0.66    0.75     64.60   4.89    81.85   61.75   0.48    391.10     19.39    84.20    0.25      0.56          5.15          6.42           88.07        
121  R0981-D4TS112_3     112     44.59    100.00  121   N/A       N/A        -2.95     N/A        26.35    N/A           8.59     19.11    8.026    8.456    111   1    0     0     36.94  52.25  N/A         N/A          -2.99        N/A          57.66  41.439   2.28     2.95        6.4         90       4.7      1.35          0.45    48.65     0.50    0.49    0.77    0.59    0.73     64.40   4.42    82.79   61.39   0.46    373.20     15.29    78.45    0.29      0.00          6.19          1.83           96.33        
122  R0981-D4TS431_2     431     38.29    100.00  122   N/A       N/A        -4.19     N/A        25.45    N/A           8.40     13.30    8.752    9.333    111   1    0     0     32.43  45.05  N/A         N/A          -3.67        N/A          55.86  39.372   2.31     2.41        4           73       3.4      1.25          0.42    39.64     0.49    0.39    0.60    1.00    0.69     58.00   3.89    72.75   58.34   0.41    262.20     23.32    53.37    0.23      0.00          3.09          0.92           94.50        
123  R0981-D4TS431_1     431     36.71    100.00  123   -3.81     N/A        -4.50     N/A        22.07    N/A           5.19     9.91     13.997   14.49    111   1    0     0     20.72  44.14  -4.23       N/A          -5.42        N/A          50.45  37.198   2.30     1.65        4.4         66       2.9      1.79          0.35    23.87     0.43    0.31    0.34    1.33    0.54     54.30   4.25    60.11   47.18   0.37    291.90     55.63    52.36    0.15      0.56          6.19          0.00           91.74        

