#    Model               GR#     GDT_TS   NP_P    RANK  Z-M1-GDT  Z-M1s-GDT  Z-MA-GDT  Z-MAs-GDT  GDT_HA   Z-M1s-GDT-HA  GDC_SC   GDC_ALL  RMS_CA   RMS_ALL  NP    err  PC01  PC05  AL0_P  AL4_P  Z-M1-AL0_p  Z-M1s-AL0_p  Z-MA-AL0_p   Z-MAs-AL0_p  ALI_P  LGA_S    RMSD[L]  Z-score[M]  Z-Score[D]  Al.Res.  RMSD[D]  MolPrb_Score  LDDT    SphGr     CAD_AA  RPF     CODM    DFM     Handed.  SOV     CE      QCS     CONTS   TMscore  Dali(raw)  FlexE    QSE      CAD_SS    MolPrb_clash  MolPrb_rotout  MolPrb_ramout  MolPrb_ramfv 

-    starting_model      -       52.46    -       -     -         -          -         -          31.77    -             13.44    -        5.31     6.20     -     -    -     -     -      -      -           -            -            -            -      -        -        7.28        13.80       165      3.00     3.93          0.43    33.01     0.44    0.48    0.80    0.65    0.83     46.70   6.11    77.44   56.89   0.68     1155.60    17.54    43.01    0.32      11.39         0.00          9.95           76.12        

1    R0981-D3TS117_2     117     55.66    100.00  1     N/A       N/A        1.46      N/A        35.84    N/A           16.90    26.68    5.274    5.972    203   2    0     0     52.71  75.86  N/A         N/A          1.35         N/A          76.85  50.647   2.15     7.35        14.8        174      3        4.48          0.46    37.44     0.48    0.54    0.82    0.53    0.84     45.10   6.35    80.49   57.14   0.70    1240.50    19.59    71.29    0.26      154.02        18.68         13.93          67.16        
2    R0981-D3TS425_1     425     55.42    100.00  2     1.32      N/A        1.42      N/A        35.84    N/A           19.74    27.48    6.087    6.8      203   0    0     0     55.17  69.46  1.62        N/A          1.63         N/A          73.40  49.187   2.25     6.31        13.7        166      3.1      1.51          0.46    40.89     0.52    0.49    0.78    0.51    0.83     65.80   6.11    78.66   58.01   0.68    1153.10    21.61    N/A      0.30      3.17          0.00          0.50           94.03        
3    R0981-D3TS117_1     117     55.17    100.00  3     1.29      N/A        1.38      N/A        34.98    N/A           15.34    26.08    5.403    6.142    203   8    0     0     54.19  73.40  1.51        N/A          1.51         N/A          74.38  52.065   2.05     7.28        14.5        169      3        4.43          0.44    36.95     0.46    0.52    0.82    0.50    0.85     40.90   5.99    80.85   56.99   0.69    1210.10    20.21    71.34    0.24      136.94        19.78         16.92          69.65        
4    R0981-D3TS174_5     174     53.33    100.00  4     N/A       N/A        1.07      N/A        32.51    N/A           15.76    25.34    5.309    6.154    203   0    0     0     49.26  73.40  N/A         N/A          0.96         N/A          75.37  49.415   2.24     7.21        14.2        167      3        2.97          0.44    36.21     0.47    0.49    0.81    0.59    0.83     43.80   6.11    79.34   58.43   0.69    1197.00    17.40    N/A      0.24      4.11          15.38         11.44          65.67        
5    R0981-D3TS156_1     156s    53.33    100.00  4     1.01      1.97       1.07      1.61       33.13    1.70          17.30    25.80    5.342    6.145    203   0    0     0     50.74  71.92  1.14        1.71         1.12         1.19         73.40  48.305   2.19     7.01        13.7        168      3        1.84          0.45    36.45     0.48    0.49    0.81    0.60    0.84     37.00   5.99    78.51   57.40   0.69    1142.00    18.40    81.96    0.26      2.85          0.00          4.48           77.11        
6    R0981-D3TS156_3     156s    53.20    100.00  6     N/A       N/A        1.04      1.55       33.13    N/A           16.77    25.37    5.414    6.2      203   0    0     0     50.74  71.92  N/A         N/A          1.12         1.19         72.91  49.979   2.21     7.08        13.8        168      3        1.94          0.45    36.21     0.47    0.49    0.81    0.58    0.84     37.00   5.99    78.44   57.36   0.68    1160.20    17.99    81.54    0.25      3.48          0.00          5.47           74.13        
7    R0981-D3TS174_3     174     53.08    100.00  7     N/A       N/A        1.02      N/A        32.39    N/A           17.09    25.70    5.303    6.157    203   0    0     0     49.75  71.43  N/A         N/A          1.01         N/A          73.40  50.249   2.17     7.28        14.1        166      2.9      2.47          0.44    34.73     0.47    0.49    0.81    0.60    0.83     51.20   5.99    78.92   58.02   0.69    1191.20    17.55    N/A      0.24      22.76         0.55          1.00           87.06        
8    R0981-D3TS156_5     156s    52.96    100.00  8     N/A       N/A        1.00      1.44       32.51    N/A           17.86    26.08    5.359    6.11     203   0    0     0     52.22  71.43  N/A         N/A          1.29         1.55         72.41  49.32    2.24     7.21        13.7        165      2.9      1.80          0.45    35.47     0.48    0.49    0.81    0.59    0.84     47.10   6.23    78.71   57.43   0.68    1150.00    18.26    83.17    0.25      2.53          0.00          5.47           77.61        
9    R0981-D3TS156_4     156s    52.71    100.00  9     N/A       N/A        0.96      1.32       32.14    N/A           17.25    24.95    5.418    6.199    203   0    0     0     48.28  72.41  N/A         N/A          0.84         0.59         73.89  48.071   2.26     7.15        13.6        166      3        1.91          0.45    38.67     0.48    0.49    0.80    0.60    0.83     44.60   5.99    78.50   57.29   0.68    1139.80    18.32    80.85    0.26      3.48          0.00          4.48           77.11        
10   R0981-D3TS217_3     217     52.59    100.00  10    N/A       N/A        0.94      N/A        31.77    N/A           13.48    23.35    5.253    5.995    203   0    0     0     45.32  69.46  N/A         N/A          0.51         N/A          71.92  46.318   2.36     6.94        12.8        169      3        4.38          0.26    36.95     0.44    0.50    0.80    0.56    0.84     44.30   5.86    75.58   54.87   0.68    1083.80    18.82    80.29    0.18      291.65        8.24          11.44          77.11        
11   R0981-D3TS174_1     174     52.46    100.00  11    0.88      N/A        0.92      N/A        31.53    N/A           19.17    25.75    5.26     6.093    203   0    0     0     48.28  73.40  0.87        N/A          0.84         N/A          75.37  49.588   2.33     7.49        14.1        169      2.9      2.42          0.44    34.98     0.47    0.49    0.81    0.59    0.84     54.00   6.11    78.57   57.34   0.68    1181.00    17.34    N/A      0.23      18.97         1.10          0.00           87.56        
12   R0981-D3TS190_5     190     52.34    100.00  12    N/A       N/A        0.90      N/A        31.52    N/A           13.56    23.81    5.34     6.193    203   1    0     0     45.32  72.91  N/A         N/A          0.51         N/A          73.89  49.56    2.21     7.35        13.8        167      3        3.91          0.43    32.76     0.45    0.47    0.81    0.61    0.83     34.20   5.99    77.64   56.26   0.68    1154.00    17.84    80.98    0.20      60.09         15.38         10.95          78.11        
13   R0981-D3TS102_4     102s    52.34    100.00  12    N/A       N/A        0.90      1.14       31.90    N/A           18.53    25.55    5.388    6.211    203   3    0     0     51.72  72.91  N/A         N/A          1.23         1.42         74.88  47.777   2.18     7.35        13.7        170      3.1      2.27          0.44    36.95     0.46    0.48    0.81    0.61    0.83     44.90   6.35    78.69   55.25   0.68    1146.00    18.59    60.67    0.24      8.54          0.00          5.97           73.63        
14   R0981-D3TS174_2     174     52.09    100.00  14    N/A       N/A        0.85      N/A        31.16    N/A           14.03    23.45    5.325    6.21     203   0    0     0     47.29  71.43  N/A         N/A          0.73         N/A          73.40  47.649   2.28     6.87        13.8        165      3        3.60          0.42    32.76     0.44    0.48    0.81    0.64    0.83     46.30   6.11    77.54   56.88   0.68    1153.60    17.48    N/A      0.19      13.92         21.98         18.91          57.71        
15   R0981-D3TS102_5     102s    52.09    100.00  14    N/A       N/A        0.85      1.02       31.40    N/A           16.51    24.42    5.341    6.179    203   2    0     0     52.22  72.41  N/A         N/A          1.29         1.55         73.89  47.708   2.23     7.08        13.7        169      3.1      2.65          0.42    33.99     0.45    0.47    0.81    0.60    0.84     42.00   6.23    77.32   55.42   0.68    1150.80    18.94    59.63    0.23      16.76         0.55          18.91          58.21        
16   R0981-D3TS457_5     457     52.09    100.00  14    N/A       N/A        0.85      N/A        31.16    N/A           13.10    23.19    5.292    6.183    203   9    0     0     45.32  70.94  N/A         N/A          0.51         N/A          71.92  47.965   2.29     6.94        13.7        163      2.9      4.75          0.42    32.51     0.43    0.48    0.80    0.64    0.83     41.40   5.99    77.48   55.99   0.68    1148.30    17.82    79.92    0.20      135.00        35.16         18.41          48.76        
17   R0981-D3TS460_5     460     51.97    100.00  17    N/A       N/A        0.83      N/A        31.40    N/A           15.27    24.29    5.341    6.187    203   2    0     0     48.77  70.44  N/A         N/A          0.90         N/A          71.43  46.818   2.24     7.15        13.3        169      3.1      3.60          0.43    32.27     0.45    0.46    0.80    0.59    0.84     60.20   6.23    77.11   55.35   0.68    1123.10    18.72    80.67    0.21      33.54         11.54         11.44          76.12        
18   R0981-D3TS174_4     174     51.97    100.00  17    N/A       N/A        0.83      N/A        31.65    N/A           17.15    25.14    5.371    6.188    203   0    0     0     48.77  70.94  N/A         N/A          0.90         N/A          72.91  46.871   2.17     7.15        14          172      3.2      2.54          0.45    36.70     0.47    0.48    0.82    0.60    0.83     59.30   6.35    78.73   56.12   0.68    1172.50    18.44    N/A      0.24      3.16          7.14          6.97           75.62        
19   R0981-D3TS156_2     156s    51.97    100.00  17    N/A       N/A        0.83      0.97       31.90    N/A           18.50    25.38    5.378    6.083    203   0    0     0     49.26  70.94  N/A         N/A          0.96         0.83         72.41  48.381   2.26     7.28        13.7        164      2.9      1.85          0.45    37.19     0.48    0.49    0.81    0.59    0.83     51.60   5.99    78.42   57.03   0.68    1150.30    18.42    82.05    0.25      3.16          0.00          6.47           79.10        
20   R0981-D3TS460_1     460     51.85    100.00  20    0.79      N/A        0.81      N/A        31.28    N/A           15.27    24.20    5.342    6.19     203   2    0     0     47.78  69.46  0.82        N/A          0.79         N/A          71.43  45.787   2.33     7.15        13.3        169      3.1      3.59          0.42    32.27     0.45    0.46    0.80    0.59    0.84     60.20   6.23    77.09   55.31   0.68    1120.60    18.76    80.86    0.21      31.96         12.09         11.44          76.12        
21   R0981-D3TS270_3     270     51.85    100.00  20    N/A       N/A        0.81      N/A        31.41    N/A           13.64    23.27    5.336    6.189    203   2    0     0     44.33  71.43  N/A         N/A          0.40         N/A          72.41  47.492   2.35     7.15        13.7        169      3.2      3.19          0.42    32.27     0.44    0.47    0.81    0.61    0.83     47.90   5.99    77.36   55.89   0.68    1147.80    17.93    N/A      0.20      6.96          14.29         15.92          57.71        
22   R0981-D3TS460_2     460     51.85    100.00  20    N/A       N/A        0.81      N/A        31.16    N/A           14.99    24.16    5.345    6.194    203   3    0     0     48.28  69.46  N/A         N/A          0.84         N/A          71.43  45.829   2.34     7.15        13.3        169      3.1      3.58          0.42    32.27     0.45    0.46    0.80    0.59    0.84     59.20   6.23    76.97   55.26   0.68    1119.90    18.79    80.95    0.21      32.59         11.54         10.95          76.12        
23   R0981-D3TS356_1     356     51.72    100.00  23    0.77      N/A        0.79      N/A        30.91    N/A           15.60    24.89    5.335    6.239    203   2    0     0     50.74  68.97  1.14        N/A          1.12         N/A          70.44  47.582   2.22     6.73        12.9        172      3.4      1.58          0.42    33.25     0.46    0.45    0.81    0.60    0.84     58.20   6.35    77.54   54.94   0.68    1092.40    18.90    77.60    0.20      0.32          2.20          6.47           82.59        
24   R0981-D3TS460_3     460     51.72    100.00  23    N/A       N/A        0.79      N/A        31.04    N/A           15.40    24.46    5.339    6.181    203   2    0     0     49.26  70.94  N/A         N/A          0.96         N/A          72.41  47.608   2.25     7.15        13.3        169      3.1      3.56          0.43    32.27     0.46    0.46    0.80    0.59    0.84     60.20   6.23    77.03   55.42   0.68    1120.20    18.63    80.45    0.21      31.65         10.99         11.44          76.12        
25   R0981-D3TS112_2     112     51.72    100.00  23    N/A       N/A        0.79      N/A        30.91    N/A           13.71    23.39    5.358    6.24     203   3    0     0     45.32  72.41  N/A         N/A          0.51         N/A          73.40  47.142   2.32     7.15        13.6        167      3.1      3.19          0.41    32.27     0.44    0.46    0.81    0.61    0.83     41.10   6.11    77.03   55.64   0.67    1138.60    18.13    81.29    0.19      5.37          20.88         15.42          61.69        
26   R0981-D3TS217_1     217     51.60    100.00  26    0.76      N/A        0.77      N/A        30.79    N/A           14.29    23.27    5.531    6.066    203   0    0     0     45.32  69.95  0.55        N/A          0.51         N/A          70.44  46.767   2.34     6.94        11.9        171      3.5      4.32          0.26    34.24     0.42    0.46    0.79    0.60    0.83     52.80   5.86    72.65   51.30   0.67    1019.10    21.12    80.11    0.16      250.48        8.24          10.95          77.11        
27   R0981-D3TS460_4     460     51.60    100.00  26    N/A       N/A        0.77      N/A        31.04    N/A           15.35    24.48    5.34     6.184    203   2    0     0     49.26  70.94  N/A         N/A          0.96         N/A          72.41  47.662   2.25     7.15        13.3        169      3.1      3.56          0.43    32.27     0.45    0.46    0.80    0.59    0.84     60.20   6.23    77.12   55.38   0.68    1121.70    18.66    80.44    0.21      32.91         10.44         11.44          76.12        
28   R0981-D3TS390_2     390     51.48    100.00  28    N/A       N/A        0.75      N/A        30.79    N/A           17.29    25.08    5.379    6.172    203   3    0     0     50.25  72.91  N/A         N/A          1.07         N/A          74.88  47.755   2.28     7.35        13.3        172      3.2      2.28          0.44    36.21     0.46    0.48    0.81    0.59    0.84     47.40   5.86    77.39   54.65   0.68    1122.00    18.52    62.65    0.24      8.85          0.55          6.47           73.63        
29   R0981-D3TS425_2     425     51.35    100.00  29    N/A       N/A        0.73      N/A        32.14    N/A           18.32    25.84    6.112    6.873    203   1    0     0     48.77  69.46  N/A         N/A          0.90         N/A          71.92  47.461   2.23     6.80        13.7        172      3.5      1.41          0.46    42.37     0.50    0.50    0.77    0.51    0.82     64.90   6.11    80.83   59.40   0.67    1151.70    21.32    73.37    0.27      1.58          0.00          1.00           91.54        
30   R0981-D3TS344_1     344     51.35    100.00  29    0.72      N/A        0.73      N/A        30.91    N/A           15.13    23.04    5.443    6.296    203   26   0     0     45.81  68.47  0.60        N/A          0.56         N/A          70.44  45.223   2.38     6.87        12.6        173      3.3      2.19          0.43    36.95     0.46    0.47    0.81    0.61    0.83     57.90   6.35    78.12   55.08   0.67    1069.80    19.43    72.22    0.23      1.27          4.95          5.97           72.64        
31   R0981-D3TS431_5     431     51.35    100.00  29    N/A       N/A        0.73      N/A        30.91    N/A           15.04    24.20    5.425    6.326    203   2    0     0     46.80  69.95  N/A         N/A          0.68         N/A          71.43  46.361   2.34     6.87        12.8        165      3.1      2.36          0.43    35.47     0.46    0.46    0.81    0.61    0.83     54.30   5.86    77.03   55.41   0.67    1082.60    20.21    66.50    0.22      1.26          9.89          5.97           78.11        
32   R0981-D3TS356_2     356     50.86    100.00  32    N/A       N/A        0.65      N/A        30.30    N/A           15.46    23.64    5.624    6.528    203   2    0     0     47.78  65.52  N/A         N/A          0.79         N/A          67.49  45.07    2.31     6.73        11.9        167      3.3      1.31          0.41    33.50     0.46    0.43    0.80    0.66    0.83     45.50   6.23    76.91   53.14   0.66    1018.30    20.81    74.96    0.23      0.32          0.55          7.46           83.08        
33   R0981-D3TS190_1     190     50.86    100.00  32    0.65      N/A        0.65      N/A        30.42    N/A           16.43    24.80    5.687    6.458    203   0    0     0     44.33  65.02  0.44        N/A          0.40         N/A          66.01  45.886   2.23     6.45        11.2        167      3.3      3.19          0.40    31.28     0.44    0.43    0.79    0.67    0.83     53.20   5.19    75.18   52.20   0.66    964.80     23.50    49.17    0.18      22.77         6.59          9.95           81.09        
34   R0981-D3TS390_4     390     50.86    100.00  32    N/A       N/A        0.65      N/A        30.17    N/A           16.45    23.27    5.441    6.308    203   4    0     0     48.28  70.44  N/A         N/A          0.84         N/A          72.41  46.935   2.27     7.08        12.9        170      3.3      2.07          0.43    36.45     0.46    0.47    0.80    0.59    0.83     52.60   6.11    77.35   54.93   0.67    1092.30    19.02    62.00    0.22      5.06          0.00          5.47           74.13        
35   R0981-D3TS217_4     217     50.86    100.00  32    N/A       N/A        0.65      N/A        29.80    N/A           14.52    22.16    5.352    6.082    203   1    0     0     42.86  68.97  N/A         N/A          0.23         N/A          71.43  45.452   2.43     6.80        12.3        169      3.1      4.33          0.28    36.70     0.45    0.49    0.79    0.57    0.84     42.60   5.86    75.87   54.43   0.67    1044.70    19.15    82.47    0.19      269.18        7.14          10.45          74.13        
36   R0981-D3TS217_2     217     50.62    100.00  36    N/A       N/A        0.60      N/A        29.31    N/A           14.07    23.37    5.389    6.114    203   0    0     0     45.81  69.46  N/A         N/A          0.56         N/A          71.43  45.874   2.31     6.87        12.6        168      3.2      4.52          0.24    33.50     0.44    0.48    0.79    0.64    0.83     47.20   5.73    76.24   53.54   0.66    1069.90    18.98    81.60    0.21      278.78        10.99         13.43          71.64        
37   R0981-D3TS433_2     433     50.62    100.00  36    N/A       N/A        0.60      N/A        31.28    N/A           0.00     15.15    6.154    6.05     203   0    0     0     42.36  67.00  N/A         N/A          0.17         N/A          68.47  45.856   2.18     6.38        13.6        168      3.3      6.00          0.13    36.73     0.36    0.12    0.74    0.73    0.81     50.60   6.23    75.29   54.07   0.65    1138.70    26.00    N/A      0.00      0.00          N/A           13.93          60.20        
38   R0981-D3TS328_5     328     50.37    100.00  38    N/A       N/A        0.56      N/A        29.68    N/A           13.02    20.96    5.711    6.484    203   3    0     0     42.86  66.01  N/A         N/A          0.23         N/A          67.49  44.459   2.17     6.03        12.2        168      3.3      3.87          0.42    34.24     0.43    0.47    0.81    0.58    0.82     57.60   6.23    79.39   53.97   0.63    1041.20    15.21    N/A      0.19      33.21         17.58         16.92          59.20        
39   R0981-D3TS390_5     390     50.37    100.00  38    N/A       N/A        0.56      N/A        29.93    N/A           17.21    24.43    5.44     6.246    203   3    0     0     46.31  72.41  N/A         N/A          0.62         N/A          74.38  47.163   2.33     7.28        12.8        168      3.1      2.25          0.43    35.96     0.46    0.47    0.81    0.61    0.83     44.90   6.23    76.82   53.87   0.67    1086.50    18.45    63.04    0.22      7.90          0.55          4.98           72.14        
40   R0981-D3TS196_5     196     50.25    100.00  40    N/A       N/A        0.54      N/A        29.31    N/A           13.03    21.71    5.446    6.371    203   5    0     0     44.33  69.46  N/A         N/A          0.40         N/A          70.94  45.644   2.38     7.08        12.5        165      3.1      2.55          0.41    30.05     0.43    0.44    0.81    0.62    0.83     32.50   6.23    76.93   53.67   0.67    1058.20    19.79    71.45    0.19      0.95          12.09         18.41          55.22        
41   R0981-D3TS359_5     359s    50.25    100.00  40    N/A       N/A        0.54      0.15       29.31    N/A           13.03    21.71    5.446    6.371    203   5    0     0     44.33  69.46  N/A         N/A          0.40         -0.37        70.94  45.644   2.38     7.08        12.5        165      3.1      2.55          0.41    30.05     0.43    0.44    0.81    0.62    0.83     32.50   6.23    76.93   53.67   0.67    1058.20    19.79    71.45    0.19      0.95          12.09         18.41          55.22        
42   R0981-D3TS425_4     425     50.12    100.00  42    N/A       N/A        0.52      N/A        30.66    N/A           14.95    22.19    6.538    7.259    203   2    0     0     44.33  65.02  N/A         N/A          0.40         N/A          67.00  45.176   2.51     6.52        12.1        162      3.3      1.35          0.44    38.42     0.48    0.47    0.75    0.56    0.81     69.90   6.35    79.34   54.85   0.64    1034.80    25.25    N/A      0.26      1.26          0.00          1.49           91.54        
43   R0981-D3TS433_4     433     50.12    100.00  42    N/A       N/A        0.52      N/A        30.42    N/A           0.00     14.69    6.12     6.017    203   0    0     0     43.35  67.49  N/A         N/A          0.29         N/A          68.97  45.697   2.24     6.24        13.7        169      3.3      6.00          0.13    36.59     0.36    0.12    0.74    0.72    0.81     52.50   6.23    75.36   53.84   0.65    1151.20    25.45    N/A      0.00      0.97          N/A           13.93          60.20        
44   R0981-D3TS328_4     328     50.00    100.00  44    N/A       N/A        0.50      N/A        29.68    N/A           13.93    21.87    5.636    6.521    203   3    0     0     45.32  65.52  N/A         N/A          0.51         N/A          67.00  43.601   2.26     6.10        11.2        172      3.6      3.78          0.42    33.01     0.42    0.47    0.79    0.60    0.83     44.50   5.86    78.60   53.29   0.65    974.30     24.33    N/A      0.19      30.99         13.19         20.90          53.73        
45   R0981-D3TS196_4     196     49.88    100.00  45    N/A       N/A        0.48      N/A        29.06    N/A           12.81    21.49    5.485    6.404    203   9    0     0     43.84  68.97  N/A         N/A          0.34         N/A          70.44  45.776   2.34     7.01        12.3        167      3.2      2.71          0.40    30.05     0.43    0.44    0.81    0.62    0.83     32.30   6.23    76.73   53.49   0.66    1047.40    20.13    70.74    0.19      2.21          10.44         17.91          55.72        
46   R0981-D3TS359_4     359s    49.88    100.00  45    N/A       N/A        0.48      -0.02      29.06    N/A           12.81    21.49    5.485    6.404    203   9    0     0     43.84  68.97  N/A         N/A          0.34         -0.49        70.44  45.776   2.34     7.01        12.3        167      3.2      2.71          0.40    30.05     0.43    0.44    0.81    0.62    0.83     32.30   6.23    76.73   53.49   0.66    1047.40    20.13    70.74    0.19      2.21          10.44         17.91          55.72        
47   R0981-D3TS433_5     433     49.75    100.00  47    N/A       N/A        0.46      N/A        29.93    N/A           0.00     14.75    6.181    6.078    203   0    0     0     41.38  67.00  N/A         N/A          0.06         N/A          68.47  45.405   2.18     6.17        13.5        167      3.3      6.00          0.13    36.46     0.36    0.12    0.74    0.73    0.80     52.50   6.23    75.26   53.92   0.64    1128.20    25.89    N/A      0.00      0.00          N/A           13.93          60.20        
48   R0981-D3TS190_4     190     49.75    100.00  47    N/A       N/A        0.46      N/A        28.45    N/A           13.36    21.78    5.469    6.277    203   0    0     0     44.83  67.98  N/A         N/A          0.45         N/A          69.46  43.903   2.37     6.10        11.3        168      3.3      3.30          0.40    31.03     0.44    0.43    0.80    0.62    0.84     52.20   6.23    74.73   51.44   0.66    972.60     21.59    51.61    0.20      24.67         8.79          9.45           82.59        
49   R0981-D3TS196_3     196     49.75    100.00  47    N/A       N/A        0.46      N/A        28.57    N/A           12.19    20.86    5.53     6.456    203   11   0     0     46.80  67.49  N/A         N/A          0.68         N/A          68.47  44.995   2.32     6.87        12          169      3.4      2.39          0.40    29.31     0.42    0.43    0.80    0.62    0.83     32.30   6.35    76.54   53.48   0.66    1027.00    20.53    69.83    0.18      0.63          9.89          17.91          58.21        
50   R0981-D3TS359_3     359s    49.75    100.00  47    N/A       N/A        0.46      -0.09      28.57    N/A           12.19    20.86    5.53     6.456    203   11   0     0     46.80  67.49  N/A         N/A          0.68         0.23         68.47  44.995   2.32     6.87        12          169      3.4      2.39          0.40    29.31     0.42    0.43    0.80    0.62    0.83     32.30   6.35    76.54   53.48   0.66    1027.00    20.53    69.83    0.18      0.63          9.89          17.91          58.21        
51   R0981-D3TS344_5     344     49.63    100.00  51    N/A       N/A        0.44      N/A        28.82    N/A           14.61    21.92    5.501    6.319    203   3    0     0     44.33  68.47  N/A         N/A          0.40         N/A          69.95  44.825   2.42     6.80        11.1        172      3.5      1.75          0.42    35.22     0.47    0.47    0.81    0.60    0.83     59.50   6.23    77.13   52.98   0.66    956.90     19.59    74.73    0.25      0.00          3.85          6.47           74.13        
52   R0981-D3TS344_4     344     49.63    100.00  51    N/A       N/A        0.44      N/A        28.82    N/A           14.61    21.92    5.501    6.319    203   3    0     0     44.33  68.47  N/A         N/A          0.40         N/A          69.95  44.825   2.42     6.80        11.1        172      3.5      1.75          0.42    35.22     0.47    0.47    0.81    0.60    0.83     59.50   6.23    77.13   52.98   0.66    956.90     19.59    74.73    0.25      0.00          3.85          6.47           74.13        
53   R0981-D3TS433_1     433     49.63    100.00  51    0.46      N/A        0.44      N/A        30.05    N/A           0.00     14.42    6.179    6.074    203   0    0     0     42.86  66.50  0.28        N/A          0.23         N/A          67.98  44.367   2.24     6.38        13.5        168      3.3      6.00          0.13    36.59     0.36    0.12    0.74    0.73    0.80     52.50   6.23    75.29   53.93   0.64    1138.20    26.23    N/A      0.00      0.00          N/A           14.93          60.70        
54   R0981-D3TS425_3     425     49.63    100.00  51    N/A       N/A        0.44      N/A        29.07    N/A           16.96    22.87    5.661    6.367    203   3    0     0     39.90  64.04  N/A         N/A          -0.10        N/A          66.50  43.839   2.35     6.03        11.6        169      3.5      1.54          0.45    40.15     0.49    0.48    0.80    0.55    0.83     64.60   6.35    77.50   55.96   0.65    995.60     20.41    N/A      0.26      2.53          0.00          1.00           91.54        
55   R0981-D3TS390_1     390     49.38    100.00  55    0.43      N/A        0.39      N/A        28.45    N/A           16.80    23.38    5.437    6.33     203   3    0     0     44.33  71.43  0.44        N/A          0.40         N/A          72.91  46.406   2.36     6.94        12.3        171      3.2      2.19          0.42    32.51     0.45    0.45    0.80    0.61    0.83     49.40   6.35    76.98   52.75   0.66    1046.50    20.37    65.69    0.21      7.27          0.55          6.47           75.62        
56   R0981-D3TS102_2     102s    49.26    100.00  56    N/A       N/A        0.37      -0.32      28.08    N/A           16.53    22.58    5.583    6.478    203   3    0     0     45.32  68.47  N/A         N/A          0.51         -0.13        69.95  44.867   2.47     6.66        11.8        165      3.2      2.14          0.42    34.73     0.45    0.46    0.79    0.60    0.83     48.40   5.99    75.89   53.35   0.65    1013.20    23.01    63.52    0.22      6.64          0.00          6.97           76.62        
57   R0981-D3TS356_3     356     49.26    100.00  56    N/A       N/A        0.37      N/A        30.91    N/A           14.80    22.48    6.121    6.907    203   2    0     0     39.41  60.59  N/A         N/A          -0.16        N/A          62.07  43.637   2.27     5.75        10.3        161      3.3      1.11          0.40    31.03     0.46    0.42    0.79    0.67    0.82     54.30   5.46    75.92   50.38   0.63    899.80     24.06    71.22    0.20      0.00          0.55          2.99           87.56        
58   R0981-D3TS433_3     433     49.14    100.00  58    N/A       N/A        0.35      N/A        28.94    N/A           0.00     14.48    6.214    6.109    203   0    0     0     43.84  67.49  N/A         N/A          0.34         N/A          68.97  45.811   2.27     6.38        13.4        168      3.3      6.00          0.13    36.55     0.36    0.12    0.73    0.73    0.80     54.90   6.23    75.03   53.06   0.64    1112.20    26.77    N/A      0.00      4.84          N/A           14.43          60.20        
59   R0981-D3TS270_4     270     49.02    100.00  59    N/A       N/A        0.33      N/A        27.59    N/A           13.87    21.59    5.518    6.368    203   2    0     0     42.86  68.97  N/A         N/A          0.23         N/A          70.94  44.415   2.38     6.66        11.8        162      3.1      2.26          0.40    31.03     0.45    0.43    0.80    0.61    0.83     51.40   5.33    74.81   52.84   0.66    1009.70    20.47    N/A      0.20      0.63          8.24          7.46           68.66        
60   R0981-D3TS312_5     312s    48.89    100.00  60    N/A       N/A        0.31      -0.49      30.54    N/A           15.05    24.39    8.033    8.619    203   2    0     0     44.83  66.01  N/A         N/A          0.45         -0.25        66.50  45.34    2.32     6.52        12.6        166      3.3      3.43          0.43    40.15     0.46    0.48    0.72    0.66    0.81     67.00   5.60    81.08   53.95   0.64    1055.20    56.48    47.38    0.22      71.45         3.85          2.49           85.07        
61   R0981-D3TS425_5     425     48.77    100.00  61    N/A       N/A        0.29      N/A        28.57    N/A           16.43    22.63    6.349    7.035    203   0    0     0     44.33  65.02  N/A         N/A          0.40         N/A          67.00  45.161   2.41     6.10        12.9        171      3.4      1.60          0.46    42.12     0.49    0.50    0.78    0.53    0.81     70.30   5.99    79.73   56.67   0.65    1091.40    25.31    N/A      0.29      2.53          0.00          1.00           89.55        
62   R0981-D3TS344_3     344     48.77    100.00  61    N/A       N/A        0.29      N/A        27.83    N/A           13.31    22.04    5.561    6.379    203   2    0     0     45.32  66.01  N/A         N/A          0.51         N/A          67.98  45.452   2.31     6.59        11.1        166      3.3      1.94          0.40    32.27     0.45    0.43    0.78    0.70    0.83     45.20   6.23    75.95   50.73   0.65    959.50     20.32    73.47    0.23      0.00          6.04          5.97           69.65        
63   R0981-D3TS190_2     190     48.77    100.00  61    N/A       N/A        0.29      N/A        27.59    N/A           13.99    21.48    5.491    6.314    203   0    0     0     42.86  66.50  N/A         N/A          0.23         N/A          67.98  44.993   2.40     6.66        11.2        169      3.3      3.09          0.40    33.74     0.45    0.44    0.80    0.64    0.83     55.20   5.73    75.68   52.50   0.65    967.60     20.83    52.03    0.19      18.66         6.59          9.95           82.59        
64   R0981-D3TS190_3     190     48.65    100.00  64    N/A       N/A        0.27      N/A        27.71    N/A           15.10    22.00    5.568    6.366    203   0    0     0     40.89  67.49  N/A         N/A          0.01         N/A          68.97  45.127   2.40     6.66        11.5        163      3.1      3.22          0.41    30.54     0.44    0.44    0.80    0.66    0.83     57.90   6.23    75.67   52.92   0.65    987.90     21.32    51.79    0.19      21.82         7.69          7.96           81.59        
65   R0981-D3TS312_4     312s    48.65    100.00  64    N/A       N/A        0.27      -0.61      30.79    N/A           14.96    24.08    8.174    8.736    203   1    0     0     44.83  65.52  N/A         N/A          0.45         -0.25        66.50  45.862   2.21     6.17        12.3        162      3.2      2.95          0.43    39.16     0.46    0.48    0.71    0.66    0.80     65.00   5.46    81.20   54.07   0.64    1045.40    58.29    47.49    0.22      68.61         0.55          2.49           86.07        
66   R0981-D3TS390_3     390     48.65    100.00  64    N/A       N/A        0.27      N/A        27.83    N/A           16.98    23.05    5.657    6.483    203   3    0     0     42.86  68.97  N/A         N/A          0.23         N/A          70.94  44.548   2.40     7.15        11.9        164      3.1      2.04          0.42    35.22     0.47    0.46    0.79    0.62    0.83     47.80   5.99    76.18   52.14   0.65    1019.10    22.13    64.11    0.23      5.37          0.00          6.47           78.61        
67   R0981-D3TS328_2     328     48.52    100.00  67    N/A       N/A        0.25      N/A        28.20    N/A           12.56    18.94    5.508    6.434    203   2    0     0     44.83  63.05  N/A         N/A          0.45         N/A          63.55  43.458   2.28     5.68        10.7        163      3.2      3.55          0.41    33.50     0.42    0.44    0.77    0.67    0.83     57.70   5.86    76.81   51.56   0.64    930.20     22.67    N/A      0.17      18.66         14.84         14.43          63.18        
68   R0981-D3TS196_2     196     48.52    100.00  67    N/A       N/A        0.25      N/A        27.59    N/A           11.93    19.91    5.678    6.605    203   16   0     0     41.87  66.01  N/A         N/A          0.12         N/A          67.49  43.524   2.50     6.38        11.7        166      3.4      2.68          0.40    29.56     0.42    0.43    0.80    0.63    0.83     35.10   5.73    76.32   53.61   0.64    1007.50    20.74    68.41    0.18      1.90          10.99         15.92          56.22        
69   R0981-D3TS312_1     312s    48.52    100.00  67    0.30      -0.20      0.25      -0.67      30.41    0.58          16.24    24.13    8.06     8.653    203   2    0     0     45.81  67.00  0.60        0.49         0.56         -0.01        67.98  46.211   2.28     6.59        12.4        167      3.3      3.34          0.43    39.90     0.47    0.48    0.72    0.66    0.80     67.00   5.46    81.43   54.47   0.64    1056.80    56.54    47.56    0.23      69.24         3.30          2.99           86.07        
70   R0981-D3TS359_2     359s    48.52    100.00  67    N/A       N/A        0.25      -0.67      27.59    N/A           11.93    19.91    5.678    6.605    203   16   0     0     41.87  66.01  N/A         N/A          0.12         -0.97        67.49  43.524   2.50     6.38        11.7        166      3.4      2.68          0.40    29.56     0.42    0.43    0.80    0.63    0.83     35.10   5.73    76.32   53.61   0.64    1007.50    20.74    68.41    0.18      1.90          10.99         15.92          56.22        
71   R0981-D3TS312_2     312s    48.40    100.00  71    N/A       N/A        0.23      -0.72      30.05    N/A           16.27    24.18    7.97     8.514    203   1    0     0     44.83  65.52  N/A         N/A          0.45         -0.25        67.00  45.151   2.34     6.45        12.5        160      3.1      3.03          0.43    40.15     0.46    0.48    0.72    0.65    0.81     69.90   5.60    81.04   54.05   0.64    1049.50    54.88    47.73    0.22      64.18         1.65          1.00           88.56        
72   R0981-D3TS312_3     312s    48.40    100.00  71    N/A       N/A        0.23      -0.72      29.68    N/A           14.25    23.72    7.986    8.545    203   3    0     0     45.32  66.50  N/A         N/A          0.51         -0.13        67.98  45.288   2.27     6.38        12.6        166      3.3      3.42          0.43    39.41     0.46    0.48    0.72    0.66    0.81     67.50   5.46    81.06   53.92   0.64    1055.60    55.05    47.53    0.21      63.86         4.40          2.49           85.07        
73   R0981-D3TS086_1     086     48.40    100.00  71    0.28      N/A        0.23      N/A        31.28    N/A           16.30    23.78    11.386   12.186   203   2    0     0     43.84  60.59  0.39        N/A          0.34         N/A          61.58  42.19    2.21     5.34        10.8        148      3.3      1.33          0.42    33.74     0.49    0.45    0.55    0.97    0.67     64.30   5.60    78.59   54.54   0.60    936.00     45.89    N/A      0.26      1.90          0.00          1.00           94.53        
74   R0981-D3TS004_1     004s    47.78    100.00  74    0.19      -0.54      0.12      -1.02      27.22    -0.73         16.66    20.17    5.632    6.469    203   0    0     0     39.90  67.49  -0.04       -0.98        -0.10        -1.45        69.46  43.333   2.45     6.45        11.8        167      3.3      1.34          0.41    30.79     0.45    0.43    0.80    0.63    0.82     51.70   5.73    76.05   53.87   0.64    1008.10    20.26    72.41    0.22      0.00          1.65          1.99           84.08        
75   R0981-D3TS102_1     102s    47.78    100.00  74    0.19      -0.54      0.12      -1.02      27.22    -0.73         15.54    21.14    5.714    6.588    203   3    0     0     40.39  68.47  0.01        -0.86        -0.05        -1.33        69.46  44.066   2.50     6.59        11.5        166      3.2      2.05          0.40    31.77     0.45    0.44    0.79    0.62    0.83     43.40   5.33    75.58   52.30   0.64    985.00     22.11    63.74    0.22      5.37          0.00          6.47           77.61        
76   R0981-D3TS344_2     344     47.78    100.00  74    N/A       N/A        0.12      N/A        26.85    N/A           11.89    20.01    5.635    6.564    203   2    0     0     37.93  70.44  N/A         N/A          -0.33        N/A          72.41  40.47    2.47     6.73        10.6        168      3.3      1.94          0.40    29.80     0.45    0.43    0.79    0.69    0.82     45.50   6.23    76.15   50.67   0.65    930.50     20.72    75.10    0.22      0.00          6.59          4.98           73.13        
77   R0981-D3TS359_1     359s    47.41    100.00  77    0.13      -0.70      0.06      -1.19      26.97    -0.83         10.57    18.63    5.808    6.733    203   19   0     0     42.36  67.49  0.23        -0.37        0.17         -0.85        68.47  43.545   2.43     6.17        11.5        166      3.4      2.58          0.39    29.80     0.41    0.43    0.79    0.64    0.82     32.70   5.60    75.97   53.24   0.63    1005.50    20.88    67.23    0.18      1.58          9.34          17.41          56.72        
78   R0981-D3TS196_1     196     47.41    100.00  77    0.13      N/A        0.06      N/A        26.97    N/A           10.57    18.63    5.808    6.733    203   19   0     0     42.36  67.49  0.23        N/A          0.17         N/A          68.47  43.545   2.43     6.17        11.5        166      3.4      2.58          0.39    29.80     0.41    0.43    0.79    0.64    0.82     32.70   5.60    75.97   53.24   0.63    1005.50    20.88    67.23    0.18      1.58          9.34          17.41          56.72        
79   R0981-D3TS068_1     068     47.29    100.00  79    0.12      N/A        0.04      N/A        27.22    N/A           12.40    20.21    8.581    9.432    203   0    0     0     43.35  67.98  0.33        N/A          0.29         N/A          68.97  43.945   2.38     6.66        11.9        174      3.6      1.53          0.42    39.90     0.48    0.47    0.71    0.73    0.76     61.50   6.23    77.45   55.10   0.62    1014.30    19.20    76.43    0.25      1.90          0.00          0.50           89.05        
80   R0981-D3TS356_5     356     47.29    100.00  79    N/A       N/A        0.04      N/A        26.84    N/A           14.48    20.31    5.832    6.633    203   2    0     0     35.96  62.56  N/A         N/A          -0.55        N/A          64.04  41.344   2.39     5.68        9.3         156      3.2      1.14          0.40    32.27     0.46    0.41    0.78    0.71    0.82     56.60   5.86    73.85   48.77   0.62    823.00     21.25    74.11    0.23      0.00          0.55          2.99           86.07        
81   R0981-D3TS086_5     086     47.04    100.00  81    N/A       N/A        -0.01     N/A        29.43    N/A           15.14    22.13    7.736    8.318    203   1    0     0     41.87  62.07  N/A         N/A          0.12         N/A          64.53  43.188   2.42     5.96        11.1        157      3.3      1.27          0.42    31.77     0.47    0.45    0.65    0.78    0.77     63.90   6.23    78.60   53.16   0.61    958.90     34.26    N/A      0.26      1.26          0.00          1.99           93.53        
82   R0981-D3TS086_2     086     46.67    100.00  82    N/A       N/A        -0.07     N/A        29.31    N/A           15.46    22.14    11.19    11.907   203   2    0     0     39.90  59.11  N/A         N/A          -0.10        N/A          60.10  41.825   2.31     5.34        10.6        146      3.3      1.55          0.42    32.51     0.48    0.45    0.53    0.96    0.67     67.10   5.60    78.99   54.96   0.59    920.90     40.30    73.93    0.25      3.16          0.00          1.99           93.03        
83   R0981-D3TS270_2     270     46.67    100.00  82    N/A       N/A        -0.07     N/A        27.46    N/A           14.68    19.49    6.184    6.879    203   3    0     0     36.45  59.11  N/A         N/A          -0.50        N/A          61.08  40.913   2.29     5.13        9.4         157      3.5      1.65          0.39    31.77     0.45    0.42    0.78    0.66    0.82     56.00   4.74    74.65   51.29   0.61    828.30     24.91    N/A      0.20      0.63          2.20          2.49           83.58        
84   R0981-D3TS356_4     356     46.67    100.00  82    N/A       N/A        -0.07     N/A        26.48    N/A           11.75    17.86    5.781    6.602    203   2    0     0     33.00  62.07  N/A         N/A          -0.89        N/A          63.05  41.343   2.47     5.89        9.5         167      3.5      1.14          0.38    28.08     0.44    0.40    0.79    0.71    0.83     54.60   5.99    72.58   49.59   0.63    844.60     23.92    75.01    0.20      0.00          1.10          3.98           87.56        
85   R0981-D3TS208_3     208     46.67    100.00  82    N/A       N/A        -0.07     N/A        26.85    N/A           12.77    20.28    8.674    9.512    203   0    0     0     33.50  64.53  N/A         N/A          -0.83        N/A          66.50  44.036   2.34     5.96        11.6        166      3.5      2.04          0.39    27.59     0.43    0.40    0.59    0.81    0.77     57.90   5.99    77.06   51.34   0.61    997.30     69.45    80.07    0.17      0.32          6.59          4.98           74.63        
86   R0981-D3TS288_4     288     46.43    100.00  86    N/A       N/A        -0.11     N/A        25.86    N/A           13.40    19.56    6.369    7.027    203   0    0     0     41.38  62.07  N/A         N/A          0.06         N/A          63.05  40.794   2.42     5.34        10.4        161      3.6      2.20          0.40    30.05     0.43    0.41    0.76    0.63    0.82     61.80   5.99    76.12   50.31   0.62    910.50     24.23    69.36    0.19      1.58          7.69          4.48           87.06        
87   R0981-D3TS288_1     288     46.43    100.00  86    -0.01     N/A        -0.11     N/A        27.09    N/A           12.70    20.87    7.034    7.736    203   0    0     0     40.89  62.07  0.07        N/A          0.01         N/A          63.55  40.482   2.35     5.34        9.9         160      3.7      2.12          0.39    29.56     0.44    0.41    0.68    0.70    0.80     55.90   5.46    75.46   49.78   0.61    872.70     35.86    80.20    0.20      1.90          4.95          2.99           86.07        
88   R0981-D3TS102_3     102s    46.43    100.00  86    N/A       N/A        -0.11     -1.66      25.37    N/A           16.17    20.05    5.73     6.553    203   3    0     0     37.44  66.50  N/A         N/A          -0.38        -2.05        67.98  43.473   2.48     6.24        11.8        164      3.2      2.18          0.41    33.99     0.46    0.45    0.79    0.64    0.82     44.90   5.86    75.71   52.53   0.64    1009.20    21.91    64.17    0.24      7.27          0.00          5.47           76.62        
89   R0981-D3TS208_1     208     46.30    100.00  89    -0.03     N/A        -0.13     N/A        25.25    N/A           11.67    19.20    5.92     6.89     203   0    0     0     37.44  69.46  -0.31       N/A          -0.38        N/A          71.43  43.569   2.49     6.87        11.9        173      3.4      2.41          0.39    26.85     0.45    0.41    0.74    0.67    0.81     47.00   6.23    75.42   50.67   0.63    1020.60    29.61    80.71    0.20      1.90          7.69          4.48           75.62        
90   R0981-D3TS288_3     288     45.94    100.00  90    N/A       N/A        -0.19     N/A        26.48    N/A           11.18    19.27    7.085    7.743    203   0    0     0     44.83  66.01  N/A         N/A          0.45         N/A          67.00  42.37    2.50     5.75        11          158      3.3      2.22          0.39    27.59     0.43    0.40    0.69    0.72    0.80     53.00   4.58    75.13   49.90   0.61    948.70     38.45    74.92    0.19      0.95          9.89          4.98           84.08        
91   R0981-D3TS208_2     208     45.94    100.00  90    N/A       N/A        -0.19     N/A        26.48    N/A           14.18    21.56    7.331    8.164    203   0    0     0     39.90  65.02  N/A         N/A          -0.10        N/A          68.47  43.022   2.40     6.45        11.8        172      3.5      2.46          0.40    31.53     0.45    0.42    0.68    0.77    0.78     58.10   5.99    73.88   51.41   0.62    1012.00    38.05    79.30    0.20      1.90          7.14          7.96           68.16        
92   R0981-D3TS086_4     086     45.94    100.00  90    N/A       N/A        -0.19     N/A        29.55    N/A           15.04    22.44    9.674    10.352   203   2    0     0     43.84  57.14  N/A         N/A          0.34         N/A          58.13  40.155   2.29     5.20        9.9         144      3.4      1.30          0.41    31.77     0.46    0.44    0.55    0.89    0.72     70.90   5.60    77.62   52.14   0.58    870.70     39.57    N/A      0.24      1.58          0.00          1.00           94.03        
93   R0981-D3TS328_1     328     45.44    100.00  93    -0.16     N/A        -0.28     N/A        26.23    N/A           11.10    18.61    6.344    7.002    203   0    0     0     38.92  64.53  -0.15       N/A          -0.22        N/A          64.53  42.462   2.44     5.89        11.3        166      3.3      3.46          0.40    31.28     0.44    0.43    0.76    0.63    0.80     51.40   5.60    78.44   51.70   0.61    970.70     22.67    N/A      0.19      16.13         12.64         19.40          60.70        
94   R0981-D3TS086_3     086     45.32    100.00  94    N/A       N/A        -0.30     N/A        28.08    N/A           15.15    21.20    9.058    9.769    203   2    0     0     40.39  55.67  N/A         N/A          -0.05        N/A          59.11  40.057   2.40     5.20        9.8         147      3.4      1.54          0.40    31.03     0.47    0.44    0.57    0.81    0.75     72.30   5.46    77.92   52.22   0.58    866.70     55.85    N/A      0.25      2.85          0.00          1.00           92.54        
95   R0981-D3TS328_3     328     45.32    100.00  94    N/A       N/A        -0.30     N/A        25.98    N/A           11.60    19.31    6.382    7.154    203   0    0     0     38.42  63.55  N/A         N/A          -0.27        N/A          64.53  41.247   2.46     6.10        10.6        165      3.5      3.51          0.39    26.60     0.42    0.41    0.74    0.70    0.80     44.70   5.86    77.60   49.34   0.61    921.30     26.17    N/A      0.17      20.87         10.99         16.42          61.19        
96   R0981-D3TS492_2     492     45.32    100.00  94    N/A       N/A        -0.30     N/A        25.37    N/A           12.55    20.03    6.387    7.029    203   0    0     0     40.39  64.53  N/A         N/A          -0.05        N/A          66.01  40.401   2.51     5.34        11.3        170      3.7      2.77          0.41    34.98     0.46    0.44    0.74    0.66    0.81     61.70   5.86    74.60   52.53   0.62    970.40     24.28    72.95    0.24      10.12         7.14          3.98           88.06        
97   R0981-D3TS068_2     068     45.20    100.00  97    N/A       N/A        -0.32     N/A        25.00    N/A           12.04    20.22    6.11     6.795    203   1    0     0     38.92  70.44  N/A         N/A          -0.22        N/A          71.43  44.148   2.41     6.87        12.2        167      3.4      1.41          0.43    38.92     0.48    0.46    0.79    0.58    0.81     59.40   5.73    79.20   55.58   0.63    1039.00    13.05    74.12    0.23      1.58          0.00          3.48           91.54        
98   R0981-D3TS457_2     457     44.95    100.00  98    N/A       N/A        -0.36     N/A        25.25    N/A           11.03    16.20    6.164    6.984    203   7    0     0     33.99  61.08  N/A         N/A          -0.77        N/A          62.07  40.199   2.59     5.68        9.3         159      3.4      2.17          0.39    32.02     0.44    0.42    0.76    0.65    0.82     47.50   4.89    73.10   48.56   0.60    828.60     26.65    79.58    0.21      8.54          0.00          2.49           82.09        
99   R0981-D3TS492_3     492     44.58    100.00  99    N/A       N/A        -0.43     N/A        25.49    N/A           9.72     19.60    6.98     7.724    203   0    0     0     38.92  59.61  N/A         N/A          -0.22        N/A          61.08  40.384   2.30     5.27        10.8        162      3.8      2.33          0.38    28.32     0.43    0.40    0.73    0.71    0.80     59.00   5.46    76.09   49.96   0.60    937.60     28.06    62.98    0.18      2.85          5.49          5.97           82.59        
100  R0981-D3TS492_1     492     44.46    100.00  100   -0.30     N/A        -0.45     N/A        24.26    N/A           10.39    18.15    7.043    7.557    203   0    0     0     35.96  62.07  -0.47       N/A          -0.55        N/A          63.55  40.833   2.49     5.89        10.5        160      3.7      1.95          0.40    31.77     0.43    0.42    0.72    0.66    0.80     59.70   5.33    75.52   49.59   0.60    916.70     30.01    71.40    0.18      0.63          6.04          2.49           85.57        
101  R0981-D3TS288_2     288     44.46    100.00  100   N/A       N/A        -0.45     N/A        24.75    N/A           10.73    18.82    6.529    7.317    203   0    0     0     39.41  62.07  N/A         N/A          -0.16        N/A          62.56  40.05    2.32     5.54        10.4        161      3.7      1.83          0.39    30.05     0.44    0.41    0.75    0.66    0.81     57.80   4.74    74.79   51.25   0.60    906.50     30.52    76.82    0.20      1.27          2.75          3.48           85.57        
102  R0981-D3TS112_1     112     43.97    100.00  102   -0.38     N/A        -0.53     N/A        27.96    N/A           12.83    18.53    7.482    8.245    203   3    0     0     31.53  52.71  -0.95       N/A          -1.05        N/A          55.67  37.505   2.47     4.57        7.7         144      3.6      1.80          0.37    25.37     0.43    0.36    0.67    0.82    0.79     62.00   4.07    67.17   44.59   0.56    724.40     44.18    79.83    0.20      0.32          3.85          6.97           79.60        
103  R0981-D3TS068_4     068     43.72    100.00  103   N/A       N/A        -0.57     N/A        25.98    N/A           13.13    20.36    7.999    8.772    203   1    0     0     38.92  59.11  N/A         N/A          -0.22        N/A          60.59  41.265   2.34     5.27        9.3         149      3.3      1.55          0.40    27.34     0.46    0.42    0.65    0.84    0.75     69.10   5.46    74.91   51.47   0.57    823.80     27.50    74.64    0.20      1.58          0.00          2.99           85.57        
104  R0981-D3TS288_5     288     43.60    100.00  104   N/A       N/A        -0.59     N/A        24.26    N/A           9.91     18.04    6.705    7.554    203   0    0     0     35.47  60.59  N/A         N/A          -0.61        N/A          62.56  40.154   2.42     5.47        10.7        161      3.6      1.97          0.38    25.37     0.42    0.39    0.70    0.74    0.79     58.30   5.99    74.43   48.43   0.59    926.20     29.49    65.46    0.17      0.32          7.14          3.98           82.59        
105  R0981-D3TS208_4     208     43.23    100.00  105   N/A       N/A        -0.66     N/A        25.86    N/A           11.41    19.86    8.157    8.912    203   0    0     0     38.92  61.08  N/A         N/A          -0.22        N/A          64.04  41.725   2.32     5.96        10.2        158      3.7      1.73          0.37    26.36     0.43    0.37    0.63    0.84    0.75     51.20   5.86    75.59   48.84   0.57    893.00     49.33    76.73    0.19      0.00          3.30          9.45           70.65        
106  R0981-D3TS270_1     270     43.23    100.00  105   -0.49     N/A        -0.66     N/A        22.78    N/A           12.66    17.55    6.32     7.05     203   2    0     0     33.00  61.58  -0.79       N/A          -0.89        N/A          62.56  39.215   2.54     5.41        9           163      3.7      2.20          0.37    31.77     0.45    0.42    0.77    0.65    0.81     48.30   4.74    72.56   49.49   0.60    806.70     23.68    N/A      0.19      1.58          4.95          6.97           77.11        
107  R0981-D3TS068_5     068     42.98    100.00  107   N/A       N/A        -0.70     N/A        25.25    N/A           12.37    19.04    9.395    10.068   203   0    0     0     41.38  60.10  N/A         N/A          0.06         N/A          61.08  40.563   2.41     5.75        10.8        148      3.2      1.90          0.41    32.27     0.47    0.44    0.64    0.80    0.74     63.70   5.04    76.91   53.85   0.59    935.70     48.86    75.18    0.23      5.06          0.00          1.00           86.57        
108  R0981-D3TS112_5     112     42.73    100.00  108   N/A       N/A        -0.74     N/A        25.61    N/A           13.09    17.49    7.23     7.999    203   3    0     0     33.99  56.16  N/A         N/A          -0.77        N/A          59.11  38.176   2.40     4.71        7.7         144      4.1      2.32          0.37    27.34     0.44    0.37    0.70    0.80    0.80     57.20   4.07    69.97   45.52   0.56    709.90     39.35    81.21    0.20      1.26          8.79          6.97           78.61        
109  R0981-D3TS492_5     492     42.37    100.00  109   N/A       N/A        -0.80     N/A        25.00    N/A           13.17    19.07    8.861    9.708    203   0    0     0     37.44  58.62  N/A         N/A          -0.38        N/A          59.61  40.357   2.28     5.20        10.4        152      3.6      2.28          0.38    29.06     0.44    0.39    0.64    0.90    0.73     53.50   4.42    69.90   49.25   0.56    907.90     39.86    59.10    0.19      1.58          7.69          3.98           82.59        
110  R0981-D3TS208_5     208     42.24    100.00  110   N/A       N/A        -0.82     N/A        23.89    N/A           11.42    18.02    7.607    8.152    203   0    0     0     37.93  60.59  N/A         N/A          -0.33        N/A          62.07  39.946   2.42     5.61        9.4         149      3.3      2.09          0.37    26.60     0.43    0.38    0.69    0.77    0.77     45.30   4.42    75.69   48.43   0.57    840.80     29.42    70.50    0.18      1.27          3.30          10.95          69.65        
111  R0981-D3TS112_4     112     42.24    100.00  110   N/A       N/A        -0.82     N/A        24.75    N/A           11.24    16.57    7.3      8.089    203   3    0     0     29.56  51.23  N/A         N/A          -1.28        N/A          53.69  36.661   2.51     4.78        7.3         143      4.1      1.93          0.36    25.37     0.42    0.36    0.68    0.82    0.80     62.30   5.60    67.38   44.72   0.55    669.00     40.46    79.82    0.18      0.32          5.49          7.46           79.10        
112  R0981-D3TS492_4     492     42.24    100.00  110   N/A       N/A        -0.82     N/A        23.77    N/A           9.76     18.44    7.741    8.579    203   0    0     0     33.99  57.64  N/A         N/A          -0.77        N/A          59.11  38.569   2.35     5.68        10.6        161      3.9      2.02          0.38    30.05     0.43    0.40    0.69    0.78    0.77     69.00   5.19    71.15   50.15   0.58    923.70     37.05    62.34    0.19      0.63          7.14          5.47           84.58        
113  R0981-D3TS068_3     068     41.75    100.00  113   N/A       N/A        -0.91     N/A        24.63    N/A           11.03    20.03    9.797    10.337   203   0    0     0     37.93  55.17  N/A         N/A          -0.33        N/A          58.13  40.35    2.25     4.99        9.9         152      3.5      1.65          0.38    27.59     0.45    0.40    0.58    0.99    0.69     51.90   4.74    71.30   50.25   0.56    851.50     38.86    72.60    0.20      2.21          0.55          2.99           85.07        
114  R0981-D3TS112_3     112     41.26    100.00  114   N/A       N/A        -0.99     N/A        24.14    N/A           12.76    17.20    7.411    8.159    203   3    0     0     29.56  46.80  N/A         N/A          -1.28        N/A          50.74  35.583   2.22     4.15        7.1         147      4.5      1.83          0.36    25.37     0.43    0.36    0.70    0.79    0.80     57.50   4.07    67.21   44.37   0.55    678.20     41.07    79.89    0.19      0.95          2.75          5.97           81.59        
115  R0981-D3TS457_1     457     40.52    100.00  115   -0.89     N/A        -1.12     N/A        20.93    N/A           10.90    13.88    6.931    7.612    203   7    0     0     28.57  57.14  -1.27       N/A          -1.39        N/A          59.11  36.311   2.55     4.78        8.2         155      4        2.19          0.39    32.02     0.44    0.42    0.73    0.72    0.79     49.80   4.25    73.81   48.47   0.56    727.60     31.01    75.26    0.21      8.85          0.00          4.48           81.09        
116  R0981-D3TS457_3     457     40.52    100.00  115   N/A       N/A        -1.12     N/A        21.43    N/A           10.51    14.38    7.019    7.888    203   7    0     0     33.00  56.16  N/A         N/A          -0.89        N/A          57.64  35.874   2.58     4.99        8.4         158      3.8      2.14          0.37    27.34     0.43    0.40    0.72    0.71    0.80     44.90   5.60    70.84   47.40   0.57    766.70     33.72    73.61    0.20      7.59          0.55          1.99           80.60        
117  R0981-D3TS329_3     329     38.79    100.00  117   N/A       N/A        -1.41     N/A        24.02    N/A           12.29    19.09    7.989    8.906    203   0    0     0     28.08  63.55  N/A         N/A          -1.44        N/A          65.52  43.537   2.22     5.61        10.8        152      3.5      3.14          0.30    19.95     0.40    0.31    0.59    0.93    0.77     55.70   5.60    67.48   47.50   0.52    926.40     39.41    N/A      0.11      107.84        0.00          3.98           86.07        
118  R0981-D3TS329_1     329     38.67    100.00  118   -1.16     N/A        -1.43     N/A        23.77    N/A           11.90    18.26    7.985    8.8      203   0    0     0     28.57  62.56  -1.27       N/A          -1.39        N/A          64.53  43.468   2.22     5.89        10.8        153      3.3      3.07          0.31    19.21     0.41    0.31    0.59    1.00    0.77     58.50   5.33    66.91   47.40   0.52    943.80     38.52    N/A      0.14      99.34         0.55          4.98           87.56        
119  R0981-D3TS329_4     329     38.67    100.00  118   N/A       N/A        -1.43     N/A        23.77    N/A           11.77    18.21    8.082    8.988    203   0    0     0     28.08  61.08  N/A         N/A          -1.44        N/A          64.53  42.845   2.26     5.61        10.5        152      3.2      3.13          0.31    19.95     0.41    0.30    0.59    0.97    0.77     56.10   5.33    67.06   47.24   0.52    897.30     41.06    N/A      0.12      114.17        0.55          3.98           87.56        
120  R0981-D3TS457_4     457     38.67    100.00  118   N/A       N/A        -1.43     N/A        18.96    N/A           10.26    13.04    6.758    7.587    203   7    0     0     27.09  52.71  N/A         N/A          -1.56        N/A          53.69  34.845   2.66     4.15        7.1         157      4.1      2.21          0.37    29.31     0.42    0.41    0.72    0.69    0.80     43.30   5.46    71.40   46.75   0.56    637.40     32.76    75.00    0.20      9.17          0.00          2.49           81.09        
121  R0981-D3TS270_5     270     37.69    100.00  121   N/A       N/A        -1.60     N/A        20.69    N/A           12.11    15.27    8.347    9.318    203   2    0     0     22.17  51.72  N/A         N/A          -2.11        N/A          56.16  36.91    2.51     4.99        8.4         153      3.6      1.90          0.35    24.38     0.45    0.36    0.62    0.94    0.76     56.80   5.19    62.22   46.88   0.53    769.90     38.38    N/A      0.18      2.21          1.65          4.48           80.10        
122  R0981-D3TS329_2     329     37.56    100.00  122   N/A       N/A        -1.62     N/A        22.78    N/A           11.33    17.20    8.027    8.871    203   0    0     0     27.59  62.07  N/A         N/A          -1.50        N/A          65.52  42.784   2.31     5.75        10.5        156      3.6      3.11          0.31    18.47     0.40    0.31    0.59    0.97    0.77     61.90   5.33    66.93   47.03   0.51    914.40     40.23    N/A      0.13      116.14        0.00          5.97           88.56        
123  R0981-D3TS281_2     281     35.22    100.00  123   N/A       N/A        -2.02     N/A        18.35    N/A           8.91     13.78    12.61    13.639   203   0    0     0     26.60  50.74  N/A         N/A          -1.61        N/A          50.74  34.943   2.40     3.94        6           130      3.8      2.63          0.28    13.30     0.38    0.24    0.48    1.54    0.63     62.40   5.33    56.53   35.80   0.49    579.40     67.98    49.17    0.11      34.79         2.20          1.49           95.02        
124  R0981-D3TS281_1     281     35.10    100.00  124   -1.69     N/A        -2.04     N/A        18.35    N/A           8.19     13.05    12.632   13.661   203   0    0     0     25.12  50.74  -1.65       N/A          -1.78        N/A          51.72  33.266   2.35     3.87        6.3         136      4.2      2.48          0.28    13.79     0.38    0.24    0.49    1.53    0.63     62.40   5.33    56.68   35.86   0.49    607.90     67.10    49.32    0.11      39.85         1.10          1.49           94.53        
125  R0981-D3TS195_1     195     33.13    100.00  125   -1.99     N/A        -2.38     N/A        19.21    N/A           8.84     14.89    10.818   11.35    203   3    0     0     26.11  41.87  -1.54       N/A          -1.67        N/A          43.84  31.115   2.32     3.18        4.6         119      5.3      1.64          0.29    20.20     0.41    0.29    0.52    1.08    0.74     44.60   4.07    64.35   40.69   0.45    482.10     75.43    N/A      0.12      0.63          2.75          5.97           88.06        
126  R0981-D3TS431_2     431     27.96    100.00  126   N/A       N/A        -3.26     N/A        15.89    N/A           7.19     10.41    12.339   13.044   203   2    0     0     23.65  37.44  N/A         N/A          -1.94        N/A          42.86  28.171   2.46     1.92        3.4         97       3.5      1.25          0.29    16.01     0.40    0.26    0.42    1.35    0.62     63.90   3.07    58.77   38.84   0.40    409.00     66.82    44.87    0.14      0.32          1.65          0.50           92.54        
127  R0981-D3TS431_3     431     26.48    100.00  127   N/A       N/A        -3.51     N/A        13.67    N/A           4.62     9.07     14.662   15.145   203   2    0     0     0.00   29.06  N/A         N/A          -4.62        N/A          36.95  24.385   2.42     1.99        3.2         115      4.4      1.76          0.27    12.56     0.39    0.23    0.30    1.43    0.58     54.40   4.42    54.31   37.16   0.38    356.50     91.74    44.90    0.14      1.26          4.40          1.00           93.53        
128  R0981-D3TS431_1     431     24.26    100.00  128   -3.30     N/A        -3.89     N/A        12.19    N/A           4.10     5.94     14.776   15.482   203   2    0     0     14.29  29.06  -2.83       N/A          -3.00        N/A          37.93  26.33    2.41     2.41        3.8         103      3.7      1.66          0.25    11.82     0.37    0.20    0.27    1.53    0.55     67.70   2.83    58.22   34.02   0.34    437.90     87.67    40.57    0.11      0.63          4.95          1.49           93.53        
129  R0981-D3TS431_4     431     22.78    100.00  129   N/A       N/A        -4.14     N/A        12.56    N/A           3.54     8.07     13.231   13.799   203   3    0     0     0.99   37.93  N/A         N/A          -4.51        N/A          43.35  27.328   2.64     2.48        4.7         115      4.6      1.46          0.27    12.07     0.40    0.24    0.27    1.43    0.61     61.50   3.29    60.33   40.62   0.34    487.00     95.70    38.85    0.12      0.32          3.30          1.49           93.03        

