#    Model               GR#     GDT_TS   NP_P    RANK  Z-M1-GDT  Z-M1s-GDT  Z-MA-GDT  Z-MAs-GDT  GDT_HA   Z-M1s-GDT-HA  GDC_SC   GDC_ALL  RMS_CA   RMS_ALL  NP    err  PC01  PC05  AL0_P  AL4_P  Z-M1-AL0_p  Z-M1s-AL0_p  Z-MA-AL0_p   Z-MAs-AL0_p  ALI_P  LGA_S    RMSD[L]  Z-score[M]  Z-Score[D]  Al.Res.  RMSD[D]  MolPrb_Score  LDDT    SphGr     CAD_AA  RPF     CODM    DFM     Handed.  SOV     CE      QCS     CONTS   TMscore  Dali(raw)  FlexE    QSE      CAD_SS    MolPrb_clash  MolPrb_rotout  MolPrb_ramout  MolPrb_ramfv 

-    starting_model      -       70.30    -       -     -         -          -         -          52.63    -             28.48    -        6.07     6.41     -     -    -     -     -      -      -           -            -            -            -      -        -        6.27        14.20       116      2.50     3.43          0.60    71.43     0.59    0.66    0.90    0.39    0.83     69.60   6.11    85.95   74.38   0.74     827.30     4.84     88.80    0.39      3.45          17.27         7.63           75.57        

1    R0996-D4TS312_1     312s    76.32    100.00  1     1.57      1.83       1.62      1.56       59.21    1.63          31.80    48.95    4.357    4.849    133   0    0     0     79.70  86.47  1.67        1.96         1.71         1.89         86.47  82.11    1.67     7.60        16.9        124      2.1      3.27          0.66    80.08     0.64    0.73    0.93    0.29    0.88     87.10   6.35    91.58   80.95   0.81    967.30     3.22     26.58    0.44      63.12         5.45          2.29           93.13        
2    R0996-D4TS312_2     312s    75.94    100.00  2     N/A       N/A        1.55      1.47       58.46    N/A           27.42    46.15    4.181    4.588    133   0    0     0     78.20  84.21  N/A         N/A          1.48         1.50         84.21  80.939   1.68     7.22        16.5        122      2.1      2.79          0.65    78.19     0.64    0.72    0.93    0.27    0.88     86.80   6.35    91.41   80.67   0.80    944.50     3.20     27.77    0.41      51.28         1.82          0.76           93.89        
3    R0996-D4TS312_3     312s    75.94    100.00  2     N/A       N/A        1.55      1.47       58.84    N/A           28.23    48.17    4.299    4.793    133   0    0     0     78.20  84.96  N/A         N/A          1.48         1.50         84.96  82.116   1.69     7.22        16.6        124      2.3      3.01          0.65    76.32     0.63    0.72    0.93    0.29    0.88     90.20   6.35    91.45   80.76   0.80    952.40     3.22     27.21    0.40      71.99         3.64          1.53           96.18        
4    R0996-D4TS312_4     312s    75.94    100.00  2     N/A       N/A        1.55      1.47       58.46    N/A           29.19    47.47    4.221    4.626    133   0    0     0     78.20  84.21  N/A         N/A          1.48         1.50         84.21  81.684   1.70     7.22        16.4        122      2.1      3.32          0.65    78.57     0.64    0.72    0.93    0.29    0.88     86.80   6.35    91.22   80.19   0.80    939.60     3.37     27.50    0.42      42.41         6.36          2.29           87.79        
5    R0996-D4TS312_5     312s    75.75    100.00  5     N/A       N/A        1.52      1.42       58.27    N/A           30.02    46.80    4.246    4.674    133   0    0     0     75.94  84.21  N/A         N/A          1.13         0.90         84.21  80.867   1.71     7.03        16.3        123      2.2      3.20          0.65    77.44     0.64    0.71    0.93    0.28    0.88     83.70   6.35    91.28   80.76   0.79    937.40     3.26     28.03    0.42      44.87         4.55          3.05           89.31        
6    R0996-D4TS356_1     356     74.81    100.00  6     1.32      N/A        1.36      N/A        58.65    N/A           35.41    52.02    5.789    6.103    133   1    0     0     75.94  78.95  1.12        N/A          1.13         N/A          79.70  78.205   1.25     6.37        16.1        120      3.1      0.76          0.67    76.69     0.66    0.71    0.90    0.33    0.85     72.60   6.11    85.19   77.87   0.77    940.50     4.53     88.99    0.47      0.00          0.91          0.76           96.18        
7    R0996-D4TS356_5     356     73.87    100.00  7     N/A       N/A        1.19      N/A        57.90    N/A           34.26    48.68    6.072    6.417    133   1    0     0     73.68  78.95  N/A         N/A          0.79         N/A          80.45  77.582   1.47     6.37        15.7        118      3.4      0.50          0.66    72.18     0.66    0.71    0.90    0.35    0.84     80.20   6.11    84.36   77.22   0.76    903.70     4.69     88.49    0.46      0.00          0.00          0.00           98.47        
8    R0996-D4TS356_3     356     73.68    100.00  8     N/A       N/A        1.16      N/A        59.77    N/A           33.47    51.46    5.662    5.985    133   1    0     0     75.94  78.95  N/A         N/A          1.13         N/A          79.70  77.503   1.40     6.56        15.3        114      2.7      0.68          0.65    71.05     0.65    0.69    0.89    0.35    0.86     67.60   5.99    83.00   74.94   0.77    885.30     6.76     87.16    0.45      0.00          0.00          0.76           96.95        
9    R0996-D4TS156_2     156s    73.50    100.00  9     N/A       N/A        1.12      0.87       55.26    N/A           31.87    44.62    4.106    4.771    133   0    0     0     71.43  83.46  N/A         N/A          0.44         -0.28        84.21  77.287   1.71     7.03        15.9        123      2.7      1.27          0.65    76.32     0.65    0.71    0.93    0.27    0.89     78.30   6.11    87.73   80.39   0.77    912.90     3.47     89.11    0.44      0.99          0.00          1.53           92.37        
10   R0996-D4TS425_4     425     72.56    100.00  10    N/A       N/A        0.96      N/A        55.83    N/A           33.59    49.36    5.568    5.877    133   0    0     0     75.19  81.20  N/A         N/A          1.02         N/A          81.95  78.37    1.55     7.03        14.9        114      2.1      1.40          0.65    75.94     0.62    0.70    0.85    0.40    0.85     75.90   6.11    85.65   76.53   0.77    882.30     3.95     N/A      0.42      2.47          0.00          0.00           94.66        
11   R0996-D4TS328_4     328     72.56    100.00  10    N/A       N/A        0.96      N/A        56.02    N/A           29.90    45.37    5.08     5.64     133   0    0     0     72.93  82.71  N/A         N/A          0.67         N/A          83.46  79.465   1.66     7.12        15.7        124      2.9      1.63          0.63    76.32     0.61    0.68    0.92    0.28    0.87     70.90   6.11    85.52   77.02   0.78    907.00     4.66     N/A      0.37      0.99          1.82          3.05           86.26        
12   R0996-D4TS328_1     328     72.37    100.00  12    0.92      N/A        0.92      N/A        55.45    N/A           28.78    45.70    5.089    5.668    133   0    0     0     72.93  83.46  0.67        N/A          0.67         N/A          84.21  79.238   1.70     7.03        15.6        124      2.9      2.23          0.62    74.81     0.59    0.67    0.91    0.30    0.86     73.80   6.11    85.46   75.76   0.78    901.80     4.95     N/A      0.37      2.47          3.64          4.58           77.10        
13   R0996-D4TS328_3     328     72.37    100.00  12    N/A       N/A        0.92      N/A        55.26    N/A           28.50    45.12    5.095    5.658    133   0    0     0     72.93  82.71  N/A         N/A          0.67         N/A          83.46  79.495   1.66     7.12        15.7        124      2.9      1.93          0.62    77.07     0.60    0.68    0.92    0.29    0.86     72.50   6.11    85.46   76.69   0.78    905.10     4.82     N/A      0.37      2.47          1.82          4.58           82.44        
14   R0996-D4TS328_5     328     72.18    100.00  14    N/A       N/A        0.89      N/A        55.45    N/A           30.43    45.55    5.088    5.64     133   0    0     0     72.93  83.46  N/A         N/A          0.67         N/A          84.21  79.33    1.67     7.03        15.6        124      2.9      1.40          0.62    76.32     0.60    0.68    0.91    0.30    0.86     83.60   6.11    85.43   75.72   0.78    899.70     4.92     N/A      0.37      0.00          1.82          6.87           82.44        
15   R0996-D4TS156_4     156s    71.99    100.00  15    N/A       N/A        0.86      0.49       53.76    N/A           29.95    46.06    4.557    5.158    133   0    0     0     72.18  81.20  N/A         N/A          0.56         -0.08        81.95  77.582   1.69     6.84        15.7        123      2.8      1.02          0.64    76.32     0.64    0.70    0.93    0.27    0.87     79.60   6.23    87.72   78.85   0.77    904.10     3.69     88.46    0.43      0.00          0.00          0.76           90.84        
16   R0996-D4TS328_2     328     71.99    100.00  15    N/A       N/A        0.86      N/A        54.14    N/A           30.28    45.40    5.107    5.682    133   1    0     0     75.94  83.46  N/A         N/A          1.13         N/A          84.21  78.862   1.75     6.84        15.6        124      2.9      1.84          0.62    74.44     0.59    0.68    0.91    0.31    0.86     68.90   6.11    85.55   76.43   0.78    901.10     4.74     N/A      0.37      0.99          2.73          4.58           81.68        
17   R0996-D4TS217_1     217     71.81    100.00  17    0.83      N/A        0.83      N/A        53.95    N/A           25.92    43.63    5.561    6.103    133   0    0     0     71.43  79.70  0.45        N/A          0.44         N/A          80.45  77.148   1.59     6.56        15.5        122      2.9      3.75          0.50    73.31     0.60    0.70    0.88    0.34    0.84     66.80   6.11    84.32   77.74   0.75    895.10     5.01     86.77    0.38      135.80        3.64          4.58           80.15        
18   R0996-D4TS356_2     356     71.62    100.00  18    N/A       N/A        0.79      N/A        56.95    N/A           34.73    49.52    6.031    6.222    133   1    0     0     72.93  77.44  N/A         N/A          0.67         N/A          78.20  75.864   1.55     6.56        15.2        117      2.8      0.76          0.66    76.69     0.66    0.70    0.90    0.34    0.84     70.90   6.23    86.57   76.98   0.76    895.60     4.78     86.70    0.48      0.00          0.91          0.76           96.18        
19   R0996-D4TS156_3     156s    71.43    100.00  19    N/A       N/A        0.76      0.36       52.82    N/A           28.84    43.01    4.281    4.916    133   0    0     0     74.44  83.46  N/A         N/A          0.90         0.51         84.21  75.105   1.80     6.93        15.6        124      2.8      1.24          0.64    77.07     0.64    0.69    0.93    0.30    0.87     67.50   6.11    87.31   79.79   0.76    897.30     3.56     87.48    0.42      0.99          0.00          1.53           93.13        
20   R0996-D4TS217_4     217     71.43    100.00  19    N/A       N/A        0.76      N/A        53.95    N/A           27.39    43.31    5.57     6.059    133   0    0     0     71.43  78.95  N/A         N/A          0.44         N/A          80.45  75.937   1.68     6.65        15          120      2.9      3.76          0.49    70.68     0.59    0.68    0.88    0.37    0.84     75.10   5.99    82.14   75.05   0.75    870.80     5.90     85.94    0.35      142.15        3.64          6.11           80.92        
21   R0996-D4TS356_4     356     71.43    100.00  19    N/A       N/A        0.76      N/A        53.57    N/A           31.02    46.60    5.769    6.162    133   1    0     0     75.19  80.45  N/A         N/A          1.02         N/A          81.95  76.748   1.59     6.93        15.6        119      3.2      0.50          0.63    71.43     0.64    0.69    0.90    0.34    0.85     76.20   6.11    83.92   76.90   0.76    898.80     4.99     89.02    0.39      0.00          0.00          0.00           99.24        
22   R0996-D4TS431_5     431     70.86    100.00  22    N/A       N/A        0.66      N/A        53.38    N/A           28.53    45.65    6.133    6.413    133   1    0     0     72.93  77.44  N/A         N/A          0.67         N/A          78.20  74.352   1.69     6.46        14.4        118      2.9      2.00          0.62    75.56     0.65    0.68    0.89    0.34    0.84     70.30   6.11    85.99   76.41   0.75    839.20     4.86     79.09    0.44      0.49          10.91         0.76           90.08        
23   R0996-D4TS156_5     156s    70.49    100.00  23    N/A       N/A        0.59      0.12       53.76    N/A           28.94    43.78    4.855    5.43     133   0    0     0     72.18  81.95  N/A         N/A          0.56         -0.08        82.71  76.742   1.77     6.74        15.4        121      2.7      1.49          0.64    74.81     0.63    0.69    0.91    0.34    0.86     80.30   6.23    87.24   78.37   0.75    891.40     3.65     87.80    0.41      1.97          0.00          0.00           90.84        
24   R0996-D4TS270_5     270     70.49    100.00  23    N/A       N/A        0.59      N/A        53.57    N/A           29.90    43.75    5.611    5.958    133   1    0     0     67.67  75.94  N/A         N/A          -0.13        N/A          76.69  74.812   1.62     6.18        14.6        120      3.2      1.92          0.62    73.31     0.64    0.68    0.88    0.34    0.84     83.40   6.11    85.69   74.86   0.74    847.70     4.29     N/A      0.43      0.99          5.45          3.05           89.31        
25   R0996-D4TS174_1     174     70.30    100.00  25    0.58      N/A        0.56      N/A        53.20    N/A           28.10    43.33    6.037    6.258    133   0    0     0     71.43  78.20  0.45        N/A          0.44         N/A          78.95  75.483   1.76     6.46        14.2        116      2.5      2.29          0.61    73.68     0.59    0.67    0.90    0.38    0.83     79.10   6.11    85.99   74.65   0.74    828.70     4.60     N/A      0.36      0.00          17.27         14.50          68.70        
26   R0996-D4TS208_5     208     69.92    100.00  26    N/A       N/A        0.49      N/A        50.75    N/A           28.46    42.63    6.081    6.393    133   0    0     0     69.17  76.69  N/A         N/A          0.10         N/A          77.44  74.343   1.67     6.37        13.9        117      2.8      1.44          0.61    71.81     0.61    0.66    0.90    0.38    0.83     59.00   6.11    85.41   74.27   0.74    813.00     5.01     79.01    0.40      0.00          1.82          7.63           79.39        
27   R0996-D4TS174_2     174     69.92    100.00  26    N/A       N/A        0.49      N/A        52.26    N/A           30.31    44.01    5.65     5.971    133   0    0     0     70.68  77.44  N/A         N/A          0.33         N/A          78.20  74.406   1.69     6.46        14.7        115      2.5      2.25          0.55    74.81     0.62    0.69    0.90    0.34    0.84     76.20   6.11    86.76   76.98   0.74    852.20     4.42     N/A      0.40      38.97         0.00          0.00           96.95        
28   R0996-D4TS208_1     208     69.74    100.00  28    0.49      N/A        0.46      N/A        52.63    N/A           28.59    43.85    6.035    6.38     133   0    0     0     70.68  77.44  0.33        N/A          0.33         N/A          78.20  74.944   1.65     6.37        14          115      2.7      1.54          0.60    68.80     0.60    0.66    0.89    0.40    0.83     69.50   6.11    84.88   73.21   0.74    818.00     5.54     79.20    0.35      0.00          2.73          0.76           81.68        
29   R0996-D4TS358_5     358     69.74    100.00  28    N/A       N/A        0.46      N/A        52.44    N/A           26.50    41.89    5.947    6.394    133   0    0     0     72.18  78.95  N/A         N/A          0.56         N/A          79.70  75.318   1.79     6.74        13.9        116      2.5      2.70          0.57    69.92     0.58    0.65    0.89    0.40    0.83     73.30   6.11    85.85   73.70   0.74    815.00     4.75     79.75    0.34      44.89         0.00          2.29           89.31        
30   R0996-D4TS270_3     270     69.74    100.00  28    N/A       N/A        0.46      N/A        52.44    N/A           31.45    44.45    6.098    6.439    133   1    0     0     70.68  76.69  N/A         N/A          0.33         N/A          77.44  74.575   1.72     6.37        13.9        116      2.6      2.02          0.60    69.92     0.60    0.66    0.90    0.39    0.83     71.00   6.11    85.46   73.63   0.74    812.60     5.18     N/A      0.37      0.99          4.55          5.34           80.92        
31   R0996-D4TS174_3     174     69.74    100.00  28    N/A       N/A        0.46      N/A        53.01    N/A           28.64    43.38    6.072    6.363    133   0    0     0     69.17  75.19  N/A         N/A          0.10         N/A          76.69  74.65    1.72     6.27        14.4        116      2.7      2.54          0.55    72.56     0.61    0.68    0.89    0.36    0.83     76.80   6.11    86.58   75.76   0.74    840.90     4.84     N/A      0.36      56.73         0.91          0.76           95.42        
32   R0996-D4TS217_3     217     69.74    100.00  28    N/A       N/A        0.46      N/A        51.88    N/A           27.88    43.42    5.602    6.162    133   0    0     0     69.17  78.95  N/A         N/A          0.10         N/A          79.70  75.061   1.73     6.18        15.2        121      2.9      3.77          0.51    71.05     0.60    0.69    0.88    0.37    0.84     70.60   6.11    86.36   75.15   0.75    879.80     5.20     86.08    0.38      139.62        4.55          8.40           84.73        
33   R0996-D4TS174_4     174     69.55    100.00  33    N/A       N/A        0.43      N/A        51.51    N/A           30.28    44.19    5.964    6.326    133   0    0     0     70.68  79.70  N/A         N/A          0.33         N/A          80.45  75.538   1.68     6.46        14.7        122      3.1      1.48          0.63    75.94     0.64    0.69    0.88    0.38    0.83     82.20   6.11    86.39   77.73   0.75    854.30     4.21     N/A      0.43      8.88          0.00          0.00           99.24        
34   R0996-D4TS270_1     270     69.55    100.00  33    0.46      N/A        0.43      N/A        50.75    N/A           31.37    42.30    5.631    5.976    133   1    0     0     69.17  79.70  0.11        N/A          0.10         N/A          80.45  75.162   1.86     6.46        14.4        121      3.6      1.59          0.62    72.56     0.64    0.68    0.88    0.34    0.84     79.60   6.23    85.35   74.38   0.73    837.00     4.21     N/A      0.42      0.49          2.73          0.76           88.55        
35   R0996-D4TS433_1     433     69.55    100.00  33    0.46      N/A        0.43      N/A        51.51    N/A           0.00     28.06    6.105    6.094    133   1    0     0     71.43  77.44  0.45        N/A          0.44         N/A          78.20  75.052   1.75     6.27        13.7        116      2.8      6.00          0.20    56.20     0.45    0.16    0.90    0.40    0.83     69.60   6.11    85.34   72.91   0.74    802.00     4.90     N/A      0.00      0.00          N/A           6.87           79.39        
36   R0996-D4TS174_5     174     69.55    100.00  33    N/A       N/A        0.43      N/A        51.32    N/A           29.39    44.29    5.782    6.175    133   0    0     0     73.68  79.70  N/A         N/A          0.79         N/A          80.45  75.679   1.60     6.84        14.9        122      2.9      1.29          0.64    76.32     0.63    0.69    0.88    0.39    0.84     74.20   6.11    86.41   77.66   0.75    865.80     4.20     N/A      0.43      5.42          0.00          0.00           99.24        
37   R0996-D4TS344_3     344     69.55    100.00  33    N/A       N/A        0.43      N/A        51.13    N/A           24.40    41.86    5.86     6.366    133   1    0     0     68.42  78.95  N/A         N/A          -0.02        N/A          79.70  65.547   1.76     6.37        13.8        117      2.8      2.03          0.58    64.29     0.60    0.64    0.86    0.40    0.83     76.70   6.11    85.78   72.15   0.73    807.50     6.37     83.12    0.38      0.00          9.09          5.34           74.05        
38   R0996-D4TS190_5     190     69.36    100.00  38    N/A       N/A        0.39      N/A        50.94    N/A           28.28    43.45    6.101    6.418    133   0    0     0     69.92  78.20  N/A         N/A          0.21         N/A          78.95  74.726   1.73     6.56        13.7        115      2.6      3.06          0.60    71.05     0.61    0.66    0.90    0.39    0.83     74.60   6.11    85.92   73.67   0.74    803.30     4.87     53.87    0.36      18.75         11.82         3.82           92.37        
39   R0996-D4TS156_1     156s    69.36    100.00  38    0.43      0.08       0.39      -0.16      51.13    0.04          27.82    41.54    5.248    5.717    133   0    0     0     69.92  78.20  0.22        -0.32        0.21         -0.68        78.95  73.232   1.66     6.27        14.2        120      3        1.14          0.61    70.68     0.62    0.66    0.89    0.34    0.85     76.60   6.11    86.84   77.21   0.74    827.20     4.70     86.78    0.37      0.49          0.00          0.76           92.37        
40   R0996-D4TS217_2     217     69.36    100.00  38    N/A       N/A        0.39      N/A        50.94    N/A           26.81    43.07    5.466    5.979    133   0    0     0     69.17  80.45  N/A         N/A          0.10         N/A          80.45  75.419   1.68     6.65        14.9        121      2.8      3.79          0.49    73.68     0.59    0.68    0.88    0.36    0.84     79.40   6.11    85.32   76.13   0.74    866.40     5.36     88.00    0.33      142.29        4.55          4.58           83.97        
41   R0996-D4TS086_3     086     69.17    100.00  41    N/A       N/A        0.36      N/A        51.13    N/A           28.43    43.38    5.469    5.953    133   0    0     0     67.67  81.20  N/A         N/A          -0.13        N/A          81.20  67.527   1.78     6.65        14.9        119      2.7      1.07          0.64    71.05     0.62    0.69    0.84    0.52    0.84     90.00   5.99    85.58   76.40   0.75    864.20     3.96     86.78    0.42      1.48          0.00          0.76           96.95        
42   R0996-D4TS217_5     217     68.98    100.00  42    N/A       N/A        0.33      N/A        51.13    N/A           26.69    42.04    5.551    6.103    133   0    0     0     67.67  79.70  N/A         N/A          -0.13        N/A          80.45  74.116   1.80     6.37        14.9        119      2.7      3.67          0.50    71.81     0.59    0.69    0.88    0.37    0.84     74.10   6.11    85.58   76.28   0.74    864.60     4.95     85.43    0.35      164.36        2.73          6.11           84.73        
43   R0996-D4TS433_4     433     68.98    100.00  42    N/A       N/A        0.33      N/A        50.56    N/A           0.00     25.76    5.808    5.817    133   0    0     0     68.42  79.70  N/A         N/A          -0.02        N/A          79.70  75.256   1.68     6.84        13.8        115      2.5      6.00          0.20    55.67     0.46    0.16    0.89    0.43    0.82     63.60   5.99    87.61   74.40   0.73    807.20     5.01     N/A      0.00      13.14         N/A           5.34           84.73        
44   R0996-D4TS433_2     433     68.80    100.00  44    N/A       N/A        0.29      N/A        50.19    N/A           0.00     26.19    5.798    5.805    133   0    0     0     67.67  79.70  N/A         N/A          -0.13        N/A          79.70  74.993   1.68     6.74        13.7        115      2.5      6.00          0.20    55.67     0.46    0.16    0.89    0.44    0.82     63.60   5.99    87.51   74.11   0.73    800.70     5.04     N/A      0.00      10.22         N/A           5.34           84.73        
45   R0996-D4TS068_5     068     68.61    100.00  45    N/A       N/A        0.26      N/A        51.88    N/A           29.47    42.51    6.069    6.513    133   0    0     0     65.41  73.68  N/A         N/A          -0.48        N/A          75.19  72.84    1.54     6.08        14.1        115      2.7      1.24          0.63    72.56     0.63    0.67    0.85    0.40    0.82     79.70   6.11    87.00   77.25   0.72    824.70     5.42     83.93    0.40      0.99          0.00          0.00           93.13        
46   R0996-D4TS358_4     358     68.61    100.00  45    N/A       N/A        0.26      N/A        50.94    N/A           27.07    41.76    5.566    6.039    133   0    0     0     69.92  78.20  N/A         N/A          0.21         N/A          78.95  72.985   1.86     6.46        13.5        115      2.6      2.79          0.55    68.05     0.60    0.66    0.91    0.38    0.85     75.00   5.99    84.85   73.28   0.73    792.50     4.96     78.95    0.36      56.73         0.00          1.53           89.31        
47   R0996-D4TS102_3     102s    68.61    100.00  45    N/A       N/A        0.26      -0.34      50.38    N/A           28.03    42.42    5.996    6.29     133   1    0     0     70.68  78.20  N/A         N/A          0.33         -0.48        79.70  74.006   1.76     6.46        13.6        120      3.1      1.29          0.61    69.17     0.60    0.67    0.90    0.42    0.83     83.20   6.11    85.78   74.26   0.73    814.50     5.09     72.73    0.39      0.99          0.00          1.53           91.60        
48   R0996-D4TS460_3     460     68.42    100.00  48    N/A       N/A        0.23      N/A        50.00    N/A           29.88    43.86    6.112    6.434    133   2    0     0     69.17  77.44  N/A         N/A          0.10         N/A          78.95  74.439   1.73     6.46        13.7        117      2.6      2.67          0.61    72.18     0.62    0.67    0.89    0.39    0.83     81.90   6.11    85.82   73.40   0.74    802.90     5.41     71.44    0.39      11.85         6.36          1.53           92.37        
49   R0996-D4TS086_4     086     68.42    100.00  48    N/A       N/A        0.23      N/A        49.44    N/A           30.25    42.92    5.406    5.864    133   0    0     0     69.17  83.46  N/A         N/A          0.10         N/A          83.46  76.365   1.77     7.03        14.5        122      2.7      0.79          0.64    73.68     0.63    0.68    0.82    0.60    0.83     86.00   6.11    84.18   75.80   0.74    843.40     3.91     N/A      0.43      0.99          0.00          0.00           98.47        
50   R0996-D4TS344_4     344     68.42    100.00  48    N/A       N/A        0.23      N/A        50.00    N/A           28.03    42.39    6.004    6.321    133   1    0     0     67.67  78.20  N/A         N/A          -0.13        N/A          79.70  74.265   1.78     6.56        13.9        117      2.7      1.45          0.60    70.30     0.62    0.68    0.89    0.37    0.83     87.50   5.99    85.81   73.99   0.73    812.50     5.14     82.58    0.43      0.00          1.82          3.82           78.63        
51   R0996-D4TS344_5     344     68.42    100.00  48    N/A       N/A        0.23      N/A        50.00    N/A           28.03    42.39    6.004    6.321    133   1    0     0     67.67  78.20  N/A         N/A          -0.13        N/A          79.70  74.265   1.78     6.56        13.9        117      2.7      1.45          0.60    70.30     0.62    0.68    0.89    0.37    0.83     87.50   5.99    85.81   73.99   0.73    812.50     5.14     82.58    0.43      0.00          1.82          3.82           78.63        
52   R0996-D4TS358_1     358     68.42    100.00  48    0.27      N/A        0.23      N/A        50.94    N/A           30.93    42.81    5.691    6.044    133   1    0     0     71.43  78.95  0.45        N/A          0.44         N/A          79.70  73.773   1.87     6.56        13.4        116      2.7      2.93          0.55    68.05     0.59    0.66    0.90    0.37    0.85     72.50   6.11    84.70   72.47   0.74    787.20     5.17     79.22    0.35      72.03         0.91          3.82           87.79        
53   R0996-D4TS190_3     190     68.42    100.00  48    N/A       N/A        0.23      N/A        51.50    N/A           30.99    44.26    6.166    6.432    133   0    0     0     67.67  75.94  N/A         N/A          -0.13        N/A          76.69  65.484   1.80     6.37        13.8        116      2.8      2.34          0.61    72.56     0.62    0.66    0.86    0.40    0.83     77.00   6.11    85.61   73.19   0.73    809.40     5.34     41.42    0.39      8.88          3.64          4.58           93.13        
54   R0996-D4TS344_1     344     68.42    100.00  48    0.27      N/A        0.23      N/A        49.44    N/A           27.32    42.40    6.008    6.384    133   5    0     0     69.17  75.94  0.11        N/A          0.10         N/A          77.44  73.965   1.77     6.46        13.9        117      2.9      1.37          0.61    65.41     0.60    0.67    0.89    0.39    0.83     80.90   6.11    86.09   76.06   0.73    814.60     5.13     81.30    0.40      0.49          0.91          2.29           82.44        
55   R0996-D4TS460_4     460     68.23    100.00  55    N/A       N/A        0.19      N/A        49.81    N/A           29.65    43.88    6.105    6.425    133   2    0     0     69.92  77.44  N/A         N/A          0.21         N/A          78.95  74.533   1.73     6.46        13.8        117      2.6      2.77          0.61    72.18     0.62    0.67    0.89    0.39    0.83     81.90   6.11    85.92   73.68   0.74    808.20     5.36     71.14    0.39      15.31         6.36          1.53           92.37        
56   R0996-D4TS208_3     208     68.23    100.00  55    N/A       N/A        0.19      N/A        49.81    N/A           24.69    41.55    5.987    6.352    133   0    0     0     72.18  76.69  N/A         N/A          0.56         N/A          77.44  74.125   1.79     6.37        13.7        114      2.5      1.22          0.59    69.92     0.60    0.64    0.90    0.40    0.83     75.40   6.11    84.75   72.87   0.73    802.00     5.52     78.93    0.34      0.00          0.00          3.82           80.92        
57   R0996-D4TS358_3     358     68.23    100.00  55    N/A       N/A        0.19      N/A        50.56    N/A           28.21    41.83    6.182    6.521    133   0    0     0     69.92  76.69  N/A         N/A          0.21         N/A          77.44  73.231   1.78     6.56        13.5        116      2.7      2.81          0.56    66.54     0.59    0.65    0.90    0.41    0.83     75.00   6.11    84.48   72.40   0.73    790.10     5.07     78.85    0.35      56.24         0.00          3.82           88.55        
58   R0996-D4TS086_1     086     68.23    100.00  55    0.24      N/A        0.19      N/A        49.25    N/A           31.84    43.83    5.638    6.134    133   2    0     0     69.17  82.71  0.11        N/A          0.10         N/A          82.71  76.698   1.85     7.12        14.6        118      2.5      1.29          0.63    71.81     0.63    0.66    0.84    0.62    0.83     78.40   6.11    82.56   74.84   0.74    846.40     4.90     N/A      0.42      1.48          0.00          0.76           93.89        
59   R0996-D4TS086_2     086     68.05    100.00  59    N/A       N/A        0.16      N/A        49.44    N/A           28.88    42.34    5.53     6.068    133   0    0     0     69.92  81.95  N/A         N/A          0.21         N/A          81.95  75.889   1.80     6.93        14.3        117      2.3      1.40          0.62    68.80     0.62    0.67    0.82    0.62    0.82     86.30   5.99    82.26   74.95   0.74    834.70     4.53     N/A      0.40      2.47          0.00          0.00           94.66        
60   R0996-D4TS358_2     358     68.05    100.00  59    N/A       N/A        0.16      N/A        50.56    N/A           30.03    42.72    6.189    6.501    133   0    0     0     71.43  77.44  N/A         N/A          0.44         N/A          78.20  73.905   1.75     6.27        13.4        116      2.7      2.90          0.56    68.80     0.60    0.66    0.90    0.41    0.83     74.70   5.99    84.44   72.05   0.73    788.50     5.15     78.82    0.36      63.64         0.91          3.05           87.02        
61   R0996-D4TS068_4     068     68.05    100.00  59    N/A       N/A        0.16      N/A        48.88    N/A           25.87    33.52    6.111    6.604    133   0    0     0     63.91  78.95  N/A         N/A          -0.71        N/A          78.95  65.047   1.87     6.56        13.9        119      3        0.93          0.62    71.43     0.63    0.67    0.90    0.39    0.81     77.80   6.11    86.91   75.13   0.72    810.90     5.08     84.25    0.40      0.49          0.00          0.00           96.18        
62   R0996-D4TS460_2     460     68.05    100.00  59    N/A       N/A        0.16      N/A        50.38    N/A           29.84    43.79    6.124    6.445    133   3    0     0     69.17  77.44  N/A         N/A          0.10         N/A          78.95  74.212   1.74     6.27        13.6        116      2.6      2.53          0.60    71.81     0.62    0.66    0.89    0.40    0.83     81.90   6.11    85.73   73.15   0.74    799.60     5.45     71.84    0.39      9.38          5.45          1.53           92.37        
63   R0996-D4TS102_1     102s    68.05    100.00  59    0.21      -0.26      0.16      -0.48      50.00    -0.19         25.59    41.46    6.006    6.315    133   1    0     0     69.17  78.95  0.11        -0.49        0.10         -0.88        79.70  65.341   1.85     6.37        13.6        118      2.9      1.45          0.60    69.55     0.58    0.67    0.90    0.42    0.83     76.70   6.11    84.93   73.46   0.73    812.00     5.32     74.08    0.36      1.48          0.00          1.53           89.31        
64   R0996-D4TS460_5     460     67.86    100.00  64    N/A       N/A        0.13      N/A        49.06    N/A           29.24    43.26    6.078    6.398    133   1    0     0     69.17  77.44  N/A         N/A          0.10         N/A          78.95  74.202   1.79     6.46        13.8        117      2.6      2.81          0.61    73.31     0.62    0.67    0.89    0.38    0.83     76.40   5.99    86.01   74.12   0.73    810.20     5.20     71.18    0.39      15.81         6.36          2.29           91.60        
65   R0996-D4TS390_1     390     67.86    100.00  64    0.18      N/A        0.13      N/A        49.81    N/A           26.64    41.11    6.114    6.475    133   1    0     0     71.43  79.70  0.45        N/A          0.44         N/A          79.70  74.523   1.84     6.46        13.8        121      3        1.34          0.61    71.43     0.60    0.67    0.88    0.40    0.82     78.20   6.11    86.98   74.04   0.74    808.70     5.21     76.87    0.37      0.99          0.00          0.76           90.08        
66   R0996-D4TS208_4     208     67.86    100.00  64    N/A       N/A        0.13      N/A        49.81    N/A           23.80    42.05    6.054    6.386    133   0    0     0     71.43  78.20  N/A         N/A          0.44         N/A          78.95  74.159   1.78     6.27        13.4        115      2.6      1.57          0.58    72.93     0.59    0.64    0.90    0.42    0.83     60.80   5.99    84.06   72.97   0.73    785.30     5.54     78.58    0.33      0.00          2.73          2.29           79.39        
67   R0996-D4TS117_2     117     67.86    100.00  64    N/A       N/A        0.13      N/A        48.50    N/A           22.07    39.54    5.556    6.056    133   1    0     0     74.44  79.70  N/A         N/A          0.90         N/A          79.70  75.59    1.72     6.93        14          118      2.4      4.30          0.58    70.30     0.57    0.69    0.90    0.37    0.84     54.00   6.11    85.11   75.13   0.75    816.60     4.08     81.76    0.33      105.57        20.91         9.92           73.28        
68   R0996-D4TS460_1     460     67.86    100.00  64    0.18      N/A        0.13      N/A        50.00    N/A           29.80    43.78    6.137    6.458    133   1    0     0     69.92  77.44  0.22        N/A          0.21         N/A          78.95  74.2     1.67     6.37        13.5        116      2.6      2.46          0.60    71.81     0.62    0.66    0.89    0.40    0.83     81.90   6.11    85.67   72.86   0.74    793.50     5.46     72.33    0.39      6.91          6.36          1.53           92.37        
69   R0996-D4TS359_5     359s    67.67    100.00  69    N/A       N/A        0.10      -0.57      48.12    N/A           27.34    40.67    6.016    6.372    133   6    0     0     74.44  78.95  N/A         N/A          0.90         0.51         79.70  74.555   1.69     6.37        13.2        115      2.5      2.27          0.56    70.30     0.57    0.63    0.90    0.39    0.83     41.00   6.11    83.41   69.82   0.74    778.20     5.52     82.45    0.29      0.99          9.09          5.34           79.39        
70   R0996-D4TS270_2     270     67.67    100.00  69    N/A       N/A        0.10      N/A        50.00    N/A           28.55    41.49    6.106    6.452    133   1    0     0     66.92  75.94  N/A         N/A          -0.25        N/A          77.44  72.224   1.90     5.70        13.5        118      3.2      1.62          0.61    71.43     0.62    0.66    0.87    0.37    0.83     76.50   6.11    86.01   73.46   0.72    790.50     4.98     N/A      0.41      0.49          2.73          0.76           87.02        
71   R0996-D4TS068_2     068     67.67    100.00  69    N/A       N/A        0.10      N/A        50.19    N/A           29.54    39.00    6.137    6.385    133   0    0     0     68.42  75.94  N/A         N/A          -0.02        N/A          76.69  71.855   1.70     6.08        13.2        112      2.7      1.16          0.61    72.18     0.63    0.67    0.85    0.41    0.82     78.00   5.99    86.56   76.43   0.71    775.30     5.66     86.06    0.39      0.99          0.00          0.00           94.66        
72   R0996-D4TS425_5     425     67.67    100.00  69    N/A       N/A        0.10      N/A        49.81    N/A           33.70    45.61    6.21     6.506    133   0    0     0     69.92  76.69  N/A         N/A          0.21         N/A          77.44  72.929   1.63     6.27        13.3        112      2.6      1.27          0.63    73.68     0.61    0.68    0.83    0.41    0.82     75.90   5.86    84.12   74.92   0.72    780.90     4.29     N/A      0.40      2.96          0.00          0.00           96.95        
73   R0996-D4TS196_5     196     67.67    100.00  69    N/A       N/A        0.10      N/A        48.12    N/A           27.34    40.67    6.016    6.372    133   6    0     0     74.44  78.95  N/A         N/A          0.90         N/A          79.70  74.555   1.69     6.37        13.2        115      2.5      2.27          0.56    70.30     0.57    0.63    0.90    0.39    0.83     41.00   6.11    83.41   69.82   0.74    778.20     5.52     82.45    0.29      0.99          9.09          5.34           79.39        
74   R0996-D4TS196_4     196     67.67    100.00  69    N/A       N/A        0.10      N/A        48.31    N/A           26.43    40.71    5.946    6.308    133   9    0     0     73.68  78.95  N/A         N/A          0.79         N/A          79.70  75.511   1.74     6.56        13.5        116      2.5      2.16          0.57    70.30     0.57    0.64    0.90    0.38    0.83     38.00   6.11    82.85   69.78   0.75    793.70     5.36     82.69    0.30      0.99          6.36          6.11           78.63        
75   R0996-D4TS359_4     359s    67.67    100.00  69    N/A       N/A        0.10      -0.57      48.31    N/A           26.43    40.71    5.946    6.308    133   9    0     0     73.68  78.95  N/A         N/A          0.79         0.31         79.70  75.511   1.74     6.56        13.5        116      2.5      2.16          0.57    70.30     0.57    0.64    0.90    0.38    0.83     38.00   6.11    82.85   69.78   0.75    793.70     5.36     82.69    0.30      0.99          6.36          6.11           78.63        
76   R0996-D4TS270_4     270     67.67    100.00  69    N/A       N/A        0.10      N/A        49.81    N/A           29.69    42.74    6.067    6.367    133   1    0     0     68.42  78.20  N/A         N/A          -0.02        N/A          79.70  73.048   1.82     6.27        14.3        120      3.3      1.95          0.61    72.56     0.62    0.67    0.85    0.36    0.82     65.80   5.99    85.59   74.33   0.73    839.00     5.15     N/A      0.41      0.99          6.36          1.53           90.08        
77   R0996-D4TS117_1     117     67.67    100.00  69    0.15      N/A        0.10      N/A        47.93    N/A           25.32    40.19    5.549    6.096    133   1    0     0     74.44  81.20  0.89        N/A          0.90         N/A          81.20  69.34    1.83     6.84        13.7        120      2.7      4.28          0.59    69.55     0.59    0.68    0.89    0.38    0.84     72.10   6.11    86.01   74.10   0.75    804.10     4.38     82.68    0.33      104.09        20.91         12.98          74.81        
78   R0996-D4TS390_5     390     67.67    100.00  69    N/A       N/A        0.10      N/A        48.69    N/A           26.05    41.11    6.101    6.454    133   1    0     0     68.42  76.69  N/A         N/A          -0.02        N/A          77.44  72.523   1.73     6.37        13.6        120      3.2      1.63          0.60    69.55     0.59    0.66    0.89    0.42    0.83     70.60   6.11    84.86   73.98   0.73    797.10     5.57     72.43    0.37      2.47          0.00          1.53           87.79        
79   R0996-D4TS208_2     208     67.29    100.00  79    N/A       N/A        0.03      N/A        49.81    N/A           24.56    40.65    6.133    6.469    133   0    0     0     72.18  75.94  N/A         N/A          0.56         N/A          76.69  73.597   1.72     6.18        13.5        121      3.2      1.49          0.58    67.67     0.58    0.64    0.89    0.41    0.83     66.60   5.99    84.76   72.27   0.73    790.70     5.43     78.52    0.34      0.00          1.82          3.82           75.57        
80   R0996-D4TS068_1     068     67.29    100.00  79    0.09      N/A        0.03      N/A        50.19    N/A           31.14    39.15    6.311    6.526    133   0    0     0     68.42  75.19  -0.00       N/A          -0.02        N/A          75.94  71.836   1.76     6.08        13.1        112      2.6      1.20          0.61    72.56     0.63    0.67    0.85    0.41    0.82     78.00   5.99    86.41   76.27   0.71    771.30     5.81     86.58    0.40      0.99          0.00          0.00           93.89        
81   R0996-D4TS433_3     433     67.29    100.00  79    N/A       N/A        0.03      N/A        48.12    N/A           0.00     25.55    5.824    5.831    133   1    0     0     69.92  79.70  N/A         N/A          0.21         N/A          79.70  74.069   1.71     6.74        13.5        115      2.5      6.00          0.19    55.16     0.46    0.16    0.89    0.43    0.82     65.40   5.99    86.35   72.39   0.73    791.00     5.17     N/A      0.00      24.82         N/A           5.34           84.73        
82   R0996-D4TS390_4     390     67.29    100.00  79    N/A       N/A        0.03      N/A        48.87    N/A           26.56    39.56    6.16     6.564    133   1    0     0     68.42  77.44  N/A         N/A          -0.02        N/A          78.20  72.451   1.78     6.08        13.6        118      3        1.34          0.61    71.43     0.60    0.67    0.87    0.37    0.83     77.10   6.11    86.06   74.53   0.73    796.40     5.03     73.60    0.38      0.99          0.00          0.76           90.08        
83   R0996-D4TS433_5     433     67.11    100.00  83    N/A       N/A        -0.00     N/A        49.25    N/A           0.00     23.59    5.685    5.646    133   0    0     0     63.91  78.95  N/A         N/A          -0.71        N/A          79.70  74.37    1.79     6.18        13.8        118      2.7      6.00          0.19    55.92     0.46    0.17    0.89    0.37    0.83     74.90   5.86    84.52   74.08   0.71    806.30     5.43     N/A      0.00      5.84          N/A           14.50          56.49        
84   R0996-D4TS425_3     425     67.11    100.00  83    N/A       N/A        -0.00     N/A        49.81    N/A           30.78    43.12    7.296    7.376    133   0    0     0     70.68  74.44  N/A         N/A          0.33         N/A          74.44  72.949   1.55     6.18        13.4        111      3.5      1.21          0.63    78.57     0.63    0.71    0.83    0.47    0.79     83.00   5.46    83.10   78.21   0.72    788.30     4.12     N/A      0.45      1.48          0.00          0.00           95.42        
85   R0996-D4TS190_2     190     67.11    100.00  83    N/A       N/A        -0.00     N/A        48.88    N/A           31.44    42.53    6.092    6.327    133   1    0     0     69.17  77.44  N/A         N/A          0.10         N/A          78.20  73.023   1.90     6.46        13.4        115      2.5      2.31          0.60    71.43     0.62    0.66    0.87    0.39    0.83     72.30   6.11    85.09   72.09   0.73    785.20     5.35     41.73    0.40      8.88          2.73          4.58           91.60        
86   R0996-D4TS004_1     004s    67.11    100.00  83    0.06      -0.49      -0.00     -0.71      51.13    0.04          28.45    42.49    6.203    6.59     133   1    0     0     69.92  77.44  0.22        -0.32        0.21         -0.68        77.44  72.675   1.71     6.37        13.2        115      3.5      0.68          0.60    71.43     0.61    0.65    0.85    0.35    0.82     78.60   5.86    83.20   73.36   0.72    775.60     4.94     78.74    0.39      0.00          0.00          0.00           96.95        
87   R0996-D4TS359_3     359s    67.11    100.00  83    N/A       N/A        -0.00     -0.71      46.80    N/A           25.12    38.99    5.919    6.287    133   11   0     0     72.18  79.70  N/A         N/A          0.56         -0.08        80.45  75.023   1.73     6.56        13.4        118      2.6      2.27          0.57    68.80     0.56    0.64    0.90    0.39    0.83     36.50   6.11    82.29   69.01   0.74    788.40     5.30     82.26    0.29      1.48          5.45          6.11           72.52        
88   R0996-D4TS102_5     102s    67.11    100.00  83    N/A       N/A        -0.00     -0.71      48.49    N/A           27.37    40.93    5.962    6.279    133   1    0     0     71.43  76.69  N/A         N/A          0.44         -0.28        77.44  72.937   1.71     6.18        13.3        118      3.2      1.49          0.60    71.43     0.59    0.66    0.90    0.41    0.83     83.00   6.11    85.26   73.90   0.72    782.40     5.59     71.66    0.38      1.48          0.00          0.76           87.79        
89   R0996-D4TS196_3     196     67.11    100.00  83    N/A       N/A        -0.00     N/A        46.80    N/A           25.12    38.99    5.919    6.287    133   11   0     0     72.18  79.70  N/A         N/A          0.56         N/A          80.45  75.023   1.73     6.56        13.4        118      2.6      2.27          0.57    68.80     0.56    0.64    0.90    0.39    0.83     36.50   6.11    82.29   69.01   0.74    788.40     5.30     82.26    0.29      1.48          5.45          6.11           72.52        
90   R0996-D4TS425_2     425     66.92    100.00  90    N/A       N/A        -0.04     N/A        51.31    N/A           29.41    43.70    7.529    7.784    133   1    0     0     66.92  76.69  N/A         N/A          -0.25        N/A          76.69  71.733   1.75     6.27        13.4        112      2.2      1.55          0.61    77.44     0.64    0.70    0.83    0.55    0.80     83.70   5.19    82.72   77.13   0.72    786.60     4.79     83.28    0.44      2.47          0.00          3.05           90.84        
91   R0996-D4TS086_5     086     66.92    100.00  90    N/A       N/A        -0.04     N/A        49.06    N/A           26.43    40.74    5.5      6.059    133   0    0     0     66.17  80.45  N/A         N/A          -0.36        N/A          80.45  66.466   1.87     6.08        13.6        119      2.9      1.28          0.61    71.43     0.62    0.68    0.82    0.60    0.83     86.60   6.11    84.61   75.02   0.73    799.00     4.09     N/A      0.40      1.97          0.00          0.00           95.42        
92   R0996-D4TS390_2     390     66.73    100.00  92    N/A       N/A        -0.07     N/A        48.69    N/A           28.63    40.95    6.177    6.552    133   1    0     0     70.68  78.20  N/A         N/A          0.33         N/A          78.20  72.617   1.71     6.56        13.1        115      3        1.34          0.60    70.68     0.59    0.66    0.86    0.41    0.82     83.60   6.11    85.75   72.90   0.73    770.20     5.81     76.74    0.34      0.99          0.00          1.53           90.08        
93   R0996-D4TS068_3     068     66.73    100.00  92    N/A       N/A        -0.07     N/A        48.49    N/A           30.43    39.07    5.497    5.971    133   0    0     0     67.67  75.94  N/A         N/A          -0.13        N/A          77.44  71.251   1.85     6.27        13.4        116      3.3      1.41          0.61    67.29     0.62    0.65    0.84    0.45    0.83     76.40   6.11    86.25   74.68   0.70    788.20     4.77     82.08    0.40      1.97          0.00          0.00           93.13        
94   R0996-D4TS190_4     190     66.35    100.00  94    N/A       N/A        -0.14     N/A        47.18    N/A           30.15    41.10    6.355    6.482    133   0    0     0     66.92  76.69  N/A         N/A          -0.25        N/A          77.44  64.146   1.74     5.89        12.9        115      2.7      2.45          0.60    73.31     0.62    0.66    0.89    0.43    0.82     74.40   5.99    84.92   72.76   0.71    760.90     5.18     45.34    0.39      7.40          4.55          3.82           90.08        
95   R0996-D4TS425_1     425     66.17    100.00  95    -0.09     N/A        -0.17     N/A        48.87    N/A           30.18    44.02    7.632    7.973    133   3    0     0     68.42  76.69  -0.00       N/A          -0.02        N/A          78.20  72.364   1.79     6.08        13.3        112      2.2      1.41          0.62    77.07     0.64    0.68    0.81    0.49    0.80     79.20   5.19    82.16   76.39   0.72    782.20     5.28     N/A      0.44      2.96          0.00          1.53           95.42        
96   R0996-D4TS281_2     281     66.17    100.00  95    N/A       N/A        -0.17     N/A        48.31    N/A           24.21    39.36    5.85     6.518    133   0    0     0     64.66  71.43  N/A         N/A          -0.60        N/A          72.18  61.728   1.80     5.23        12.1        112      3.2      2.47          0.55    65.79     0.59    0.62    0.85    0.41    0.83     70.10   5.99    84.24   73.48   0.70    721.80     6.10     73.74    0.30      41.93         0.00          2.29           94.66        
97   R0996-D4TS390_3     390     66.17    100.00  95    N/A       N/A        -0.17     N/A        47.55    N/A           23.22    33.86    6.277    6.652    133   1    0     0     67.67  77.44  N/A         N/A          -0.13        N/A          78.20  70.366   1.78     6.08        13.6        120      3.3      1.39          0.60    70.68     0.59    0.66    0.87    0.40    0.82     82.80   6.11    86.32   73.58   0.71    796.60     5.02     78.64    0.37      1.48          0.00          0.76           91.60        
98   R0996-D4TS102_2     102s    66.17    100.00  95    N/A       N/A        -0.17     -0.94      46.99    N/A           27.17    39.81    5.991    6.387    133   1    0     0     67.67  78.20  N/A         N/A          -0.13        -1.27        79.70  71.875   1.79     6.18        13.9        123      3.4      1.47          0.61    73.31     0.60    0.67    0.89    0.38    0.83     84.30   6.11    86.17   75.30   0.72    812.80     4.35     74.59    0.37      1.48          0.00          0.76           88.55        
99   R0996-D4TS281_1     281     65.98    100.00  99    -0.13     N/A        -0.20     N/A        48.87    N/A           24.40    39.13    5.655    6.318    133   0    0     0     63.91  71.43  -0.67       N/A          -0.71        N/A          72.18  68.966   1.70     5.61        12.2        113      3.1      2.41          0.55    65.79     0.60    0.62    0.86    0.48    0.82     72.80   5.99    84.57   73.48   0.70    725.90     5.95     73.96    0.32      33.05         0.00          2.29           93.89        
100  R0996-D4TS190_1     190     65.79    100.00  100   -0.16     N/A        -0.24     N/A        46.43    N/A           30.26    38.89    6.03     6.292    133   1    0     0     66.17  76.69  -0.33       N/A          -0.36        N/A          77.44  71.845   1.89     6.37        12.8        116      2.6      2.39          0.59    71.81     0.61    0.65    0.88    0.42    0.82     72.50   5.99    85.52   72.78   0.71    758.80     5.31     43.67    0.40      12.83         2.73          3.05           93.13        
101  R0996-D4TS344_2     344     65.60    100.00  101   N/A       N/A        -0.27     N/A        46.62    N/A           20.91    37.17    6.105    6.483    133   1    0     0     68.42  75.19  N/A         N/A          -0.02        N/A          75.94  70.277   1.97     6.37        13.3        117      3.1      1.44          0.59    69.92     0.61    0.66    0.88    0.38    0.82     79.70   6.11    84.96   73.40   0.71    783.70     5.54     81.11    0.39      0.00          1.82          4.58           79.39        
102  R0996-D4TS359_2     359s    65.04    100.00  102   N/A       N/A        -0.37     -1.22      44.17    N/A           23.62    36.39    6.055    6.45     133   9    0     0     69.92  79.70  N/A         N/A          0.21         -0.68        80.45  73.012   1.82     6.74        13          118      2.7      2.05          0.56    69.17     0.56    0.63    0.88    0.39    0.82     40.40   6.11    81.96   67.65   0.73    766.10     5.52     81.42    0.29      0.49          6.36          3.82           77.10        
103  R0996-D4TS112_2     112     65.04    100.00  102   N/A       N/A        -0.37     N/A        46.62    N/A           31.16    40.21    5.453    5.915    133   1    0     0     66.92  76.69  N/A         N/A          -0.25        N/A          76.69  67.7     1.70     6.08        14          123      3.5      1.34          0.61    70.30     0.62    0.67    0.90    0.35    0.84     65.80   6.11    83.69   72.62   0.71    819.10     5.82     88.98    0.42      0.49          1.82          1.53           92.37        
104  R0996-D4TS196_2     196     65.04    100.00  102   N/A       N/A        -0.37     N/A        44.17    N/A           23.62    36.39    6.055    6.45     133   9    0     0     69.92  79.70  N/A         N/A          0.21         N/A          80.45  73.012   1.82     6.74        13          118      2.7      2.05          0.56    69.17     0.56    0.63    0.88    0.39    0.82     40.40   6.11    81.96   67.65   0.73    766.10     5.52     81.42    0.29      0.49          6.36          3.82           77.10        
105  R0996-D4TS112_1     112     65.04    100.00  102   -0.28     N/A        -0.37     N/A        47.37    N/A           29.12    40.82    6.01     6.403    133   1    0     0     66.17  75.94  -0.33       N/A          -0.36        N/A          76.69  69.893   1.74     6.46        13.2        118      3.3      1.57          0.60    69.92     0.62    0.65    0.89    0.37    0.83     73.00   5.86    82.91   71.93   0.71    775.20     5.76     88.84    0.40      0.49          2.73          2.29           89.31        
106  R0996-D4TS359_1     359s    64.47    100.00  106   -0.37     -1.16      -0.47     -1.36      43.23    -1.52         22.91    35.45    6.039    6.449    133   13   0     0     67.67  79.70  -0.11       -0.84        -0.13        -1.27        80.45  71.773   1.88     6.74        12.9        119      2.7      1.95          0.56    68.42     0.56    0.63    0.88    0.39    0.82     44.40   6.11    81.87   67.13   0.72    762.40     5.85     81.01    0.30      0.00          7.27          3.82           74.81        
107  R0996-D4TS196_1     196     64.47    100.00  106   -0.37     N/A        -0.47     N/A        43.23    N/A           22.91    35.45    6.039    6.449    133   13   0     0     67.67  79.70  -0.11       N/A          -0.13        N/A          80.45  71.773   1.88     6.74        12.9        119      2.7      1.95          0.56    68.42     0.56    0.63    0.88    0.39    0.82     44.40   6.11    81.87   67.13   0.72    762.40     5.85     81.01    0.30      0.00          7.27          3.82           74.81        
108  R0996-D4TS102_4     102s    64.10    100.00  108   N/A       N/A        -0.53     -1.45      44.55    N/A           25.80    38.62    6.106    6.391    133   1    0     0     65.41  76.69  N/A         N/A          -0.48        -1.86        78.20  62.16    2.00     5.89        13.1        119      3.3      1.47          0.59    69.55     0.59    0.66    0.89    0.44    0.82     77.60   6.11    84.35   73.25   0.71    771.80     5.60     71.69    0.37      1.48          0.00          0.76           88.55        
109  R0996-D4TS288_2     288     64.10    100.00  108   N/A       N/A        -0.53     N/A        43.98    N/A           24.03    38.73    6.414    6.85     133   0    0     0     67.67  75.19  N/A         N/A          -0.13        N/A          76.69  70.255   1.80     5.80        12.1        116      3.2      1.32          0.56    66.54     0.57    0.61    0.87    0.46    0.82     72.30   5.86    84.07   71.14   0.71    721.50     5.85     80.25    0.33      0.00          1.82          2.29           87.02        
110  R0996-D4TS195_1     195     63.91    100.00  110   -0.46     N/A        -0.57     N/A        48.31    N/A           29.64    42.45    9.429    9.621    133   1    0     0     66.92  71.43  -0.22       N/A          -0.25        N/A          71.43  68.721   1.50     5.61        12.1        102      3.3      1.78          0.56    63.16     0.62    0.62    0.74    0.57    0.73     72.30   3.07    75.50   68.95   0.68    722.90     13.58    N/A      0.41      1.48          2.73          0.76           89.31        
111  R0996-D4TS112_3     112     63.72    100.00  111   N/A       N/A        -0.60     N/A        44.93    N/A           27.39    38.00    6.085    6.589    133   1    0     0     63.91  76.69  N/A         N/A          -0.71        N/A          76.69  60.785   1.84     6.08        12.9        118      3.2      1.52          0.60    68.42     0.62    0.65    0.89    0.43    0.83     70.90   5.86    82.46   70.87   0.70    761.40     5.14     90.03    0.41      0.00          4.55          3.05           90.84        
112  R0996-D4TS288_4     288     63.53    100.00  112   N/A       N/A        -0.64     N/A        43.61    N/A           22.20    37.24    5.84     6.184    133   0    0     0     66.17  77.44  N/A         N/A          -0.36        N/A          78.95  71.288   1.92     6.08        12.1        119      3.4      1.26          0.56    71.81     0.58    0.63    0.89    0.44    0.84     71.20   5.99    82.50   66.68   0.71    719.60     6.45     82.29    0.35      0.49          0.00          2.29           88.55        
113  R0996-D4TS112_4     112     62.59    100.00  113   N/A       N/A        -0.80     N/A        43.23    N/A           28.50    38.54    6.076    6.535    133   1    0     0     66.17  75.94  N/A         N/A          -0.36        N/A          75.94  60.936   1.77     5.80        13.2        118      3.1      1.62          0.59    69.17     0.61    0.65    0.89    0.39    0.82     74.50   5.86    82.19   71.51   0.70    777.70     6.18     90.16    0.41      0.49          2.73          0.76           87.02        
114  R0996-D4TS288_1     288     62.41    100.00  114   -0.71     N/A        -0.83     N/A        42.10    N/A           23.22    35.68    6.028    6.476    133   0    0     0     66.92  75.19  -0.22       N/A          -0.25        N/A          75.94  60.139   2.04     5.99        11.7        120      3.3      1.18          0.55    68.05     0.56    0.61    0.89    0.45    0.83     68.50   5.86    82.67   67.15   0.69    702.90     6.43     81.57    0.29      0.00          0.00          2.29           83.97        
115  R0996-D4TS288_5     288     62.22    100.00  115   N/A       N/A        -0.87     N/A        43.23    N/A           21.90    36.34    6.535    6.922    133   0    0     0     63.91  73.68  N/A         N/A          -0.71        N/A          74.44  62.016   1.90     5.32        11.6        117      3.4      1.12          0.54    63.91     0.56    0.59    0.86    0.48    0.81     71.20   5.86    83.52   68.28   0.68    696.60     8.05     78.30    0.27      0.00          0.91          3.05           87.02        
116  R0996-D4TS112_5     112     61.65    100.00  116   N/A       N/A        -0.97     N/A        42.86    N/A           26.15    36.23    5.793    6.278    133   1    0     0     62.41  74.44  N/A         N/A          -0.94        N/A          75.19  59.598   1.92     5.80        13          122      3.6      1.82          0.60    68.05     0.62    0.65    0.90    0.39    0.83     73.90   5.86    82.47   71.17   0.69    767.50     5.10     89.26    0.40      0.49          5.45          1.53           88.55        
117  R0996-D4TS288_3     288     60.34    100.00  117   N/A       N/A        -1.20     N/A        40.98    N/A           20.02    33.64    6.734    7.094    133   0    0     0     63.16  72.18  N/A         N/A          -0.83        N/A          73.68  57.873   2.09     5.89        11.8        116      3.3      0.91          0.55    65.04     0.57    0.61    0.88    0.47    0.80     84.10   5.86    82.18   68.43   0.68    705.50     6.15     79.54    0.33      0.00          0.00          0.76           93.89        
118  R0996-D4TS492_4     492     55.26    100.00  118   N/A       N/A        -2.09     N/A        35.90    N/A           16.59    28.46    6.826    7.39     133   0    0     0     55.64  71.43  N/A         N/A          -1.98        N/A          72.93  53.166   2.11     5.13        10.2        117      3.7      1.82          0.52    63.53     0.55    0.57    0.79    0.63    0.79     72.50   5.60    79.58   65.64   0.64    625.20     8.15     79.82    0.28      1.48          2.73          2.29           87.79        
119  R0996-D4TS431_2     431     52.82    100.00  119   N/A       N/A        -2.53     N/A        39.10    N/A           23.24    33.78    10.201   10.535   133   1    0     0     51.88  58.65  N/A         N/A          -2.56        N/A          61.65  55.801   1.58     3.99        7.8         94       3.9      1.43          0.49    46.99     0.55    0.50    0.50    1.00    0.68     73.40   5.19    79.91   63.99   0.58    502.80     18.74    66.31    0.27      0.00          5.45          0.76           94.66        
120  R0996-D4TS492_5     492     52.44    100.00  120   N/A       N/A        -2.59     N/A        34.02    N/A           17.95    28.09    7.856    8.407    133   0    0     0     51.88  64.66  N/A         N/A          -2.56        N/A          65.41  50.365   2.05     4.75        9           106      3.7      1.76          0.50    52.63     0.54    0.54    0.75    0.75    0.74     76.40   4.74    79.61   63.53   0.60    562.30     10.21    77.62    0.25      0.49          3.64          2.29           84.73        
121  R0996-D4TS492_2     492     51.50    100.00  121   N/A       N/A        -2.76     N/A        32.33    N/A           15.29    24.22    7.633    8.024    133   0    0     0     51.88  61.65  N/A         N/A          -2.56        N/A          63.16  49.471   2.28     4.66        8.5         109      3.9      1.68          0.49    52.26     0.53    0.53    0.75    0.77    0.73     66.20   4.74    79.86   62.60   0.59    535.20     9.34     73.78    0.27      0.00          5.45          1.53           87.02        
122  R0996-D4TS492_1     492     51.32    100.00  122   -2.53     N/A        -2.79     N/A        32.71    N/A           16.73    27.21    7.391    7.848    133   0    0     0     55.64  63.16  -1.90       N/A          -1.98        N/A          63.91  50.156   2.10     4.37        8.8         105      3.9      1.68          0.50    52.26     0.53    0.53    0.73    0.75    0.74     57.50   2.83    80.70   64.22   0.60    549.80     9.81     72.82    0.24      0.00          4.55          3.05           83.97        
123  R0996-D4TS492_3     492     50.94    100.00  123   N/A       N/A        -2.86     N/A        32.52    N/A           16.66    26.98    8.265    8.567    133   0    0     0     53.38  64.66  N/A         N/A          -2.33        N/A          65.41  51.057   2.19     4.09        7.5         105      4.4      1.82          0.48    52.63     0.53    0.52    0.71    0.73    0.73     60.70   4.58    80.22   61.91   0.58    486.20     10.30    72.51    0.27      0.49          4.55          2.29           85.50        
124  R0996-D4TS431_4     431     47.74    100.00  124   N/A       N/A        -3.42     N/A        35.15    N/A           17.79    24.89    10.775   11.107   133   1    0     0     45.86  50.38  N/A         N/A          -3.48        N/A          51.88  44.449   2.06     3.24        5.6         82       3.2      1.47          0.45    45.87     0.55    0.45    0.48    1.11    0.66     76.10   3.70    72.59   62.44   0.51    376.70     24.09    60.33    0.23      0.00          4.55          3.05           92.37        
125  R0996-D4TS431_1     431     44.55    100.00  125   -3.63     N/A        -3.98     N/A        30.45    N/A           16.30    24.39    11.072   11.431   133   1    0     0     40.60  54.14  -4.13       N/A          -4.29        N/A          54.14  47.524   1.98     3.81        6.5         88       3.1      1.37          0.45    43.61     0.54    0.46    0.54    1.20    0.63     67.80   4.58    72.56   60.58   0.50    442.60     24.65    60.98    0.26      0.49          2.73          1.53           94.66        
126  R0996-D4TS431_3     431     43.61    100.00  126   N/A       N/A        -4.15     N/A        28.76    N/A           13.88    20.56    11.313   11.739   133   1    0     0     36.09  54.14  N/A         N/A          -4.98        N/A          55.64  43.785   2.15     3.81        6.3         88       3.4      1.06          0.45    48.87     0.54    0.48    0.52    1.00    0.64     72.40   4.74    71.69   60.78   0.48    426.50     31.86    58.13    0.26      0.00          1.82          1.53           94.66        

