#    Model               GR#     GDT_TS   NP_P    RANK  Z-M1-GDT  Z-M1s-GDT  Z-MA-GDT  Z-MAs-GDT  GDT_HA   Z-M1s-GDT-HA  GDC_SC   GDC_ALL  RMS_CA   RMS_ALL  NP    err  PC01  PC05  AL0_P  AL4_P  Z-M1-AL0_p  Z-M1s-AL0_p  Z-MA-AL0_p   Z-MAs-AL0_p  ALI_P  LGA_S    RMSD[L]  Z-score[M]  Z-Score[D]  Al.Res.  RMSD[D]  MolPrb_Score  LDDT    SphGr     CAD_AA  RPF     CODM    DFM     Handed.  SOV     CE      QCS     CONTS   TMscore  Dali(raw)  FlexE    QSE      CAD_SS    MolPrb_clash  MolPrb_rotout  MolPrb_ramout  MolPrb_ramfv 

-    starting_model      -       71.07    -       -     -         -          -         -          54.65    -             30.27    -        6.21     6.68     -     -    -     -     -      -      -           -            -            -            -      -        -        6.50        15.50       124      3.10     2.83          0.63    75.71     0.64    0.68    0.87    0.32    0.84     73.70   6.11    92.37   81.86   0.75     934.20     4.48     85.12    0.42      48.33         2.65          2.17           94.93        

1    R0996-D7TS425_1     425     74.29    100.00  1     1.10      N/A        1.12      N/A        60.89    N/A           36.20    51.89    6.225    6.489    140   1    0     0     73.57  77.86  0.87        N/A          0.81         N/A          77.86  78.465   1.41     6.50        16.7        123      2.5      1.11          0.69    80.00     0.68    0.71    0.79    0.45    0.87     65.80   5.33    88.12   86.94   0.77    999.50     2.82     N/A      0.46      1.86          0.00          0.72           97.10        
2    R0996-D7TS356_1     356     74.11    100.00  2     1.07      N/A        1.09      N/A        61.43    N/A           31.57    45.14    6.063    6.648    140   0    0     0     71.43  76.43  0.53        N/A          0.47         N/A          77.14  75.883   1.39     6.41        16.6        129      3.5      0.89          0.65    76.43     0.66    0.69    0.83    0.28    0.86     74.30   6.23    92.30   84.36   0.76    996.60     4.07     85.53    0.46      0.00          0.00          0.72           94.20        
3    R0996-D7TS356_2     356     74.11    100.00  2     N/A       N/A        1.09      N/A        61.07    N/A           35.17    50.72    6.197    6.617    140   0    0     0     72.86  75.71  N/A         N/A          0.70         N/A          75.71  76.036   1.43     6.32        16.6        126      3.1      0.50          0.66    76.07     0.67    0.69    0.87    0.30    0.85     71.30   6.11    93.43   85.07   0.77    992.80     4.11     85.14    0.45      0.00          0.88          0.00           98.55        
4    R0996-D7TS156_5     156s    72.50    100.00  4     N/A       N/A        0.80      1.05       56.97    N/A           33.47    49.47    5.97     6.392    140   0    0     0     74.29  80.71  N/A         N/A          0.93         1.61         80.71  78.338   1.65     6.68        16.5        126      2.9      0.70          0.67    82.50     0.68    0.71    0.88    0.29    0.85     64.80   6.23    93.00   85.11   0.77    990.50     3.50     85.12    0.48      0.46          0.00          0.00           97.83        
5    R0996-D7TS190_3     190     72.14    100.00  5     N/A       N/A        0.74      N/A        55.53    N/A           32.12    48.60    6.21     6.723    140   1    0     0     70.00  77.14  N/A         N/A          0.24         N/A          77.14  70.131   1.67     6.32        15.1        126      3.1      2.48          0.63    74.64     0.64    0.68    0.87    0.32    0.85     70.20   5.99    91.33   81.79   0.76    916.00     4.68     45.29    0.44      10.23         4.42          2.17           92.75        
6    R0996-D7TS356_3     356     71.96    100.00  6     N/A       N/A        0.70      N/A        58.75    N/A           31.20    43.17    6.239    6.884    140   0    0     0     66.43  75.71  N/A         N/A          -0.33        N/A          75.71  73.375   1.66     6.50        15.9        128      3.6      0.54          0.64    68.93     0.66    0.67    0.86    0.32    0.85     73.70   6.11    91.75   81.53   0.74    957.60     5.10     84.70    0.44      0.00          0.00          0.72           97.83        
7    R0996-D7TS460_2     460     71.96    100.00  6     N/A       N/A        0.70      N/A        56.07    N/A           28.45    47.21    6.174    6.674    140   1    0     0     70.71  75.71  N/A         N/A          0.35         N/A          75.71  70.052   1.52     6.41        15.3        123      3.1      2.54          0.63    75.71     0.65    0.69    0.87    0.31    0.84     71.60   5.99    91.93   82.17   0.75    925.60     4.77     62.04    0.45      12.09         7.08          1.45           95.65        
8    R0996-D7TS460_4     460     71.96    100.00  6     N/A       N/A        0.70      N/A        55.36    N/A           28.56    47.12    6.189    6.69     140   0    0     0     70.71  75.00  N/A         N/A          0.35         N/A          75.00  70.399   1.65     6.41        15.2        125      3.3      2.48          0.63    76.07     0.65    0.68    0.87    0.31    0.84     71.60   6.11    91.91   82.22   0.75    918.20     4.71     62.03    0.45      10.23         6.19          0.72           94.93        
9    R0996-D7TS190_4     190     71.61    100.00  9     N/A       N/A        0.64      N/A        56.07    N/A           28.83    47.13    6.259    6.689    140   1    0     0     70.71  77.86  N/A         N/A          0.35         N/A          77.86  74.718   1.60     6.59        15.7        129      3.3      2.50          0.63    76.07     0.64    0.68    0.87    0.31    0.85     75.00   6.11    92.33   83.29   0.76    945.70     4.37     42.80    0.41      9.30          5.31          1.45           92.75        
10   R0996-D7TS190_1     190     71.61    100.00  9     0.64      N/A        0.64      N/A        55.53    N/A           29.93    46.09    6.245    6.742    140   0    0     0     70.71  77.14  0.42        N/A          0.35         N/A          77.14  75.712   1.55     6.50        15.4        127      3.2      2.22          0.63    76.07     0.64    0.68    0.87    0.30    0.84     72.40   6.11    91.96   82.34   0.75    929.80     4.36     45.98    0.44      11.16         3.54          0.00           96.38        
11   R0996-D7TS312_1     312s    71.61    100.00  9     0.64      0.65       0.64      0.77       56.78    0.76          30.99    48.58    6.28     6.83     140   0    0     0     71.43  75.00  0.53        0.50         0.47         0.51         75.00  75.044   1.50     6.32        15.8        127      3.4      2.86          0.64    75.36     0.64    0.69    0.88    0.34    0.84     74.40   6.23    92.77   83.41   0.76    951.50     4.53     32.46    0.44      51.12         2.65          2.17           94.93        
12   R0996-D7TS460_1     460     71.61    100.00  9     0.64      N/A        0.64      N/A        55.72    N/A           29.75    48.77    6.17     6.669    140   1    0     0     70.00  76.43  0.31        N/A          0.24         N/A          76.43  70.076   1.49     6.41        15.3        126      3.3      2.50          0.63    75.71     0.65    0.69    0.88    0.31    0.84     71.60   5.99    91.93   82.17   0.75    925.20     4.77     61.23    0.45      12.09         6.19          0.00           95.65        
13   R0996-D7TS174_1     174     71.43    100.00  13    0.61      N/A        0.61      N/A        55.36    N/A           30.27    47.06    6.218    6.704    140   0    0     0     72.86  77.14  0.76        N/A          0.70         N/A          77.14  74.854   1.58     6.23        15.5        127      3.2      2.37          0.62    76.07     0.64    0.68    0.87    0.31    0.84     69.50   6.11    92.46   82.20   0.76    933.70     4.44     N/A      0.43      1.86          8.85          5.07           82.61        
14   R0996-D7TS460_3     460     71.43    100.00  13    N/A       N/A        0.61      N/A        54.11    N/A           27.74    46.91    6.207    6.707    140   0    0     0     70.71  74.29  N/A         N/A          0.35         N/A          75.00  69.991   1.57     6.23        15.2        124      3.1      2.02          0.62    76.07     0.66    0.68    0.87    0.31    0.84     71.60   6.11    92.06   82.44   0.75    915.50     4.57     62.22    0.45      2.79          6.19          0.00           94.93        
15   R0996-D7TS208_3     208     71.43    100.00  13    N/A       N/A        0.61      N/A        53.04    N/A           27.35    45.94    6.03     6.578    140   0    0     0     72.14  75.71  N/A         N/A          0.58         N/A          75.71  70.39    1.60     6.41        15.4        126      3.1      1.22          0.62    78.57     0.64    0.66    0.88    0.31    0.85     70.90   6.11    91.93   81.32   0.76    929.80     4.36     80.21    0.42      0.00          0.00          5.80           81.16        
16   R0996-D7TS312_5     312s    71.43    100.00  13    N/A       N/A        0.61      0.71       56.43    N/A           31.76    48.08    6.373    6.968    140   0    0     0     70.71  75.71  N/A         N/A          0.35         0.23         75.71  74.949   1.53     6.23        15.9        125      3.3      2.08          0.65    74.29     0.66    0.70    0.87    0.36    0.84     72.40   6.23    92.55   82.93   0.75    956.60     4.65     32.80    0.46      39.50         0.00          0.72           99.28        
17   R0996-D7TS390_5     390     71.25    100.00  17    N/A       N/A        0.58      N/A        54.82    N/A           33.27    48.22    6.141    6.677    140   1    0     0     70.71  76.43  N/A         N/A          0.35         N/A          76.43  74.93    1.60     6.23        15.4        124      3.1      1.11          0.63    76.07     0.66    0.70    0.88    0.30    0.85     69.50   6.23    92.52   82.33   0.75    930.60     4.37     76.56    0.43      1.86          0.00          0.72           97.10        
18   R0996-D7TS190_2     190     71.25    100.00  17    N/A       N/A        0.58      N/A        54.82    N/A           29.70    46.61    6.232    6.708    140   0    0     0     73.57  77.14  N/A         N/A          0.81         N/A          77.14  74.184   1.57     6.23        15.3        125      3.1      2.31          0.63    75.36     0.64    0.68    0.87    0.32    0.84     69.20   6.11    92.42   81.90   0.75    927.80     4.42     85.07    0.44      17.67         2.65          0.72           96.38        
19   R0996-D7TS358_3     358     71.25    100.00  17    N/A       N/A        0.58      N/A        54.64    N/A           30.65    46.80    6.122    6.6      140   0    0     0     71.43  77.86  N/A         N/A          0.47         N/A          77.86  75.053   1.60     6.59        15.5        127      3.2      2.08          0.59    75.36     0.65    0.69    0.90    0.35    0.84     68.30   6.11    92.51   81.70   0.75    936.00     5.07     79.65    0.42      39.52         0.00          0.72           98.55        
20   R0996-D7TS086_1     086     71.25    100.00  17    0.58      N/A        0.58      N/A        54.47    N/A           30.15    45.71    5.478    5.911    140   1    0     0     72.14  80.00  0.65        N/A          0.58         N/A          80.00  70.689   1.71     6.96        15.9        126      2.9      1.20          0.65    78.57     0.66    0.70    0.89    0.38    0.83     72.50   6.23    92.05   82.79   0.76    957.90     3.19     N/A      0.46      3.72          0.88          0.00           97.83        
21   R0996-D7TS156_1     156s    71.25    100.00  17    0.58      0.57       0.58      0.65       56.43    0.71          32.78    47.43    6.389    6.743    140   0    0     0     71.43  75.71  0.53        0.50         0.47         0.51         75.71  74.95    1.51     6.32        15.6        124      3.3      1.02          0.67    81.79     0.67    0.71    0.81    0.30    0.85     62.70   5.99    91.34   84.72   0.75    941.80     3.73     85.74    0.47      0.93          0.00          0.72           96.38        
22   R0996-D7TS460_5     460     71.07    100.00  22    N/A       N/A        0.55      N/A        53.57    N/A           27.84    46.38    6.234    6.69     140   1    0     0     71.43  74.29  N/A         N/A          0.47         N/A          75.00  69.564   1.58     6.23        15.1        125      3.2      1.85          0.62    75.71     0.65    0.67    0.87    0.32    0.84     72.48   6.11    91.82   81.53   0.75    910.60     4.59     63.03    0.44      1.39          5.31          2.17           93.48        
23   R0996-D7TS312_2     312s    71.07    100.00  22    N/A       N/A        0.55      0.60       55.89    N/A           26.53    47.33    6.4      6.891    140   0    0     0     71.43  75.71  N/A         N/A          0.47         0.51         75.71  73.93    1.52     6.32        15.8        126      3.3      3.02          0.63    75.71     0.65    0.68    0.88    0.31    0.84     72.70   6.23    92.34   83.26   0.75    951.70     4.29     32.60    0.43      54.37         3.54          0.72           94.20        
24   R0996-D7TS433_4     433     71.07    100.00  22    N/A       N/A        0.55      N/A        55.00    N/A           0.00     29.70    6.757    6.878    140   0    0     0     71.43  76.43  N/A         N/A          0.47         N/A          76.43  74.504   1.47     6.14        15.5        126      3.3      6.00          0.20    57.46     0.47    0.16    0.88    0.40    0.84     58.00   6.23    92.08   82.36   0.75    933.30     5.04     N/A      0.00      1.38          N/A           11.59          74.64        
25   R0996-D7TS270_3     270     71.07    100.00  22    N/A       N/A        0.55      N/A        54.47    N/A           29.93    46.83    6.24     6.747    140   1    0     0     73.57  75.71  N/A         N/A          0.81         N/A          75.71  75.385   1.61     6.23        15.4        126      3.2      1.31          0.63    75.36     0.64    0.67    0.87    0.33    0.84     70.80   6.23    92.56   82.47   0.75    928.60     4.60     N/A      0.42      0.93          0.00          1.45           90.58        
26   R0996-D7TS312_4     312s    71.07    100.00  22    N/A       N/A        0.55      0.60       55.89    N/A           28.13    46.37    6.315    6.741    140   0    0     0     70.00  76.43  N/A         N/A          0.24         -0.04        76.43  73.611   1.50     6.23        15.8        126      3.3      2.77          0.63    75.00     0.64    0.68    0.88    0.32    0.84     72.70   6.23    92.59   83.05   0.75    950.50     4.36     33.06    0.43      52.04         1.77          1.45           94.20        
27   R0996-D7TS190_5     190     71.07    100.00  22    N/A       N/A        0.55      N/A        55.72    N/A           29.20    47.69    6.235    6.728    140   1    0     0     69.29  77.14  N/A         N/A          0.12         N/A          77.14  74.852   1.56     6.41        15.5        124      2.9      2.46          0.63    75.36     0.64    0.68    0.86    0.31    0.85     73.30   6.11    91.88   81.93   0.76    936.60     4.67     42.54    0.44      11.16         5.31          0.72           94.93        
28   R0996-D7TS174_5     174     71.07    100.00  22    N/A       N/A        0.55      N/A        54.65    N/A           30.27    46.88    6.213    6.68     140   1    0     0     72.86  77.86  N/A         N/A          0.70         N/A          77.86  74.069   1.58     6.50        15.5        124      3.1      2.83          0.63    75.71     0.64    0.68    0.87    0.32    0.84     73.70   6.11    92.37   81.86   0.75    934.20     4.48     81.49    0.42      48.33         2.65          2.17           94.93        
29   R0996-D7TS356_5     356     70.89    100.00  29    N/A       N/A        0.51      N/A        57.86    N/A           28.58    41.20    6.493    7.049    140   0    0     0     64.29  73.57  N/A         N/A          -0.68        N/A          74.29  73.161   1.48     5.95        15.7        126      3.4      0.50          0.65    75.00     0.67    0.68    0.82    0.30    0.84     74.00   6.23    90.53   80.62   0.73    944.50     5.07     84.03    0.46      0.00          0.00          0.00           98.55        
30   R0996-D7TS208_5     208     70.89    100.00  29    N/A       N/A        0.51      N/A        53.22    N/A           24.22    43.60    6.099    6.562    140   0    0     0     71.43  75.71  N/A         N/A          0.47         N/A          75.71  68.904   1.60     6.59        15          127      3.1      1.20          0.61    77.86     0.62    0.66    0.88    0.32    0.85     60.00   6.11    91.78   80.55   0.76    906.60     4.39     79.73    0.39      0.00          1.77          1.45           91.30        
31   R0996-D7TS102_5     102s    70.89    100.00  29    N/A       N/A        0.51      0.54       54.82    N/A           34.72    48.34    6.175    6.648    140   1    0     0     71.43  76.43  N/A         N/A          0.47         0.51         76.43  75.606   1.59     6.41        15.5        124      3        1.11          0.64    78.57     0.66    0.70    0.88    0.31    0.85     71.60   6.23    92.47   82.35   0.76    938.30     4.47     71.15    0.44      1.86          0.00          0.00           97.10        
32   R0996-D7TS312_3     312s    70.89    100.00  29    N/A       N/A        0.51      0.54       55.18    N/A           28.62    46.98    6.255    6.684    140   0    0     0     71.43  74.29  N/A         N/A          0.47         0.51         74.29  73.851   1.59     6.41        15.7        127      3.3      3.00          0.64    77.86     0.65    0.69    0.88    0.32    0.84     72.60   6.11    92.68   83.03   0.75    947.90     4.32     33.00    0.42      57.16         3.54          1.45           94.93        
33   R0996-D7TS433_2     433     70.89    100.00  29    N/A       N/A        0.51      N/A        53.39    N/A           0.00     30.92    6.152    6.221    140   1    0     0     72.14  78.57  N/A         N/A          0.58         N/A          78.57  75.063   1.67     6.32        15.3        124      3        6.00          0.21    57.93     0.48    0.16    0.88    0.32    0.84     73.70   6.11    92.06   81.12   0.75    919.50     4.48     N/A      0.00      2.75          N/A           2.17           94.93        
34   R0996-D7TS433_5     433     70.89    100.00  29    N/A       N/A        0.51      N/A        53.22    N/A           0.00     29.52    6.857    6.98     140   0    0     0     72.14  75.71  N/A         N/A          0.58         N/A          75.71  74.234   1.54     6.05        15.2        127      3.4      6.00          0.20    57.46     0.47    0.16    0.88    0.40    0.84     55.30   6.11    91.45   80.89   0.75    919.50     5.20     N/A      0.00      2.75          N/A           11.59          76.81        
35   R0996-D7TS217_3     217     70.71    100.00  35    N/A       N/A        0.48      N/A        54.28    N/A           31.70    46.25    6.294    6.661    140   0    0     0     70.71  75.71  N/A         N/A          0.35         N/A          75.71  74.53    1.54     6.23        15.2        124      3.1      3.53          0.55    75.71     0.64    0.69    0.87    0.34    0.84     76.60   6.11    91.15   80.42   0.75    921.10     5.17     83.09    0.42      91.12         3.54          5.80           83.33        
36   R0996-D7TS068_1     068     70.71    100.00  35    0.48      N/A        0.48      N/A        55.18    N/A           29.25    44.39    5.619    6.008    140   0    0     0     67.86  77.14  -0.03       N/A          -0.11        N/A          77.14  65.918   1.94     6.23        15.7        124      2.8      1.19          0.64    75.00     0.66    0.67    0.87    0.48    0.83     72.80   6.11    93.10   82.65   0.74    946.80     4.06     85.27    0.43      1.86          0.00          0.00           96.38        
37   R0996-D7TS004_1     004s    70.71    100.00  35    0.48      0.45       0.48      0.48       54.28    0.36          32.49    47.53    6.199    6.669    140   0    0     0     72.14  77.86  0.65        0.72         0.58         0.78         77.86  70.264   1.64     6.50        15.5        127      3.2      0.99          0.63    76.43     0.65    0.68    0.87    0.31    0.84     69.40   6.23    92.44   82.64   0.75    934.80     4.37     79.00    0.42      0.00          1.77          0.00           95.65        
38   R0996-D7TS356_4     356     70.71    100.00  35    N/A       N/A        0.48      N/A        59.65    N/A           37.22    48.67    6.073    6.781    140   0    0     0     65.71  75.00  N/A         N/A          -0.45        N/A          75.00  74.237   1.45     5.95        15.5        123      3.6      0.50          0.66    73.21     0.66    0.68    0.81    0.36    0.85     73.20   5.86    90.46   81.13   0.74    935.80     4.12     80.57    0.47      0.00          0.00          0.00           99.28        
39   R0996-D7TS425_2     425     70.71    100.00  35    N/A       N/A        0.48      N/A        54.47    N/A           29.91    47.02    6.331    6.538    140   0    0     0     72.14  79.29  N/A         N/A          0.58         N/A          79.29  76.481   1.68     6.50        15.8        122      2.5      0.82          0.66    79.29     0.66    0.71    0.74    0.50    0.86     69.90   5.19    87.44   84.67   0.76    951.60     3.05     88.13    0.44      0.46          0.00          0.00           97.10        
40   R0996-D7TS102_4     102s    70.54    100.00  40    N/A       N/A        0.45      0.43       53.39    N/A           33.89    48.32    6.192    6.646    140   1    0     0     71.43  76.43  N/A         N/A          0.47         0.51         76.43  70.565   1.60     6.41        15.3        124      3        0.91          0.64    77.50     0.65    0.69    0.88    0.31    0.84     71.60   6.23    92.37   82.06   0.75    925.50     4.49     71.06    0.44      1.39          0.00          0.00           97.83        
41   R0996-D7TS344_1     344     70.54    100.00  40    0.45      N/A        0.45      N/A        55.18    N/A           32.57    48.29    6.237    6.603    140   2    0     0     70.00  76.43  0.31        N/A          0.24         N/A          76.43  75.344   1.61     6.41        15.4        128      3.4      1.31          0.64    80.00     0.66    0.69    0.87    0.31    0.85     71.98   6.11    92.66   81.92   0.75    925.00     4.52     80.61    0.46      0.46          0.00          2.17           85.51        
42   R0996-D7TS117_2     117     70.54    100.00  40    N/A       N/A        0.45      N/A        53.39    N/A           25.10    45.11    6.19     6.609    140   1    0     0     72.14  75.71  N/A         N/A          0.58         N/A          75.71  68.642   1.55     6.32        15.5        123      3.1      4.09          0.62    75.00     0.63    0.69    0.88    0.32    0.84     90.70   6.11    92.80   82.72   0.75    934.10     4.40     80.78    0.40      106.88        17.70         6.52           85.51        
43   R0996-D7TS433_1     433     70.54    100.00  40    0.45      N/A        0.45      N/A        54.10    N/A           0.00     31.31    6.222    6.293    140   1    0     0     72.86  77.86  0.76        N/A          0.70         N/A          77.86  74.623   1.51     6.32        15.3        124      3.1      6.00          0.21    57.93     0.48    0.16    0.88    0.32    0.84     73.70   6.11    92.10   81.03   0.75    918.30     4.52     N/A      0.00      5.50          N/A           2.17           94.93        
44   R0996-D7TS358_4     358     70.54    100.00  40    N/A       N/A        0.45      N/A        53.75    N/A           33.63    47.88    5.762    6.234    140   0    0     0     70.00  77.86  N/A         N/A          0.24         N/A          77.86  70.498   1.65     6.50        15.3        127      3.1      2.33          0.60    76.79     0.65    0.69    0.90    0.48    0.83     70.10   6.23    92.32   82.11   0.76    924.70     4.08     79.99    0.43      35.33         0.00          0.00           95.65        
45   R0996-D7TS217_1     217     70.36    100.00  45    0.42      N/A        0.42      N/A        54.11    N/A           30.44    45.18    6.254    6.623    140   0    0     0     70.00  77.14  0.31        N/A          0.24         N/A          77.14  74.96    1.69     6.41        15          124      3.2      3.75          0.53    75.71     0.63    0.69    0.88    0.34    0.85     64.30   6.11    91.07   79.93   0.75    908.90     5.36     82.66    0.43      110.65        5.31          7.97           83.33        
46   R0996-D7TS431_5     431     70.36    100.00  45    N/A       N/A        0.42      N/A        53.39    N/A           32.90    46.36    6.298    6.892    140   1    0     0     70.00  76.43  N/A         N/A          0.24         N/A          76.43  70.225   1.64     6.50        14.6        126      3.2      1.76          0.61    74.64     0.65    0.65    0.87    0.34    0.84     73.30   5.99    91.77   80.88   0.75    888.30     5.04     78.44    0.43      0.00          7.96          3.62           89.13        
47   R0996-D7TS433_3     433     70.36    100.00  45    N/A       N/A        0.42      N/A        52.85    N/A           0.00     30.95    6.319    6.391    140   1    0     0     72.14  75.71  N/A         N/A          0.58         N/A          75.71  74.646   1.63     6.23        15.3        125      3.2      6.00          0.21    58.16     0.48    0.16    0.87    0.32    0.84     73.70   6.11    92.11   81.36   0.75    920.10     4.49     N/A      0.00      2.75          N/A           2.17           94.93        
48   R0996-D7TS102_1     102s    70.18    100.00  48    0.39      0.33       0.39      0.31       52.68    0.11          35.66    47.42    6.414    6.785    140   1    0     0     70.71  74.29  0.42        0.27         0.35         0.23         74.29  73.341   1.53     6.14        14.5        119      3        1.11          0.64    75.36     0.66    0.70    0.76    0.35    0.84     69.30   5.99    90.19   81.22   0.74    879.80     4.58     71.04    0.46      1.86          0.00          0.00           97.10        
49   R0996-D7TS156_4     156s    70.00    100.00  49    N/A       N/A        0.36      0.25       54.64    N/A           32.63    48.10    6.466    6.9      140   0    0     0     71.43  75.71  N/A         N/A          0.47         0.51         76.43  73.004   1.57     6.14        15          120      3.2      1.05          0.65    73.93     0.66    0.69    0.83    0.46    0.83     67.50   5.73    88.28   82.29   0.74    907.10     4.49     82.48    0.45      0.46          0.00          0.00           94.20        
50   R0996-D7TS270_2     270     70.00    100.00  49    N/A       N/A        0.36      N/A        53.04    N/A           30.31    44.57    6.573    7.025    140   1    0     0     67.14  73.57  N/A         N/A          -0.22        N/A          73.57  73.482   1.54     6.05        14.8        124      3.3      1.45          0.62    73.93     0.63    0.66    0.81    0.31    0.84     70.90   5.99    91.71   81.16   0.73    898.40     4.83     N/A      0.43      0.00          3.54          1.45           90.58        
51   R0996-D7TS217_2     217     69.82    100.00  51    N/A       N/A        0.33      N/A        53.57    N/A           30.51    45.40    6.169    6.568    140   1    0     0     70.00  77.14  N/A         N/A          0.24         N/A          77.14  74.237   1.71     6.23        14.9        125      3.2      3.55          0.55    75.36     0.64    0.69    0.87    0.33    0.85     74.70   6.11    91.49   80.15   0.75    904.90     4.97     84.47    0.43      100.88        3.54          6.52           84.78        
52   R0996-D7TS492_4     492     69.82    100.00  51    N/A       N/A        0.33      N/A        52.68    N/A           28.30    43.34    5.371    6.011    140   0    0     0     72.14  75.71  N/A         N/A          0.58         N/A          77.14  74.443   1.67     6.23        14.9        128      3        0.93          0.61    77.50     0.63    0.65    0.90    0.33    0.85     73.70   6.11    91.28   80.96   0.75    904.20     3.57     78.33    0.38      0.00          0.88          1.45           93.48        
53   R0996-D7TS156_2     156s    69.82    100.00  51    N/A       N/A        0.33      0.20       54.46    N/A           32.36    47.10    6.37     6.818    140   0    0     0     70.71  75.71  N/A         N/A          0.35         0.23         76.43  74.077   1.52     6.14        15          121      3.1      0.89          0.65    75.00     0.66    0.69    0.83    0.43    0.84     67.60   5.73    88.47   82.54   0.74    908.40     4.34     82.22    0.45      0.00          0.00          0.00           94.20        
54   R0996-D7TS196_5     196     69.82    100.00  51    N/A       N/A        0.33      N/A        51.43    N/A           27.26    42.43    6.271    6.765    140   9    0     0     70.71  75.71  N/A         N/A          0.35         N/A          75.71  73.811   1.67     6.41        14.2        126      3.2      1.75          0.59    74.64     0.60    0.65    0.86    0.35    0.84     57.20   6.11    90.87   78.11   0.74    867.30     5.35     81.63    0.39      0.46          2.65          5.80           77.54        
55   R0996-D7TS390_2     390     69.82    100.00  51    N/A       N/A        0.33      N/A        52.32    N/A           31.33    44.45    6.395    6.729    140   1    0     0     70.00  75.00  N/A         N/A          0.24         N/A          75.00  73.293   1.73     6.23        14.4        124      3.8      1.19          0.63    78.93     0.65    0.69    0.77    0.35    0.85     65.90   5.99    90.11   81.53   0.73    878.70     4.12     74.64    0.44      1.86          0.00          0.00           96.38        
56   R0996-D7TS359_5     359s    69.82    100.00  51    N/A       N/A        0.33      0.20       51.43    N/A           27.26    42.43    6.271    6.765    140   9    0     0     70.71  75.71  N/A         N/A          0.35         0.23         75.71  73.811   1.67     6.41        14.2        126      3.2      1.75          0.59    74.64     0.60    0.65    0.86    0.35    0.84     57.20   6.11    90.87   78.11   0.74    867.30     5.35     81.63    0.39      0.46          2.65          5.80           77.54        
57   R0996-D7TS270_4     270     69.64    100.00  57    N/A       N/A        0.29      N/A        54.11    N/A           29.16    44.34    6.711    7.163    140   1    0     0     67.86  73.57  N/A         N/A          -0.11        N/A          75.00  72.487   1.60     6.05        14.3        125      4        2.27          0.60    72.14     0.63    0.65    0.85    0.36    0.83     74.40   5.86    91.09   79.74   0.73    869.70     5.77     N/A      0.42      2.32          7.96          2.90           89.13        
58   R0996-D7TS208_4     208     69.64    100.00  57    N/A       N/A        0.29      N/A        51.78    N/A           25.42    42.77    6.378    6.915    140   0    0     0     72.86  75.71  N/A         N/A          0.70         N/A          75.71  74.552   1.65     6.23        14.7        125      3.3      1.07          0.59    74.64     0.61    0.64    0.87    0.33    0.84     70.70   6.11    91.12   79.74   0.75    891.70     4.94     78.83    0.37      0.00          0.00          0.72           89.13        
59   R0996-D7TS102_3     102s    69.64    100.00  57    N/A       N/A        0.29      0.14       52.32    N/A           30.01    43.55    6.159    6.534    140   1    0     0     70.00  75.71  N/A         N/A          0.24         -0.04        75.71  73.48    1.60     5.95        15          123      3.1      0.99          0.63    78.21     0.65    0.69    0.87    0.31    0.84     71.60   5.99    92.20   81.62   0.74    906.90     4.35     72.58    0.41      1.86          0.00          0.00           97.83        
60   R0996-D7TS390_1     390     69.64    100.00  57    0.30      N/A        0.29      N/A        52.86    N/A           34.27    47.12    6.438    6.713    140   1    0     0     70.00  76.43  0.31        N/A          0.24         N/A          77.14  73.659   1.59     6.59        15.1        122      3.1      1.03          0.64    78.57     0.67    0.69    0.77    0.35    0.85     67.40   5.86    90.22   81.73   0.74    882.80     4.08     73.62    0.46      1.39          0.00          0.00           97.10        
61   R0996-D7TS344_5     344     69.46    100.00  61    N/A       N/A        0.26      N/A        51.61    N/A           27.87    43.34    6.222    6.626    140   1    0     0     70.71  76.43  N/A         N/A          0.35         N/A          76.43  73.335   1.60     6.23        14.7        127      3.5      1.51          0.60    78.21     0.63    0.67    0.86    0.31    0.84     73.67   6.11    91.54   80.16   0.74    888.10     4.49     80.09    0.44      0.00          2.65          3.62           83.33        
62   R0996-D7TS344_4     344     69.46    100.00  61    N/A       N/A        0.26      N/A        51.61    N/A           27.87    43.34    6.222    6.626    140   1    0     0     70.71  76.43  N/A         N/A          0.35         N/A          76.43  73.335   1.60     6.23        14.7        127      3.5      1.51          0.60    78.21     0.63    0.67    0.86    0.31    0.84     73.67   6.11    91.54   80.16   0.74    888.10     4.49     80.09    0.44      0.00          2.65          3.62           83.33        
63   R0996-D7TS390_3     390     69.29    100.00  63    N/A       N/A        0.23      N/A        52.32    N/A           32.57    45.17    6.55     6.871    140   1    0     0     70.00  73.57  N/A         N/A          0.24         N/A          74.29  73.211   1.62     6.05        14.2        119      3.2      0.70          0.63    76.07     0.66    0.69    0.75    0.38    0.84     71.50   5.99    90.30   81.63   0.73    867.30     4.34     73.96    0.44      0.46          0.00          0.00           97.83        
64   R0996-D7TS174_2     174     69.29    100.00  63    N/A       N/A        0.23      N/A        52.14    N/A           29.30    44.61    6.348    6.68     140   0    0     0     70.00  75.00  N/A         N/A          0.24         N/A          75.71  73.183   1.59     6.14        14.9        125      3.5      1.67          0.64    77.86     0.67    0.68    0.84    0.35    0.84     72.90   5.73    91.51   83.50   0.74    906.20     4.05     N/A      0.44      9.76          0.88          0.00           97.10        
65   R0996-D7TS281_3     281     69.29    100.00  63    N/A       N/A        0.23      N/A        51.60    N/A           25.89    43.05    6.261    6.641    140   0    0     0     72.86  77.14  N/A         N/A          0.70         N/A          77.14  68.583   1.65     6.32        14.8        121      2.6      1.84          0.61    73.21     0.63    0.67    0.80    0.39    0.86     61.90   6.11    90.52   80.84   0.75    899.40     4.56     77.45    0.39      19.99         0.00          0.00           97.83        
66   R0996-D7TS390_4     390     69.29    100.00  63    N/A       N/A        0.23      N/A        52.68    N/A           34.84    46.87    6.52     6.837    140   1    0     0     69.29  75.71  N/A         N/A          0.12         N/A          75.71  73.383   1.64     6.23        14.4        121      3.4      0.91          0.64    78.21     0.66    0.69    0.77    0.35    0.84     71.50   5.86    90.05   81.25   0.74    876.00     4.15     71.36    0.45      1.39          0.00          0.72           97.83        
67   R0996-D7TS358_5     358     69.29    100.00  63    N/A       N/A        0.23      N/A        53.39    N/A           31.75    45.94    8.539    9.116    140   0    0     0     70.00  76.43  N/A         N/A          0.24         N/A          76.43  73.153   1.65     6.23        14.6        120      2.7      2.16          0.58    71.79     0.64    0.65    0.74    0.46    0.79     67.60   6.11    92.24   80.80   0.73    890.20     9.05     77.85    0.37      33.01         0.00          0.72           97.10        
68   R0996-D7TS492_1     492     69.29    100.00  63    0.24      N/A        0.23      N/A        51.43    N/A           23.46    41.24    5.517    6.224    140   0    0     0     70.00  75.00  0.31        N/A          0.24         N/A          75.71  73.583   1.76     6.05        14.9        127      3.4      1.27          0.60    75.00     0.61    0.63    0.90    0.29    0.85     74.40   6.11    91.21   80.30   0.74    901.40     3.63     77.67    0.37      0.46          0.88          0.00           87.68        
69   R0996-D7TS492_2     492     69.11    100.00  69    N/A       N/A        0.20      N/A        50.72    N/A           26.89    43.42    5.433    6.215    140   0    0     0     73.57  77.14  N/A         N/A          0.81         N/A          77.86  69.612   1.77     6.50        14.6        126      3.2      0.85          0.62    75.71     0.64    0.64    0.89    0.29    0.85     64.80   6.11    90.29   80.62   0.74    886.70     3.69     78.20    0.40      0.00          0.88          0.72           94.93        
70   R0996-D7TS208_1     208     69.11    100.00  69    0.21      N/A        0.20      N/A        50.89    N/A           22.08    41.15    6.318    6.823    140   0    0     0     69.29  77.86  0.20        N/A          0.12         N/A          77.86  67.903   1.88     6.14        14.4        124      3.3      1.61          0.57    75.00     0.60    0.62    0.87    0.35    0.84     62.70   5.86    90.99   77.77   0.74    870.20     5.57     78.52    0.38      0.00          2.65          7.25           75.36        
71   R0996-D7TS156_3     156s    69.11    100.00  69    N/A       N/A        0.20      -0.03      55.53    N/A           31.04    46.63    6.537    6.854    140   0    0     0     67.14  72.86  N/A         N/A          -0.22        -1.14        72.86  73.33    1.58     5.86        14.8        122      3.3      1.01          0.65    73.21     0.66    0.69    0.84    0.39    0.83     76.70   5.86    90.07   82.44   0.73    899.60     4.50     82.34    0.43      0.46          0.00          0.72           94.93        
72   R0996-D7TS270_5     270     69.11    100.00  69    N/A       N/A        0.20      N/A        53.57    N/A           27.42    43.62    6.614    7.134    140   1    0     0     66.43  72.86  N/A         N/A          -0.33        N/A          72.86  71.806   1.62     5.86        14.7        122      3.3      1.50          0.61    73.93     0.63    0.66    0.82    0.31    0.84     73.00   5.99    91.38   81.23   0.72    892.80     4.69     N/A      0.42      0.46          1.77          2.17           85.51        
73   R0996-D7TS281_2     281     69.11    100.00  69    N/A       N/A        0.20      N/A        53.39    N/A           26.57    43.66    6.463    6.962    140   1    0     0     69.29  77.14  N/A         N/A          0.12         N/A          77.14  67.383   1.59     6.41        14.6        117      2.4      1.89          0.60    74.29     0.63    0.67    0.79    0.31    0.87     63.50   6.11    90.06   80.20   0.74    885.70     4.44     76.87    0.41      25.10         0.00          0.00           100.00       
74   R0996-D7TS328_1     328     69.11    100.00  69    0.21      N/A        0.20      N/A        50.89    N/A           28.05    43.61    7.079    7.539    140   0    0     0     70.00  76.43  0.31        N/A          0.24         N/A          76.43  68.186   1.59     6.23        14.9        126      3.4      1.55          0.61    72.86     0.62    0.67    0.87    0.40    0.83     67.40   5.73    91.43   80.40   0.74    902.90     5.40     N/A      0.39      0.46          2.65          2.17           89.13        
75   R0996-D7TS492_3     492     68.93    100.00  75    N/A       N/A        0.17      N/A        50.18    N/A           26.42    43.31    5.681    6.363    140   0    0     0     70.00  72.14  N/A         N/A          0.24         N/A          73.57  67.968   1.83     6.14        14.3        124      3.3      1.03          0.61    77.14     0.62    0.65    0.88    0.32    0.85     69.80   6.11    90.07   79.97   0.74    869.70     3.80     77.87    0.39      0.00          0.88          2.17           90.58        
76   R0996-D7TS328_2     328     68.93    100.00  75    N/A       N/A        0.17      N/A        50.89    N/A           29.36    43.86    7.102    7.574    140   0    0     0     70.00  75.71  N/A         N/A          0.24         N/A          75.71  72.961   1.64     6.14        14.8        126      3.4      2.17          0.61    72.86     0.62    0.66    0.87    0.40    0.83     60.50   5.73    91.47   80.36   0.74    899.10     5.64     N/A      0.39      1.86          6.19          5.07           86.96        
77   R0996-D7TS328_3     328     68.93    100.00  75    N/A       N/A        0.17      N/A        51.07    N/A           29.09    44.66    7.084    7.558    140   0    0     0     70.00  76.43  N/A         N/A          0.24         N/A          76.43  67.833   1.61     6.41        14.8        126      3.4      1.77          0.62    72.50     0.63    0.67    0.87    0.41    0.82     64.60   5.73    91.45   80.21   0.74    896.40     5.44     N/A      0.40      0.46          4.42          5.80           86.96        
78   R0996-D7TS358_2     358     68.93    100.00  75    N/A       N/A        0.17      N/A        53.22    N/A           31.15    46.40    8.555    9.046    140   0    0     0     70.00  75.71  N/A         N/A          0.24         N/A          75.71  68.6     1.60     6.14        14.4        121      2.9      2.07          0.57    72.86     0.64    0.65    0.75    0.47    0.78     67.60   6.11    92.00   79.74   0.73    878.50     9.26     77.58    0.38      35.33         0.00          0.72           97.83        
79   R0996-D7TS328_5     328     68.93    100.00  75    N/A       N/A        0.17      N/A        51.43    N/A           29.40    43.86    7.089    7.547    140   0    0     0     69.29  76.43  N/A         N/A          0.12         N/A          76.43  68.131   1.55     6.23        14.9        126      3.4      1.33          0.61    71.43     0.61    0.66    0.87    0.40    0.83     65.80   5.73    91.42   80.15   0.74    902.40     5.50     N/A      0.39      0.93          0.88          4.35           89.86        
80   R0996-D7TS344_3     344     68.75    100.00  80    N/A       N/A        0.14      N/A        50.54    N/A           29.89    45.33    6.138    6.471    140   1    0     0     69.29  75.71  N/A         N/A          0.12         N/A          75.71  73.133   1.74     6.14        15          128      3.4      1.16          0.63    77.50     0.64    0.68    0.86    0.32    0.84     74.76   6.11    91.84   81.35   0.74    908.90     4.51     80.04    0.43      0.00          0.88          2.90           84.78        
81   R0996-D7TS358_1     358     68.57    100.00  81    0.12      N/A        0.10      N/A        53.40    N/A           31.50    45.27    8.593    9.215    140   0    0     0     68.57  73.57  0.08        N/A          0.01         N/A          74.29  71.839   1.52     6.14        14.4        119      2.7      2.06          0.58    71.07     0.64    0.65    0.74    0.48    0.79     67.60   6.11    91.93   79.90   0.73    875.90     9.23     77.20    0.39      37.66         0.00          0.72           98.55        
82   R0996-D7TS359_4     359s    68.57    100.00  81    N/A       N/A        0.10      -0.20      49.46    N/A           26.50    40.84    6.241    6.758    140   9    0     0     70.71  76.43  N/A         N/A          0.35         0.23         76.43  68.101   1.68     6.32        14.2        126      3.2      1.73          0.58    74.29     0.60    0.64    0.86    0.35    0.84     54.40   6.11    90.75   77.47   0.74    865.50     5.46     81.39    0.37      0.46          2.65          7.25           78.99        
83   R0996-D7TS281_1     281     68.57    100.00  81    0.12      N/A        0.10      N/A        51.07    N/A           25.12    41.51    6.532    6.916    140   0    0     0     71.43  77.14  0.53        N/A          0.47         N/A          77.14  73.161   1.67     6.23        14.6        122      2.7      1.92          0.60    72.50     0.62    0.67    0.79    0.39    0.86     61.90   6.11    90.57   80.74   0.74    886.90     4.89     76.29    0.39      24.64         0.00          0.00           97.83        
84   R0996-D7TS174_3     174     68.57    100.00  81    N/A       N/A        0.10      N/A        51.07    N/A           29.32    45.93    6.421    6.717    140   0    0     0     67.86  73.57  N/A         N/A          -0.11        N/A          74.29  66.966   1.49     5.86        14.4        125      3.8      1.46          0.63    77.86     0.66    0.68    0.84    0.36    0.83     71.20   5.86    91.37   82.98   0.73    875.70     4.12     N/A      0.43      5.58          0.88          0.00           97.10        
85   R0996-D7TS086_5     086     68.57    100.00  81    N/A       N/A        0.10      N/A        50.89    N/A           27.42    43.63    5.129    5.613    140   1    0     0     75.00  80.71  N/A         N/A          1.04         N/A          80.71  75.337   1.73     6.96        14.8        130      3.6      0.96          0.61    73.57     0.61    0.68    0.92    0.45    0.84     69.00   6.23    91.85   80.78   0.76    898.40     4.32     N/A      0.40      0.46          0.00          0.00           95.65        
86   R0996-D7TS328_4     328     68.57    100.00  81    N/A       N/A        0.10      N/A        50.90    N/A           28.58    44.01    7.073    7.59     140   0    0     0     69.29  76.43  N/A         N/A          0.12         N/A          76.43  73.48    1.64     6.14        14.8        125      3.4      1.83          0.60    70.71     0.63    0.65    0.87    0.40    0.83     65.10   5.73    91.29   79.81   0.74    897.30     5.41     N/A      0.38      0.46          5.31          4.35           86.96        
87   R0996-D7TS196_4     196     68.57    100.00  81    N/A       N/A        0.10      N/A        49.46    N/A           26.50    40.84    6.241    6.758    140   9    0     0     70.71  76.43  N/A         N/A          0.35         N/A          76.43  68.101   1.68     6.32        14.2        126      3.2      1.73          0.58    74.29     0.60    0.64    0.86    0.35    0.84     54.40   6.11    90.75   77.47   0.74    865.50     5.46     81.39    0.37      0.46          2.65          7.25           78.99        
88   R0996-D7TS112_1     112     68.21    100.00  88    0.05      N/A        0.04      N/A        52.85    N/A           32.23    45.05    7.618    8.023    140   1    0     0     67.14  72.14  -0.15       N/A          -0.22        N/A          72.86  71.858   1.58     5.68        14.4        117      3.1      1.45          0.59    68.93     0.62    0.64    0.71    0.44    0.82     74.00   5.86    87.89   75.59   0.71    854.20     9.65     86.01    0.40      0.00          3.54          2.17           90.58        
89   R0996-D7TS068_5     068     68.21    100.00  88    N/A       N/A        0.04      N/A        53.57    N/A           28.95    43.72    6.491    7.031    140   0    0     0     66.43  75.00  N/A         N/A          -0.33        N/A          75.00  73.105   1.69     5.77        14.6        118      2.9      1.36          0.64    70.36     0.65    0.65    0.85    0.50    0.83     65.70   5.04    86.02   81.01   0.73    889.90     4.95     85.34    0.41      1.39          0.88          0.00           92.03        
90   R0996-D7TS492_5     492     68.04    100.00  90    N/A       N/A        0.01      N/A        49.82    N/A           26.24    41.72    5.711    6.415    140   0    0     0     71.43  76.43  N/A         N/A          0.47         N/A          77.14  65.227   1.82     6.05        14.4        127      3.4      1.49          0.59    75.36     0.62    0.63    0.85    0.29    0.85     60.90   6.11    90.97   80.54   0.73    876.90     3.65     77.89    0.37      0.46          2.65          4.35           91.30        
91   R0996-D7TS425_4     425     68.04    100.00  90    N/A       N/A        0.01      N/A        51.61    N/A           30.83    42.08    6.656    7.122    140   0    0     0     71.43  75.00  N/A         N/A          0.47         N/A          75.00  71.952   1.67     6.14        14.2        115      2.6      0.66          0.63    80.00     0.64    0.70    0.76    0.46    0.84     65.70   4.74    88.29   81.96   0.72    865.80     3.69     N/A      0.43      0.00          0.00          0.00           97.10        
92   R0996-D7TS068_3     068     68.04    100.00  90    N/A       N/A        0.01      N/A        52.68    N/A           29.85    46.33    6.592    7.063    140   0    0     0     69.29  72.86  N/A         N/A          0.12         N/A          72.86  71.606   1.56     5.86        14.8        119      3.1      1.02          0.63    74.29     0.66    0.67    0.81    0.36    0.82     71.10   5.99    92.31   82.84   0.73    900.80     3.96     81.35    0.46      0.93          0.88          0.00           96.38        
93   R0996-D7TS174_4     174     67.86    100.00  93    N/A       N/A        -0.02     N/A        50.18    N/A           28.79    42.56    6.328    6.653    140   0    0     0     67.86  74.29  N/A         N/A          -0.11        N/A          75.00  72.829   1.72     5.77        14.7        123      3.6      2.11          0.63    80.00     0.65    0.69    0.83    0.34    0.84     61.30   5.86    91.35   83.01   0.73    894.90     4.00     N/A      0.44      1.39          5.31          3.62           83.33        
94   R0996-D7TS425_3     425     67.68    100.00  94    N/A       N/A        -0.05     N/A        52.32    N/A           30.41    43.34    6.681    7.009    140   0    0     0     70.71  74.29  N/A         N/A          0.35         N/A          74.29  72.074   1.69     6.23        14.9        117      2.9      0.70          0.64    79.64     0.64    0.70    0.83    0.45    0.84     62.60   5.46    88.02   84.04   0.73    904.60     3.43     N/A      0.44      0.46          0.00          0.00           97.83        
95   R0996-D7TS068_4     068     67.32    100.00  95    N/A       N/A        -0.12     N/A        52.50    N/A           30.20    43.85    6.541    7.073    140   0    0     0     67.86  70.71  N/A         N/A          -0.11        N/A          71.43  66.712   1.59     5.86        14.6        121      3.2      1.11          0.63    73.21     0.65    0.66    0.77    0.38    0.82     65.60   6.11    92.55   81.61   0.72    888.30     4.48     80.78    0.42      1.39          0.00          0.72           96.38        
96   R0996-D7TS208_2     208     67.32    100.00  95    N/A       N/A        -0.12     N/A        48.57    N/A           23.85    40.70    6.206    6.726    140   0    0     0     70.71  75.00  N/A         N/A          0.35         N/A          75.00  71.842   1.75     6.14        14          126      3.3      1.49          0.58    75.00     0.61    0.62    0.87    0.35    0.84     57.20   6.11    91.07   77.90   0.74    856.00     4.71     78.58    0.38      0.00          3.54          2.17           89.13        
97   R0996-D7TS117_1     117     67.32    100.00  95    -0.10     N/A        -0.12     N/A        50.53    N/A           24.46    42.89    6.837    7.403    140   1    0     0     70.00  73.57  0.31        N/A          0.24         N/A          73.57  64.511   1.66     6.05        14.6        120      3        4.31          0.58    72.50     0.58    0.66    0.86    0.35    0.82     75.50   6.11    92.13   80.00   0.73    887.20     5.51     79.82    0.35      80.39         29.20         14.49          71.74        
98   R0996-D7TS270_1     270     67.32    100.00  95    -0.10     N/A        -0.12     N/A        50.72    N/A           28.46    43.83    6.736    7.288    140   1    0     0     65.71  71.43  -0.37       N/A          -0.45        N/A          71.43  70.484   1.58     5.41        14.3        123      3.5      1.45          0.60    73.57     0.63    0.66    0.80    0.29    0.83     74.80   5.99    91.30   80.82   0.71    873.30     4.65     N/A      0.43      0.00          3.54          2.17           90.58        
99   R0996-D7TS086_3     086     67.32    100.00  95    N/A       N/A        -0.12     N/A        51.61    N/A           27.72    43.86    6.692    7.237    140   0    0     0     65.71  72.86  N/A         N/A          -0.45        N/A          72.86  70.147   1.57     5.77        13.6        118      3.5      0.87          0.62    73.57     0.64    0.67    0.85    0.43    0.80     70.90   5.86    87.87   79.80   0.70    834.70     4.21     N/A      0.42      1.39          0.00          0.00           99.28        
100  R0996-D7TS344_2     344     67.14    100.00  100   N/A       N/A        -0.15     N/A        49.47    N/A           27.63    43.25    6.249    6.717    140   1    0     0     70.71  77.86  N/A         N/A          0.35         N/A          77.86  72.416   1.66     6.32        14.3        126      3.3      1.70          0.59    73.21     0.62    0.66    0.86    0.36    0.84     69.90   6.11    90.57   77.89   0.74    868.10     5.09     81.44    0.40      0.00          3.54          2.90           76.09        
101  R0996-D7TS086_4     086     66.96    100.00  101   N/A       N/A        -0.18     N/A        49.29    N/A           28.00    40.06    5.746    6.251    140   0    0     0     67.14  74.29  N/A         N/A          -0.22        N/A          75.71  71.388   1.72     6.05        14          123      3        0.66          0.61    74.29     0.63    0.68    0.89    0.43    0.82     64.10   5.99    90.69   78.95   0.72    856.00     4.67     N/A      0.41      0.46          0.88          0.00           98.55        
102  R0996-D7TS086_2     086     66.79    100.00  102   N/A       N/A        -0.21     N/A        48.22    N/A           24.73    39.34    5.473    5.898    140   0    0     0     72.14  81.43  N/A         N/A          0.58         N/A          81.43  68.085   1.89     6.50        14.4        126      3.1      0.78          0.61    77.14     0.64    0.68    0.89    0.42    0.82     65.50   6.23    90.39   79.38   0.73    877.30     3.67     N/A      0.40      0.93          0.00          0.00           98.55        
103  R0996-D7TS425_5     425     66.79    100.00  102   N/A       N/A        -0.21     N/A        49.82    N/A           27.10    42.04    6.845    7.013    140   0    0     0     68.57  76.43  N/A         N/A          0.01         N/A          77.14  66.389   1.70     6.32        14.2        119      2.9      1.02          0.63    81.07     0.64    0.70    0.73    0.50    0.84     63.10   4.89    87.75   82.24   0.72    866.70     3.41     N/A      0.42      0.93          0.00          0.00           96.38        
104  R0996-D7TS112_2     112     66.25    100.00  104   N/A       N/A        -0.31     N/A        50.18    N/A           31.20    42.87    6.57     7.041    140   1    0     0     67.86  73.57  N/A         N/A          -0.11        N/A          73.57  66.169   1.76     5.77        14.1        118      2.9      1.24          0.59    70.36     0.62    0.64    0.77    0.42    0.84     76.00   5.86    89.09   76.04   0.70    840.00     6.83     87.39    0.41      0.93          0.00          2.17           92.75        
105  R0996-D7TS196_3     196     66.25    100.00  104   N/A       N/A        -0.31     N/A        46.43    N/A           25.05    38.86    6.235    6.763    140   8    0     0     70.00  77.14  N/A         N/A          0.24         N/A          77.14  66.569   1.84     6.41        13.9        127      3.3      2.20          0.57    73.57     0.59    0.64    0.85    0.35    0.84     50.30   6.11    90.32   76.16   0.73    848.80     5.68     81.09    0.35      1.86          4.42          5.80           77.54        
106  R0996-D7TS102_2     102s    66.25    100.00  104   N/A       N/A        -0.31     -0.94      48.93    N/A           32.41    44.27    6.622    6.981    140   1    0     0     68.57  73.57  N/A         N/A          0.01         -0.59        73.57  70.418   1.69     6.05        13.7        121      4        0.82          0.62    76.43     0.64    0.68    0.76    0.35    0.83     67.50   5.99    89.79   80.84   0.71    839.80     4.34     71.34    0.42      0.46          0.00          0.00           97.10        
107  R0996-D7TS359_3     359s    66.25    100.00  104   N/A       N/A        -0.31     -0.94      46.43    N/A           25.05    38.86    6.235    6.763    140   8    0     0     70.00  77.14  N/A         N/A          0.24         -0.04        77.14  66.569   1.84     6.41        13.9        127      3.3      2.20          0.57    73.57     0.59    0.64    0.85    0.35    0.84     50.30   6.11    90.32   76.16   0.73    848.80     5.68     81.09    0.35      1.86          4.42          5.80           77.54        
108  R0996-D7TS068_2     068     66.07    100.00  108   N/A       N/A        -0.34     N/A        51.96    N/A           27.95    42.80    6.771    7.432    140   0    0     0     67.14  70.71  N/A         N/A          -0.22        N/A          71.43  64.68    1.72     5.41        14.2        119      3.8      1.17          0.63    73.57     0.64    0.66    0.83    0.43    0.81     71.10   5.73    91.15   82.66   0.70    863.70     3.99     80.79    0.42      0.93          0.88          0.72           94.20        
109  R0996-D7TS112_4     112     65.18    100.00  109   N/A       N/A        -0.50     N/A        48.22    N/A           30.68    41.85    7.038    7.411    140   1    0     0     65.71  74.29  N/A         N/A          -0.45        N/A          74.29  63.155   1.66     5.68        13.2        119      3        1.11          0.58    70.00     0.62    0.63    0.74    0.42    0.83     74.80   5.86    88.56   75.33   0.70    815.20     7.66     86.79    0.40      0.00          1.77          0.00           93.48        
110  R0996-D7TS112_5     112     65.00    100.00  110   N/A       N/A        -0.53     N/A        48.93    N/A           31.63    42.05    7.275    7.721    140   1    0     0     65.00  72.86  N/A         N/A          -0.56        N/A          72.86  65.434   1.64     5.59        13.6        118      2.9      1.78          0.57    68.57     0.62    0.63    0.73    0.41    0.83     76.00   5.86    87.60   74.91   0.70    811.80     8.58     86.88    0.41      1.39          2.65          2.17           88.41        
111  R0996-D7TS112_3     112     64.82    100.00  111   N/A       N/A        -0.56     N/A        48.57    N/A           30.04    41.67    7.497    7.853    140   1    0     0     65.00  72.14  N/A         N/A          -0.56        N/A          72.14  69.317   1.63     5.59        13.3        116      3        1.49          0.59    68.93     0.62    0.62    0.72    0.43    0.83     69.90   5.73    88.01   75.39   0.69    820.40     8.64     86.66    0.40      0.93          2.65          1.45           94.20        
112  R0996-D7TS196_2     196     61.96    100.00  112   N/A       N/A        -1.07     N/A        41.61    N/A           21.22    33.41    6.255    6.809    140   14   0     0     62.86  72.86  N/A         N/A          -0.91        N/A          72.86  61.042   1.81     5.86        13.1        127      3.5      2.10          0.56    73.57     0.59    0.63    0.83    0.36    0.83     46.60   5.99    89.00   74.79   0.69    806.10     6.08     78.48    0.35      1.86          3.54          5.07           79.71        
113  R0996-D7TS359_2     359s    61.96    100.00  112   N/A       N/A        -1.07     -2.31      41.61    N/A           21.22    33.41    6.255    6.809    140   14   0     0     62.86  72.86  N/A         N/A          -0.91        -2.78        72.86  61.042   1.81     5.86        13.1        127      3.5      2.10          0.56    73.57     0.59    0.63    0.83    0.36    0.83     46.60   5.99    89.00   74.79   0.69    806.10     6.08     78.48    0.35      1.86          3.54          5.07           79.71        
114  R0996-D7TS288_2     288     60.00    100.00  114   N/A       N/A        -1.42     N/A        42.14    N/A           19.58    35.77    7.843    8.154    140   0    0     0     62.14  72.86  N/A         N/A          -1.02        N/A          72.86  58.919   1.80     5.32        11.3        115      2.6      1.64          0.55    63.57     0.56    0.57    0.70    0.60    0.79     70.10   4.89    81.26   69.92   0.68    710.70     5.85     82.99    0.29      0.00          4.42          2.17           85.51        
115  R0996-D7TS195_1     195     59.82    100.00  115   -1.39     N/A        -1.45     N/A        41.97    N/A           24.33    36.37    6.317    7.023    140   1    0     0     55.71  67.86  -1.96       N/A          -2.06        N/A          67.86  56.893   1.89     4.68        11.6        127      4.7      1.56          0.53    59.29     0.61    0.58    0.87    0.41    0.84     68.40   5.99    85.63   70.07   0.66    726.00     7.66     N/A      0.36      0.00          5.31          2.17           91.30        
116  R0996-D7TS359_1     359s    59.64    100.00  116   -1.42     -1.99      -1.48     -3.05      39.82    -1.94         19.76    32.77    6.314    6.895    140   22   0     0     63.57  71.43  -0.71       -1.98        -0.79        -2.51        71.43  57.667   1.87     5.50        12.4        127      4        1.45          0.55    73.93     0.58    0.63    0.81    0.37    0.83     51.60   5.60    86.93   73.33   0.67    770.30     6.03     76.06    0.34      0.00          1.77          5.07           78.26        
117  R0996-D7TS196_1     196     59.64    100.00  116   -1.42     N/A        -1.48     N/A        39.82    N/A           19.76    32.77    6.314    6.895    140   22   0     0     63.57  71.43  -0.71       N/A          -0.79        N/A          71.43  57.667   1.87     5.50        12.4        127      4        1.45          0.55    73.93     0.58    0.63    0.81    0.37    0.83     51.60   5.60    86.93   73.33   0.67    770.30     6.03     76.06    0.34      0.00          1.77          5.07           78.26        
118  R0996-D7TS288_1     288     57.68    100.00  118   -1.75     N/A        -1.83     N/A        38.03    N/A           19.57    32.67    8.226    8.439    140   0    0     0     61.43  71.43  -1.05       N/A          -1.14        N/A          71.43  58.761   2.05     5.68        11.3        116      3.1      1.51          0.54    69.64     0.56    0.58    0.72    0.67    0.81     58.20   4.74    80.90   72.09   0.67    710.10     5.70     83.90    0.32      0.00          3.54          1.45           88.41        
119  R0996-D7TS288_4     288     57.68    100.00  118   N/A       N/A        -1.83     N/A        39.46    N/A           16.48    33.20    7.751    8.189    140   0    0     0     63.57  69.29  N/A         N/A          -0.79        N/A          69.29  59.958   1.85     5.50        11.2        110      2.9      1.35          0.54    65.71     0.56    0.58    0.77    0.57    0.79     76.10   4.07    83.07   72.10   0.66    685.40     5.23     81.73    0.33      0.00          2.65          0.72           90.58        
120  R0996-D7TS288_5     288     57.50    100.00  120   N/A       N/A        -1.86     N/A        38.57    N/A           17.91    32.33    6.863    7.135    140   0    0     0     62.86  70.71  N/A         N/A          -0.91        N/A          70.71  56.313   1.90     5.68        10.7        114      3.1      2.03          0.53    65.36     0.56    0.56    0.77    0.64    0.79     72.10   5.04    78.84   70.30   0.66    677.00     5.61     83.14    0.30      0.93          5.31          2.90           82.61        
121  R0996-D7TS288_3     288     56.96    100.00  121   N/A       N/A        -1.96     N/A        37.68    N/A           19.37    32.40    6.588    6.932    140   0    0     0     60.00  72.86  N/A         N/A          -1.37        N/A          74.29  58.064   2.04     5.59        12          119      3.2      1.26          0.57    72.14     0.57    0.60    0.76    0.46    0.84     67.70   4.89    85.32   74.69   0.66    746.30     4.18     86.13    0.31      0.00          1.77          0.72           89.13        
122  R0996-D7TS431_4     431     51.25    100.00  122   N/A       N/A        -2.97     N/A        39.82    N/A           21.30    32.45    8.737    9.109    140   1    0     0     47.86  57.86  N/A         N/A          -3.32        N/A          59.29  55.806   1.90     4.77        8.5         99       3        1.40          0.47    41.79     0.54    0.41    0.57    0.88    0.75     60.90   5.04    71.74   60.48   0.55    562.90     19.04    62.47    0.27      0.00          3.54          1.45           92.03        
123  R0996-D7TS431_3     431     48.39    100.00  123   N/A       N/A        -3.48     N/A        35.18    N/A           16.96    26.76    8.364    9.022    140   1    0     0     42.86  58.57  N/A         N/A          -4.12        N/A          58.57  48.171   1.97     4.22        7.4         100      3.7      1.20          0.46    42.50     0.53    0.43    0.59    0.92    0.74     59.30   4.74    73.01   60.82   0.53    504.20     14.12    59.93    0.29      0.00          1.77          1.45           91.30        
124  R0996-D7TS431_1     431     46.96    100.00  124   -3.59     N/A        -3.73     N/A        34.64    N/A           18.42    26.45    11.332   11.522   140   1    0     0     42.14  55.71  -4.11       N/A          -4.24        N/A          55.71  47.053   2.18     3.49        6.7         87       2.7      0.96          0.46    42.50     0.54    0.42    0.45    1.03    0.69     67.40   4.74    74.95   61.50   0.53    467.10     21.85    59.14    0.26      0.00          0.88          0.72           92.75        
125  R0996-D7TS431_2     431     30.54    100.00  125   N/A       N/A        -6.64     N/A        18.57    N/A           8.82     14.78    13.875   14.571   140   2    0     0     26.43  46.43  N/A         N/A          -6.76        N/A          47.86  33.175   2.21     2.21        3.1         75       3.4      1.22          0.34    32.50     0.48    0.29    0.30    1.65    0.56     72.30   3.50    58.59   48.71   0.38    277.20     35.63    49.74    0.17      0.00          3.54          0.00           95.65        

