#    Model               GR#     GDT_TS   NP_P    RANK  Z-M1-GDT  Z-M1s-GDT  Z-MA-GDT  Z-MAs-GDT  GDT_HA   Z-M1s-GDT-HA  GDC_SC   GDC_ALL  RMS_CA   RMS_ALL  NP    err  PC01  PC05  AL0_P  AL4_P  Z-M1-AL0_p  Z-M1s-AL0_p  Z-MA-AL0_p   Z-MAs-AL0_p  ALI_P  LGA_S    RMSD[L]  Z-score[M]  Z-Score[D]  Al.Res.  RMSD[D]  MolPrb_Score  LDDT    SphGr     CAD_AA  RPF     CODM    DFM     Handed.  SOV     CE      QCS     CONTS   TMscore  Dali(raw)  FlexE    QSE      CAD_SS    MolPrb_clash  MolPrb_rotout  MolPrb_ramout  MolPrb_ramfv 

-    starting_model      -       75.14    -       -     -         -          -         -          54.44    -             28.63    -        2.67     3.48     -     -    -     -     -      -      -           -            -            -            -      -        -        9.06        22.40       173      2.20     3.20          0.66    83.61     0.65    0.73    0.96    0.21    0.93     86.20   6.81    92.83   84.37   0.86     1617.30    2.36     91.41    0.42      23.59         16.45         2.25           93.82        

1    R0999-D3TS425_2     425     79.31    100.00  1     N/A       N/A        1.22      N/A        59.73    N/A           33.29    52.52    2.477    3.324    180   0    0     0     82.78  90.56  N/A         N/A          0.78         N/A          90.56  86.474   1.57     9.22        23.5        173      2        0.80          0.71    89.44     0.70    0.78    0.96    0.21    0.94     77.90   6.92    94.09   88.16   0.88    1685.40    1.80     89.14    0.49      1.04          0.00          0.00           98.31        
2    R0999-D3TS086_4     086     78.75    100.00  2     N/A       N/A        1.14      N/A        60.70    N/A           36.01    53.01    2.521    3.359    180   0    0     0     82.78  90.56  N/A         N/A          0.78         N/A          90.56  86.079   1.57     9.14        23.7        176      2.2      0.86          0.72    90.28     0.71    0.77    0.96    0.21    0.94     88.60   6.81    94.02   87.77   0.88    1708.10    1.83     N/A      0.49      1.04          0.00          0.00           97.75        
3    R0999-D3TS425_1     425     78.75    100.00  2     1.28      N/A        1.14      N/A        60.70    N/A           36.01    53.01    2.521    3.359    180   0    0     0     82.78  90.56  0.85        N/A          0.78         N/A          90.56  86.079   1.57     9.14        23.7        176      2.2      0.86          0.72    90.28     0.71    0.77    0.96    0.21    0.94     88.60   6.81    94.02   87.77   0.88    1708.10    1.83     N/A      0.49      1.04          0.00          0.00           97.75        
4    R0999-D3TS086_5     086     78.75    100.00  2     N/A       N/A        1.14      N/A        59.72    N/A           37.44    52.55    2.947    3.646    180   0    0     0     81.11  88.33  N/A         N/A          0.62         N/A          88.89  84.946   1.61     9.06        23.3        174      2.3      0.80          0.72    90.28     0.71    0.79    0.95    0.20    0.93     84.40   6.81    93.62   88.29   0.86    1679.90    1.69     89.41    0.52      1.04          0.66          0.00           98.88        
5    R0999-D3TS086_3     086     78.06    100.00  5     N/A       N/A        1.04      N/A        59.03    N/A           32.43    49.70    2.989    3.841    180   0    0     0     80.00  88.89  N/A         N/A          0.51         N/A          88.89  84.929   1.61     9.22        21.5        172      2.1      0.93          0.67    85.83     0.67    0.74    0.94    0.26    0.93     80.30   6.58    92.10   85.75   0.85    1558.50    2.09     N/A      0.44      1.39          0.00          0.00           97.75        
6    R0999-D3TS425_5     425     77.78    100.00  6     N/A       N/A        1.00      N/A        58.20    N/A           37.10    50.84    2.848    3.602    180   0    0     0     77.78  90.56  N/A         N/A          0.30         N/A          90.56  85.482   1.70     8.99        22.8        172      2.1      0.93          0.70    90.28     0.70    0.78    0.95    0.24    0.92     77.10   6.70    92.73   86.66   0.86    1648.40    1.82     N/A      0.48      1.73          0.00          0.00           98.31        
7    R0999-D3TS086_2     086     77.36    100.00  7     N/A       N/A        0.94      N/A        57.09    N/A           31.21    49.38    2.776    3.648    180   0    0     0     81.67  90.56  N/A         N/A          0.68         N/A          90.56  84.425   1.66     8.99        22.4        173      2.2      0.95          0.68    87.50     0.67    0.75    0.95    0.21    0.93     87.00   6.70    93.19   87.25   0.86    1616.50    1.78     86.01    0.43      1.04          0.00          0.56           97.19        
8    R0999-D3TS156_4     156s    77.08    100.00  8     N/A       N/A        0.90      1.11       56.66    N/A           33.79    47.45    2.606    3.386    180   0    0     0     83.89  91.67  N/A         N/A          0.89         1.37         91.67  85.383   1.78     9.06        22.8        174      2.2      0.86          0.69    88.06     0.69    0.74    0.96    0.19    0.93     81.90   6.81    92.93   85.92   0.86    1647.90    2.20     91.36    0.46      1.04          0.00          0.56           97.75        
9    R0999-D3TS356_1     356     76.94    100.00  9     0.99      N/A        0.88      N/A        56.80    N/A           34.87    47.85    2.646    3.362    180   0    0     0     80.00  91.67  0.56        N/A          0.51         N/A          91.67  81.871   1.79     9.14        22.5        175      2.3      0.78          0.69    88.06     0.69    0.74    0.96    0.19    0.93     86.30   6.81    92.21   83.93   0.86    1622.30    2.28     91.39    0.46      0.35          0.00          0.00           97.19        
10   R0999-D3TS156_3     156s    76.67    100.00  10    N/A       N/A        0.84      0.95       56.67    N/A           34.45    47.79    2.597    3.364    180   0    0     0     84.44  91.67  N/A         N/A          0.95         1.57         91.67  85.826   1.78     9.14        22.9        174      2.2      0.84          0.69    88.06     0.69    0.75    0.96    0.19    0.93     81.90   6.92    93.02   86.04   0.86    1650.30    2.18     91.07    0.47      0.35          0.00          0.56           96.63        
11   R0999-D3TS390_1     390     76.39    100.00  11    0.91      N/A        0.80      N/A        56.25    N/A           31.79    47.76    2.628    3.391    180   0    0     0     82.22  91.11  0.79        N/A          0.73         N/A          91.11  81.289   1.67     9.22        22.9        173      2.2      1.33          0.69    86.39     0.68    0.74    0.96    0.22    0.93     87.80   6.81    93.40   85.96   0.86    1650.30    2.03     87.30    0.45      2.77          0.00          0.56           96.07        
12   R0999-D3TS425_4     425     76.39    100.00  11    N/A       N/A        0.80      N/A        55.84    N/A           34.22    47.77    2.985    3.762    180   0    0     0     76.11  88.89  N/A         N/A          0.14         N/A          88.89  84.776   1.76     8.76        22.2        172      2.2      1.02          0.69    89.17     0.68    0.76    0.95    0.26    0.92     75.10   6.70    92.94   86.08   0.84    1606.20    2.17     N/A      0.46      1.39          0.00          0.00           97.19        
13   R0999-D3TS312_2     312s    76.11    100.00  13    N/A       N/A        0.76      0.72       56.53    N/A           30.77    46.16    2.601    3.433    180   0    0     0     81.11  90.00  N/A         N/A          0.62         0.32         90.00  82.374   1.84     8.91        22.5        172      2.2      2.44          0.67    85.28     0.68    0.74    0.96    0.19    0.93     85.20   6.92    92.15   84.26   0.86    1623.20    2.39     24.24    0.45      54.79         1.97          0.00           100.00       
14   R0999-D3TS086_1     086     76.11    100.00  13    0.86      N/A        0.76      N/A        56.11    N/A           29.72    47.40    2.764    3.699    180   3    0     0     83.33  90.56  0.91        N/A          0.84         N/A          90.56  84.666   1.70     8.99        22.2        174      2.3      0.86          0.66    85.83     0.67    0.73    0.95    0.19    0.93     88.70   6.70    93.20   86.51   0.86    1603.10    1.91     N/A      0.42      1.04          0.00          0.56           97.75        
15   R0999-D3TS457_2     457     75.97    100.00  15    N/A       N/A        0.74      N/A        55.28    N/A           33.45    46.48    2.817    3.558    180   0    0     0     78.89  90.56  N/A         N/A          0.41         N/A          90.56  84.357   1.59     9.29        23.6        173      2.1      1.54          0.69    88.33     0.68    0.76    0.96    0.19    0.92     83.20   6.81    93.80   86.69   0.84    1698.40    1.97     90.65    0.45      5.89          0.00          0.56           96.63        
16   R0999-D3TS312_1     312s    75.97    100.00  15    0.84      0.83       0.74      0.67       56.11    0.84          30.93    46.28    2.613    3.438    180   0    0     0     80.56  90.00  0.62        0.48         0.57         0.11         90.00  82.153   1.82     8.91        22.5        174      2.2      2.29          0.67    85.56     0.67    0.74    0.96    0.19    0.93     86.20   6.92    92.14   84.35   0.86    1625.20    2.40     24.39    0.45      57.21         0.00          1.12           97.75        
17   R0999-D3TS312_4     312s    75.97    100.00  15    N/A       N/A        0.74      0.67       56.25    N/A           32.69    46.38    2.619    3.433    180   0    0     0     80.56  90.56  N/A         N/A          0.57         0.11         90.56  82.463   1.85     8.91        22.5        173      2.2      2.42          0.67    86.39     0.68    0.74    0.96    0.19    0.93     85.20   6.92    92.19   84.44   0.86    1623.20    2.36     24.46    0.46      63.45         1.32          0.56           97.75        
18   R0999-D3TS312_5     312s    75.69    100.00  18    N/A       N/A        0.70      0.56       55.98    N/A           33.15    46.85    2.609    3.442    180   0    0     0     81.11  90.00  N/A         N/A          0.62         0.32         90.00  81.671   1.86     8.99        22.5        173      2.2      2.65          0.67    85.00     0.68    0.74    0.96    0.19    0.93     85.20   6.92    92.21   84.38   0.86    1626.30    2.36     24.25    0.45      61.72         3.29          0.00           98.88        
19   R0999-D3TS102_4     102s    75.69    100.00  18    N/A       N/A        0.70      0.56       55.42    N/A           30.95    46.66    2.837    3.496    180   0    0     0     77.78  89.44  N/A         N/A          0.30         -0.94        89.44  83.86    1.65     9.06        22.3        171      2.1      1.33          0.66    85.00     0.66    0.73    0.96    0.24    0.92     88.60   6.92    92.84   85.21   0.85    1610.80    1.90     86.15    0.43      2.77          0.66          0.56           96.07        
20   R0999-D3TS425_3     425     75.56    100.00  20    N/A       N/A        0.68      N/A        54.73    N/A           31.17    47.60    2.874    3.669    180   0    0     0     78.33  89.44  N/A         N/A          0.35         N/A          89.44  83.921   1.71     9.06        21.3        173      2.2      0.80          0.67    88.33     0.66    0.75    0.94    0.29    0.93     78.20   6.35    91.70   83.82   0.85    1546.40    2.12     N/A      0.44      1.04          0.00          0.00           98.31        
21   R0999-D3TS457_1     457     75.56    100.00  20    0.77      N/A        0.68      N/A        54.72    N/A           31.50    43.89    2.927    3.714    180   0    0     0     76.11  91.11  0.15        N/A          0.14         N/A          91.11  84.9     1.60     9.14        23          172      2.1      1.56          0.68    87.50     0.68    0.75    0.95    0.24    0.92     79.30   6.70    93.15   86.03   0.84    1656.70    1.92     90.95    0.43      4.85          0.66          0.56           95.51        
22   R0999-D3TS312_3     312s    75.56    100.00  20    N/A       N/A        0.68      0.51       55.84    N/A           27.85    45.37    2.614    3.483    180   0    0     0     80.56  90.00  N/A         N/A          0.57         0.11         90.00  81.073   1.89     9.14        22.4        174      2.3      2.58          0.66    86.39     0.67    0.73    0.96    0.19    0.93     86.70   6.92    92.12   84.11   0.86    1618.70    2.43     24.56    0.43      68.31         1.97          0.56           97.75        
23   R0999-D3TS356_2     356     75.42    100.00  23    N/A       N/A        0.66      N/A        53.75    N/A           30.65    47.99    2.609    3.411    180   0    0     0     78.89  90.56  N/A         N/A          0.41         N/A          90.56  84.561   1.76     9.29        22          176      2.3      0.56          0.66    85.28     0.67    0.72    0.96    0.21    0.92     85.40   6.81    91.26   82.64   0.86    1590.50    2.62     90.58    0.45      0.00          0.00          1.12           97.75        
24   R0999-D3TS431_5     431     75.28    100.00  24    N/A       N/A        0.64      N/A        53.20    N/A           29.05    45.73    2.713    3.446    180   0    0     0     80.00  90.56  N/A         N/A          0.51         N/A          90.56  83.94    1.72     9.14        21.9        173      2.1      1.75          0.64    86.11     0.66    0.71    0.96    0.21    0.92     87.10   6.81    90.66   81.72   0.86    1582.80    2.82     86.87    0.43      0.35          6.58          1.69           91.57        
25   R0999-D3TS112_3     112     75.28    100.00  24    N/A       N/A        0.64      N/A        54.72    N/A           29.93    45.78    2.701    3.467    180   0    0     0     81.11  91.11  N/A         N/A          0.62         N/A          91.11  81.07    1.80     9.06        22.3        173      2.2      2.42          0.64    84.17     0.66    0.73    0.96    0.21    0.93     85.40   6.81    92.42   83.69   0.85    1612.30    2.43     90.61    0.43      3.12          11.84         1.12           91.57        
26   R0999-D3TS270_3     270     75.28    100.00  24    N/A       N/A        0.64      N/A        54.30    N/A           27.00    45.25    2.672    3.451    180   0    0     0     81.11  91.11  N/A         N/A          0.62         N/A          91.11  80.389   1.80     9.22        22.1        172      2.1      2.03          0.63    83.33     0.66    0.73    0.96    0.22    0.93     89.10   6.81    91.97   83.18   0.85    1601.10    2.39     N/A      0.44      1.04          8.55          1.12           91.01        
27   R0999-D3TS102_1     102s    75.14    100.00  27    0.71      0.60       0.62      0.34       55.00    0.60          31.89    46.51    2.649    3.437    180   0    0     0     81.67  90.56  0.73        0.80         0.68         0.53         90.56  82.565   1.70     9.14        22.5        172      2.1      1.33          0.68    86.11     0.68    0.74    0.96    0.22    0.93     97.40   6.81    92.79   85.25   0.86    1628.40    2.05     87.39    0.46      2.08          0.00          1.12           94.94        
28   R0999-D3TS174_3     174     75.14    100.00  27    N/A       N/A        0.62      N/A        54.44    N/A           27.10    45.06    2.686    3.514    180   0    0     0     81.67  91.11  N/A         N/A          0.68         N/A          91.11  81.192   1.82     9.14        22.3        172      2.1      2.36          0.66    83.33     0.64    0.73    0.96    0.22    0.93     93.20   6.81    92.74   84.33   0.85    1612.90    2.46     N/A      0.42      1.73          10.53         4.49           85.39        
29   R0999-D3TS156_2     156s    75.00    100.00  29    N/A       N/A        0.60      0.29       54.86    N/A           33.49    46.66    2.552    3.304    180   0    0     0     81.11  92.22  N/A         N/A          0.62         0.32         92.22  81.766   1.82     9.29        23.1        175      2.2      0.90          0.69    87.78     0.69    0.76    0.97    0.21    0.93     78.90   6.81    92.79   86.03   0.86    1663.50    2.24     90.91    0.46      0.35          0.00          1.12           96.07        
30   R0999-D3TS190_5     190     74.86    100.00  30    N/A       N/A        0.58      N/A        53.89    N/A           28.10    46.23    2.667    3.466    180   0    0     0     81.67  91.67  N/A         N/A          0.68         N/A          91.67  81.48    1.85     9.22        22.4        172      2.1      2.78          0.66    83.61     0.66    0.73    0.96    0.21    0.93     85.20   6.81    92.76   84.37   0.86    1619.00    2.21     91.30    0.42      26.71         7.24          1.12           96.63        
31   R0999-D3TS112_5     112     74.86    100.00  30    N/A       N/A        0.58      N/A        55.56    N/A           31.05    46.85    3.019    3.567    180   0    0     0     73.89  87.22  N/A         N/A          -0.08        N/A          87.22  78.746   1.84     8.91        19.5        173      2.5      1.22          0.61    84.44     0.65    0.71    0.95    0.28    0.92     78.30   6.58    88.23   79.05   0.84    1426.30    3.43     89.41    0.43      0.35          2.63          1.12           96.07        
32   R0999-D3TS156_5     156s    74.72    100.00  32    N/A       N/A        0.56      0.18       54.58    N/A           33.72    46.63    2.541    3.282    180   0    0     0     81.11  92.78  N/A         N/A          0.62         0.32         92.78  81.645   1.83     9.29        23          176      2.2      0.90          0.69    87.78     0.69    0.76    0.97    0.20    0.93     78.10   6.81    92.75   85.94   0.86    1659.00    2.27     91.02    0.46      0.35          0.00          1.12           96.07        
33   R0999-D3TS156_1     156s    74.72    100.00  32    0.64      0.48       0.56      0.18       54.72    0.54          32.38    45.97    2.554    3.286    180   0    0     0     81.11  92.22  0.68        0.64         0.62         0.32         92.22  81.3     1.87     9.37        23          176      2.2      1.07          0.69    88.06     0.69    0.76    0.97    0.21    0.93     78.10   6.81    92.51   85.94   0.86    1657.50    2.29     91.28    0.46      1.04          0.00          1.12           96.07        
34   R0999-D3TS102_2     102s    74.72    100.00  32    N/A       N/A        0.56      0.18       53.33    N/A           29.43    45.11    2.649    3.467    180   0    0     0     83.33  90.56  N/A         N/A          0.84         1.16         90.56  80.274   1.83     9.14        22.3        172      2.1      1.28          0.67    84.72     0.67    0.73    0.96    0.22    0.93     87.60   6.81    92.09   84.31   0.85    1611.10    2.20     87.47    0.45      2.77          0.66          1.12           96.63        
35   R0999-D3TS390_3     390     74.58    100.00  35    N/A       N/A        0.54      N/A        53.34    N/A           32.21    46.87    2.677    3.476    180   0    0     0     81.67  90.00  N/A         N/A          0.68         N/A          90.00  80.612   1.72     8.99        22.5        173      2.2      1.29          0.67    86.67     0.67    0.74    0.96    0.22    0.93     89.60   6.81    91.75   85.16   0.85    1624.00    2.10     87.56    0.45      2.08          0.00          0.56           95.51        
36   R0999-D3TS457_5     457     74.58    100.00  35    N/A       N/A        0.54      N/A        53.89    N/A           29.55    46.88    2.661    3.453    180   0    0     0     81.67  91.67  N/A         N/A          0.68         N/A          91.67  81.736   1.86     9.06        22.4        173      2.1      3.43          0.67    83.89     0.65    0.73    0.96    0.22    0.93     85.80   6.81    92.78   84.26   0.86    1620.30    2.35     88.42    0.42      39.88         17.11         2.25           93.82        
37   R0999-D3TS390_5     390     74.58    100.00  35    N/A       N/A        0.54      N/A        53.61    N/A           30.68    46.31    2.679    3.516    180   0    0     0     82.22  90.56  N/A         N/A          0.73         N/A          90.56  83.684   1.76     9.06        22.1        172      2.5      1.20          0.67    84.44     0.68    0.73    0.96    0.23    0.93     87.40   6.81    92.27   85.62   0.85    1600.40    2.08     87.21    0.44      2.08          0.00          0.56           96.63        
38   R0999-D3TS433_4     433     74.58    100.00  35    N/A       N/A        0.54      N/A        53.61    N/A           0.00     28.53    2.778    2.754    180   1    0     0     79.44  91.11  N/A         N/A          0.46         N/A          91.11  83.069   1.87     9.29        21.7        172      2.4      6.00          0.21    60.17     0.48    0.15    0.96    0.21    0.92     85.20   6.81    91.70   83.83   0.85    1573.30    2.41     N/A      0.00      1.08          N/A           2.25           93.82        
39   R0999-D3TS174_2     174     74.58    100.00  35    N/A       N/A        0.54      N/A        54.16    N/A           30.21    45.80    2.717    3.405    180   0    0     0     80.00  90.00  N/A         N/A          0.51         N/A          90.00  82.707   1.71     9.06        21.8        169      2.2      1.50          0.68    87.50     0.67    0.74    0.96    0.22    0.93     86.00   6.81    91.78   85.07   0.85    1579.80    2.12     N/A      0.44      9.36          0.00          0.00           100.00       
40   R0999-D3TS433_2     433     74.44    100.00  40    N/A       N/A        0.52      N/A        53.75    N/A           0.00     29.55    2.635    2.596    180   0    0     0     82.22  91.67  N/A         N/A          0.73         N/A          91.67  83.419   1.85     9.14        22.4        175      2.2      6.00          0.21    60.17     0.48    0.15    0.96    0.22    0.92     86.20   6.81    92.92   84.67   0.86    1619.50    2.32     N/A      0.00      1.08          N/A           2.25           93.82        
41   R0999-D3TS328_4     328     74.44    100.00  40    N/A       N/A        0.52      N/A        53.61    N/A           33.38    46.80    3.019    3.629    180   0    0     0     79.44  86.67  N/A         N/A          0.46         N/A          86.67  80.615   1.70     8.53        21.6        170      2.3      2.01          0.67    82.78     0.67    0.75    0.95    0.25    0.92     98.30   6.70    91.75   83.93   0.84    1566.80    3.18     N/A      0.45      2.77          3.29          2.81           89.89        
42   R0999-D3TS433_1     433     74.44    100.00  40    0.59      N/A        0.52      N/A        53.89    N/A           0.00     29.59    2.678    2.641    180   0    0     0     81.67  90.56  0.73        N/A          0.68         N/A          90.56  83.684   1.80     9.14        22.4        173      2.1      6.00          0.21    60.17     0.48    0.15    0.96    0.21    0.92     86.20   6.81    92.61   84.35   0.86    1615.90    2.37     N/A      0.00      1.08          N/A           2.25           93.82        
43   R0999-D3TS359_4     359s    74.31    100.00  43    N/A       N/A        0.50      0.01       53.20    N/A           28.54    44.96    2.749    3.578    180   1    0     0     80.00  90.56  N/A         N/A          0.51         -0.10        90.56  80.491   1.71     9.06        20.8        173      2.2      1.90          0.62    82.22     0.64    0.70    0.95    0.23    0.92     72.20   6.70    89.93   79.09   0.85    1515.00    3.13     87.84    0.39      0.35          5.26          3.37           80.90        
44   R0999-D3TS112_2     112     74.31    100.00  43    N/A       N/A        0.50      N/A        54.44    N/A           28.68    46.44    3.218    3.844    180   0    0     0     76.67  87.22  N/A         N/A          0.19         N/A          87.22  79.904   1.70     8.91        19.8        172      2.6      1.34          0.62    82.78     0.64    0.71    0.95    0.27    0.92     87.20   6.58    89.35   79.96   0.84    1446.90    3.40     88.62    0.40      1.39          2.63          0.00           97.19        
45   R0999-D3TS174_1     174     74.31    100.00  43    0.57      N/A        0.50      N/A        54.30    N/A           29.96    45.85    2.704    3.387    180   0    0     0     80.00  90.56  0.56        N/A          0.51         N/A          90.56  83.528   1.76     9.06        22          169      2.1      1.48          0.68    86.94     0.67    0.74    0.96    0.22    0.93     87.50   6.92    91.93   85.45   0.85    1595.40    2.06     N/A      0.44      9.02          0.00          0.00           98.88        
46   R0999-D3TS174_4     174     74.31    100.00  43    N/A       N/A        0.50      N/A        53.75    N/A           31.56    45.57    2.66     3.368    180   0    0     0     80.56  91.11  N/A         N/A          0.57         N/A          91.11  80.027   1.73     9.14        22.2        174      2.2      2.12          0.61    86.39     0.67    0.75    0.96    0.23    0.93     84.10   6.81    92.52   84.05   0.85    1604.80    2.43     N/A      0.42      43.36         0.00          0.00           98.31        
47   R0999-D3TS196_4     196     74.31    100.00  43    N/A       N/A        0.50      N/A        53.20    N/A           28.54    44.96    2.749    3.578    180   1    0     0     80.00  90.56  N/A         N/A          0.51         N/A          90.56  80.491   1.71     9.06        20.8        173      2.2      1.90          0.62    82.22     0.64    0.70    0.95    0.23    0.92     72.20   6.70    89.93   79.09   0.85    1515.00    3.13     87.84    0.39      0.35          5.26          3.37           80.90        
48   R0999-D3TS102_3     102s    74.31    100.00  43    N/A       N/A        0.50      0.01       53.61    N/A           31.51    46.41    2.675    3.514    180   0    0     0     81.67  91.11  N/A         N/A          0.68         0.53         91.11  81.152   1.81     9.06        22.5        172      2.1      1.34          0.67    84.44     0.67    0.73    0.96    0.23    0.93     87.70   6.81    92.48   84.81   0.86    1623.70    2.20     87.28    0.43      2.43          0.00          0.56           95.51        
49   R0999-D3TS460_4     460     74.17    100.00  49    N/A       N/A        0.48      N/A        52.78    N/A           28.65    44.66    2.664    3.438    180   1    0     0     81.67  90.56  N/A         N/A          0.68         N/A          90.56  80.455   1.81     9.14        21.4        174      2.2      2.35          0.65    84.17     0.66    0.72    0.96    0.21    0.92     83.50   6.81    91.12   81.58   0.85    1553.80    2.58     45.95    0.44      8.67          4.61          2.25           94.38        
50   R0999-D3TS460_3     460     74.17    100.00  49    N/A       N/A        0.48      N/A        52.64    N/A           28.85    44.87    2.658    3.432    180   1    0     0     81.11  91.11  N/A         N/A          0.62         N/A          91.11  80.452   1.80     9.22        21.5        176      2.3      2.28          0.66    85.00     0.66    0.73    0.96    0.22    0.92     83.50   6.81    91.15   81.84   0.85    1562.50    2.60     46.11    0.44      10.40         3.29          2.25           94.94        
51   R0999-D3TS433_3     433     74.17    100.00  49    N/A       N/A        0.48      N/A        53.47    N/A           0.00     28.25    2.776    2.736    180   1    0     0     80.00  89.44  N/A         N/A          0.51         N/A          89.44  79.982   1.87     9.06        21.9        174      2.3      6.00          0.21    60.17     0.48    0.15    0.96    0.23    0.92     86.20   6.81    92.24   84.16   0.85    1587.40    2.30     N/A      0.00      2.16          N/A           2.25           93.26        
52   R0999-D3TS460_5     460     74.03    100.00  52    N/A       N/A        0.46      N/A        52.50    N/A           28.78    44.82    2.657    3.431    180   0    0     0     81.11  91.11  N/A         N/A          0.62         N/A          91.11  80.445   1.80     9.22        21.6        175      2.3      2.34          0.66    84.72     0.66    0.73    0.96    0.23    0.92     83.50   6.81    91.24   82.17   0.85    1564.80    2.60     46.09    0.44      13.52         3.29          2.25           95.51        
53   R0999-D3TS359_5     359s    74.03    100.00  52    N/A       N/A        0.46      -0.10      53.05    N/A           28.11    45.00    2.713    3.538    180   0    0     0     81.11  91.11  N/A         N/A          0.62         0.32         91.11  78.892   1.82     9.22        21          173      2.1      2.00          0.62    82.78     0.64    0.70    0.96    0.23    0.92     69.00   6.81    90.05   79.28   0.85    1527.20    3.10     88.05    0.40      0.69          5.92          1.69           83.15        
54   R0999-D3TS196_5     196     74.03    100.00  52    N/A       N/A        0.46      N/A        53.05    N/A           28.11    45.00    2.713    3.538    180   0    0     0     81.11  91.11  N/A         N/A          0.62         N/A          91.11  78.892   1.82     9.22        21          173      2.1      2.00          0.62    82.78     0.64    0.70    0.96    0.23    0.92     69.00   6.81    90.05   79.28   0.85    1527.20    3.10     88.05    0.40      0.69          5.92          1.69           83.15        
55   R0999-D3TS174_5     174     74.03    100.00  52    N/A       N/A        0.46      N/A        53.20    N/A           28.68    43.56    2.702    3.588    180   0    0     0     79.44  90.00  N/A         N/A          0.46         N/A          90.00  79.746   1.90     8.99        21.8        173      2.3      2.19          0.59    85.56     0.66    0.73    0.96    0.21    0.92     82.60   6.81    92.09   83.73   0.85    1579.30    2.77     N/A      0.40      45.79         0.66          1.12           97.75        
56   R0999-D3TS328_2     328     73.89    100.00  56    N/A       N/A        0.44      N/A        53.34    N/A           27.15    43.39    3.051    3.854    180   0    0     0     75.56  86.11  N/A         N/A          0.08         N/A          86.11  79.81    1.77     8.53        21.4        170      2.3      2.06          0.65    80.56     0.65    0.71    0.95    0.24    0.92     96.20   6.70    91.14   82.73   0.83    1549.60    3.58     N/A      0.41      3.12          3.29          6.18           89.33        
57   R0999-D3TS102_5     102s    73.75    100.00  57    N/A       N/A        0.42      -0.21      53.75    N/A           30.87    45.52    2.72     3.457    180   0    0     0     79.44  90.56  N/A         N/A          0.46         -0.31        90.56  79.866   1.77     8.91        22.3        172      2.1      1.14          0.67    87.50     0.67    0.74    0.96    0.23    0.93     88.20   6.81    92.35   85.35   0.85    1615.50    1.99     86.06    0.44      1.39          0.00          1.12           96.07        
58   R0999-D3TS328_5     328     73.75    100.00  57    N/A       N/A        0.42      N/A        53.05    N/A           30.25    46.66    2.874    3.499    180   0    0     0     80.56  87.22  N/A         N/A          0.57         N/A          87.22  82.522   1.73     8.68        21.7        170      2.3      1.70          0.66    83.33     0.66    0.73    0.95    0.23    0.92     83.50   6.81    91.07   83.33   0.84    1575.70    3.22     N/A      0.42      1.39          3.29          3.37           93.26        
59   R0999-D3TS460_1     460     73.75    100.00  57    0.48      N/A        0.42      N/A        52.23    N/A           28.88    45.05    2.66     3.431    180   0    0     0     81.11  91.11  0.68        N/A          0.62         N/A          91.11  80.379   1.80     9.22        21.7        175      2.3      2.51          0.66    84.72     0.66    0.73    0.96    0.22    0.92     83.50   6.81    91.31   82.46   0.85    1569.40    2.59     46.20    0.44      15.95         3.29          2.81           93.82        
60   R0999-D3TS460_2     460     73.61    100.00  60    N/A       N/A        0.40      N/A        51.95    N/A           28.58    44.99    2.657    3.43     180   0    0     0     80.56  91.11  N/A         N/A          0.57         N/A          91.11  80.323   1.80     9.22        21.6        175      2.3      2.46          0.66    84.72     0.66    0.73    0.96    0.22    0.92     83.50   6.81    91.27   82.34   0.85    1568.80    2.59     46.26    0.44      16.30         3.29          2.25           94.94        
61   R0999-D3TS112_4     112     73.61    100.00  60    N/A       N/A        0.40      N/A        53.61    N/A           29.73    45.23    3        3.65     180   0    0     0     75.56  86.67  N/A         N/A          0.08         N/A          86.67  77.811   1.83     8.76        19.7        174      2.5      1.41          0.61    81.94     0.64    0.70    0.95    0.28    0.92     78.20   6.58    88.74   79.05   0.83    1438.20    3.51     89.76    0.41      1.04          1.97          0.56           94.38        
62   R0999-D3TS457_3     457     73.61    100.00  60    N/A       N/A        0.40      N/A        51.95    N/A           32.33    48.02    2.628    3.355    180   0    0     0     78.89  91.67  N/A         N/A          0.41         N/A          91.67  83.282   1.75     8.99        22          177      2.5      1.41          0.68    88.61     0.69    0.76    0.96    0.24    0.93     82.60   6.92    92.36   85.77   0.86    1589.50    2.12     90.92    0.46      3.47          0.00          0.56           96.07        
63   R0999-D3TS217_4     217     73.33    100.00  63    N/A       N/A        0.36      N/A        52.92    N/A           29.24    45.19    2.826    3.716    180   0    0     0     78.89  90.00  N/A         N/A          0.41         N/A          90.00  81.876   1.80     9.14        21.9        173      2.3      3.55          0.54    83.33     0.63    0.73    0.96    0.23    0.92     76.00   6.92    91.75   83.54   0.85    1582.80    2.47     89.43    0.41      130.77        2.63          5.06           85.39        
64   R0999-D3TS344_1     344     73.33    100.00  63    0.42      N/A        0.36      N/A        52.08    N/A           31.40    45.62    2.745    3.397    180   0    0     0     79.44  90.00  0.50        N/A          0.46         N/A          90.00  79.528   1.85     9.06        21.2        172      2.2      1.52          0.66    87.22     0.67    0.73    0.96    0.23    0.92     84.30   6.81    90.67   81.15   0.85    1541.00    2.70     87.76    0.48      0.35          1.97          1.69           84.27        
65   R0999-D3TS390_2     390     73.19    100.00  65    N/A       N/A        0.34      N/A        51.66    N/A           29.30    44.53    2.755    3.492    180   0    0     0     78.33  89.44  N/A         N/A          0.35         N/A          89.44  79.313   1.83     9.22        21.4        170      2.3      1.29          0.66    86.67     0.66    0.73    0.96    0.24    0.92     86.40   6.92    91.25   83.74   0.85    1564.00    2.22     87.57    0.41      2.08          0.00          1.12           95.51        
66   R0999-D3TS217_2     217     73.19    100.00  65    N/A       N/A        0.34      N/A        52.64    N/A           29.54    44.76    2.952    3.785    180   0    0     0     80.00  88.89  N/A         N/A          0.51         N/A          88.89  82.669   1.84     8.99        21.6        171      2.3      3.61          0.57    85.56     0.64    0.74    0.95    0.20    0.92     87.60   6.70    91.86   83.34   0.84    1568.30    2.57     88.29    0.42      140.92        3.29          4.49           87.64        
67   R0999-D3TS112_1     112     73.19    100.00  65    0.39      N/A        0.34      N/A        51.80    N/A           28.79    44.09    3.256    3.92     180   0    0     0     74.44  88.33  -0.02       N/A          -0.03        N/A          88.33  77.413   1.83     8.99        19.7        171      2.5      1.35          0.59    81.94     0.63    0.70    0.95    0.27    0.92     90.70   6.47    90.23   79.90   0.83    1437.20    3.56     88.95    0.39      0.69          2.63          0.56           95.51        
68   R0999-D3TS217_5     217     73.06    100.00  68    N/A       N/A        0.32      N/A        52.22    N/A           30.38    45.23    2.797    3.657    180   0    0     0     79.44  90.00  N/A         N/A          0.46         N/A          90.00  79.937   1.80     8.99        21.7        172      2.1      3.54          0.57    83.61     0.65    0.73    0.96    0.24    0.92     86.90   6.70    92.18   83.19   0.85    1572.10    2.70     89.84    0.42      129.60        2.63          6.18           85.96        
69   R0999-D3TS004_1     004s    73.06    100.00  68    0.37      0.02       0.32      -0.48      51.81    -0.08         31.37    44.52    2.736    3.418    180   0    0     0     78.89  91.11  0.44        -0.00        0.41         -0.52        91.11  82.515   1.85     9.14        21.5        174      2.5      0.74          0.67    86.39     0.68    0.74    0.96    0.20    0.92     82.90   6.81    91.18   84.00   0.84    1560.70    2.31     87.66    0.46      0.00          1.32          0.00           97.19        
70   R0999-D3TS217_3     217     72.92    100.00  70    N/A       N/A        0.30      N/A        52.36    N/A           29.82    45.35    2.833    3.635    180   0    0     0     77.78  90.00  N/A         N/A          0.30         N/A          90.00  80.498   1.78     8.91        21.6        172      2.3      3.53          0.54    84.44     0.65    0.73    0.96    0.24    0.92     79.70   6.70    92.10   82.99   0.84    1565.80    2.46     89.59    0.43      133.93        2.63          6.18           87.08        
71   R0999-D3TS217_1     217     72.92    100.00  70    0.35      N/A        0.30      N/A        52.22    N/A           29.48    44.61    2.814    3.718    180   0    0     0     80.00  91.11  0.56        N/A          0.51         N/A          91.11  81.986   1.85     9.29        21.9        174      2.4      3.51          0.55    84.44     0.64    0.74    0.96    0.22    0.92     79.40   6.70    92.11   84.20   0.84    1584.40    2.46     89.74    0.42      146.48        2.63          4.49           89.33        
72   R0999-D3TS190_4     190     72.78    100.00  72    N/A       N/A        0.28      N/A        51.25    N/A           29.92    45.78    2.773    3.498    180   0    0     0     78.33  90.56  N/A         N/A          0.35         N/A          90.56  81.944   1.77     9.14        20.6        175      2.4      2.33          0.64    84.17     0.64    0.71    0.96    0.22    0.92     77.80   6.81    89.50   81.31   0.85    1501.10    2.53     38.11    0.42      9.71          4.61          1.12           95.51        
73   R0999-D3TS190_3     190     72.78    100.00  72    N/A       N/A        0.28      N/A        51.53    N/A           29.13    43.98    2.719    3.514    180   0    0     0     75.56  89.44  N/A         N/A          0.08         N/A          89.44  77.75    1.99     8.76        20.6        175      2.4      2.20          0.64    83.06     0.64    0.71    0.96    0.23    0.92     81.90   6.81    89.28   79.28   0.84    1499.10    2.88     36.08    0.40      12.14         3.95          0.56           97.19        
74   R0999-D3TS390_4     390     72.64    100.00  74    N/A       N/A        0.26      N/A        50.97    N/A           29.15    44.34    2.686    3.453    180   0    0     0     79.44  90.56  N/A         N/A          0.46         N/A          90.56  78.906   1.85     8.99        21.6        172      2.5      1.33          0.67    84.72     0.66    0.74    0.96    0.24    0.92     86.50   6.81    92.71   84.78   0.85    1564.90    2.07     88.76    0.43      2.77          0.66          1.69           96.07        
75   R0999-D3TS068_4     068     72.64    100.00  74    N/A       N/A        0.26      N/A        51.95    N/A           32.10    45.16    2.766    3.434    180   0    0     0     80.56  91.67  N/A         N/A          0.57         N/A          91.67  82.478   1.91     9.37        22.4        174      2.4      1.04          0.69    87.22     0.70    0.76    0.96    0.21    0.92     99.20   6.70    92.25   86.77   0.84    1620.70    2.10     89.06    0.49      0.69          0.00          0.56           95.51        
76   R0999-D3TS328_1     328     72.64    100.00  74    0.31      N/A        0.26      N/A        52.36    N/A           28.45    44.48    3.169    3.818    180   1    0     0     76.67  85.56  0.21        N/A          0.19         N/A          85.56  80.673   1.83     8.68        21.5        169      2.3      1.66          0.67    83.89     0.66    0.74    0.95    0.22    0.91     85.80   6.81    91.21   82.94   0.83    1558.20    3.03     N/A      0.43      2.77          1.32          2.81           91.57        
77   R0999-D3TS196_3     196     72.64    100.00  74    N/A       N/A        0.26      N/A        51.39    N/A           27.56    43.36    2.783    3.632    180   4    0     0     78.33  90.56  N/A         N/A          0.35         N/A          90.56  82.889   1.74     8.99        20.4        173      2.3      2.14          0.61    81.39     0.63    0.69    0.95    0.25    0.92     72.40   6.70    89.18   77.99   0.85    1484.30    3.23     87.39    0.39      1.04          5.92          5.06           78.65        
78   R0999-D3TS328_3     328     72.64    100.00  74    N/A       N/A        0.26      N/A        52.22    N/A           29.24    43.75    2.966    3.635    180   0    0     0     75.56  88.33  N/A         N/A          0.08         N/A          88.33  79.113   1.78     8.23        21.2        175      2.6      1.85          0.66    82.50     0.66    0.73    0.95    0.23    0.92     86.30   6.70    90.62   82.66   0.83    1538.00    3.78     N/A      0.42      4.51          1.32          3.37           90.45        
79   R0999-D3TS359_3     359s    72.64    100.00  74    N/A       N/A        0.26      -0.64      51.39    N/A           27.56    43.36    2.783    3.632    180   4    0     0     78.33  90.56  N/A         N/A          0.35         -0.73        90.56  82.889   1.74     8.99        20.4        173      2.3      2.14          0.61    81.39     0.63    0.69    0.95    0.25    0.92     72.40   6.70    89.18   77.99   0.85    1484.30    3.23     87.39    0.39      1.04          5.92          5.06           78.65        
80   R0999-D3TS190_2     190     72.22    100.00  80    N/A       N/A        0.20      N/A        50.70    N/A           25.50    43.11    2.762    3.529    180   0    0     0     78.33  89.44  N/A         N/A          0.35         N/A          89.44  81.02    1.84     8.91        20.4        177      2.5      2.48          0.63    85.56     0.64    0.70    0.96    0.23    0.92     87.00   6.81    88.63   79.91   0.84    1487.10    2.61     33.81    0.39      15.96         4.61          0.56           96.07        
81   R0999-D3TS068_2     068     71.94    100.00  81    N/A       N/A        0.16      N/A        51.52    N/A           28.95    43.33    2.779    3.578    180   0    0     0     80.00  90.56  N/A         N/A          0.51         N/A          90.56  77.798   1.89     8.91        22.5        171      2.1      0.63          0.68    86.39     0.69    0.74    0.96    0.23    0.92     85.50   6.70    92.26   86.67   0.84    1624.50    1.93     87.89    0.48      0.35          0.00          1.12           98.31        
82   R0999-D3TS344_5     344     71.81    100.00  82    N/A       N/A        0.14      N/A        51.11    N/A           28.61    42.13    2.804    3.575    180   0    0     0     75.00  90.00  N/A         N/A          0.03         N/A          90.00  76.883   1.96     9.14        19.8        174      2.4      1.30          0.61    81.39     0.63    0.69    0.95    0.27    0.92     77.10   6.81    88.23   76.72   0.84    1447.80    3.46     88.58    0.41      0.00          1.32          3.37           82.02        
83   R0999-D3TS068_5     068     71.81    100.00  82    N/A       N/A        0.14      N/A        50.28    N/A           29.70    42.24    2.688    3.48     180   0    0     0     76.67  90.00  N/A         N/A          0.19         N/A          90.00  76.317   2.02     9.14        22.4        177      2.5      0.87          0.68    85.83     0.69    0.75    0.96    0.19    0.92     84.90   6.81    92.57   86.68   0.83    1618.40    2.42     87.77    0.47      0.69          0.00          0.56           97.19        
84   R0999-D3TS068_1     068     71.81    100.00  82    0.17      N/A        0.14      N/A        50.42    N/A           28.82    44.44    2.759    3.583    180   0    0     0     77.78  91.11  0.33        N/A          0.30         N/A          91.11  80.028   1.88     8.84        22.3        175      2.4      0.68          0.68    86.94     0.69    0.74    0.96    0.23    0.92     85.50   6.92    92.01   85.12   0.84    1615.30    2.48     88.07    0.47      0.35          0.00          1.12           97.75        
85   R0999-D3TS117_2     117     71.67    100.00  85    N/A       N/A        0.12      N/A        50.14    N/A           22.85    41.82    2.861    3.624    180   0    0     0     76.67  90.56  N/A         N/A          0.19         N/A          90.56  78.424   1.85     8.99        20.4        170      2.6      4.06          0.62    85.00     0.63    0.72    0.96    0.27    0.92     84.00   6.70    91.49   84.01   0.84    1485.40    2.41     85.26    0.37      99.20         23.68         5.06           89.89        
86   R0999-D3TS117_1     117     71.11    100.00  86    0.06      N/A        0.04      N/A        49.17    N/A           19.56    40.72    2.824    3.636    180   0    0     0     77.78  90.00  0.33        N/A          0.30         N/A          90.00  77.52    1.86     8.76        21.3        176      2.6      4.15          0.62    86.39     0.63    0.73    0.96    0.23    0.92     90.50   6.70    91.48   83.87   0.84    1547.90    2.40     85.32    0.37      115.16        25.66         4.49           89.89        
87   R0999-D3TS190_1     190     70.69    100.00  87    -0.01     N/A        -0.02     N/A        48.61    N/A           27.35    41.98    2.741    3.445    180   0    0     0     76.11  90.00  0.15        N/A          0.14         N/A          90.00  76.242   2.00     8.91        19.8        174      2.6      2.30          0.63    83.33     0.64    0.71    0.96    0.25    0.92     89.60   6.81    88.62   79.35   0.84    1449.70    2.79     35.95    0.41      15.61         3.95          0.56           97.19        
88   R0999-D3TS356_4     356     70.42    100.00  88    N/A       N/A        -0.06     N/A        48.89    N/A           28.15    42.48    2.8      3.514    180   0    0     0     77.78  91.67  N/A         N/A          0.30         N/A          91.67  76.026   1.97     9.06        20.8        176      2.5      0.50          0.64    82.50     0.65    0.70    0.96    0.20    0.92     81.80   6.81    89.13   80.57   0.83    1511.10    3.00     88.79    0.40      0.00          0.66          0.00           98.31        
89   R0999-D3TS433_5     433     70.42    100.00  88    N/A       N/A        -0.06     N/A        49.86    N/A           0.00     26.38    3.558    3.555    180   0    0     0     73.33  87.78  N/A         N/A          -0.13        N/A          87.78  77.515   1.83     8.61        20.2        170      2.5      6.00          0.20    59.54     0.49    0.15    0.94    0.26    0.90     87.50   6.70    89.34   82.78   0.79    1471.90    2.64     N/A      0.00      0.00          N/A           3.93           84.27        
90   R0999-D3TS356_3     356     70.28    100.00  90    N/A       N/A        -0.08     N/A        48.33    N/A           28.88    42.23    2.776    3.4      180   0    0     0     76.11  90.00  N/A         N/A          0.14         N/A          90.00  76.068   1.88     9.22        20.5        175      2.5      0.77          0.65    85.56     0.65    0.71    0.96    0.22    0.92     83.20   6.70    89.01   80.73   0.83    1489.90    2.88     88.60    0.43      0.00          0.00          1.69           96.07        
91   R0999-D3TS356_5     356     70.00    100.00  91    N/A       N/A        -0.12     N/A        48.34    N/A           29.68    43.32    2.904    3.657    180   0    0     0     73.89  88.89  N/A         N/A          -0.08        N/A          88.89  70.565   1.87     8.99        19.6        174      2.5      0.56          0.63    84.44     0.64    0.70    0.95    0.27    0.92     83.70   6.58    88.11   79.95   0.82    1434.40    2.55     87.24    0.41      0.00          0.66          0.00           97.75        
92   R0999-D3TS195_1     195     69.72    100.00  92    -0.16     N/A        -0.16     N/A        48.61    N/A           27.72    42.11    3.555    4.095    180   0    0     0     74.44  86.67  -0.02       N/A          -0.03        N/A          88.89  79.514   1.90     8.99        20.1        172      2.3      1.38          0.61    83.06     0.63    0.68    0.95    0.25    0.89     91.00   6.70    88.49   78.83   0.81    1465.30    3.17     N/A      0.39      1.04          1.97          1.12           94.94        
93   R0999-D3TS344_4     344     69.31    100.00  93    N/A       N/A        -0.21     N/A        47.09    N/A           29.30    42.17    2.866    3.509    180   0    0     0     73.89  90.00  N/A         N/A          -0.08        N/A          90.00  77.765   1.98     9.14        19.7        172      2.5      1.84          0.63    84.44     0.65    0.72    0.95    0.24    0.92     84.20   6.81    88.22   78.02   0.83    1438.60    3.38     87.37    0.44      0.00          6.58          2.25           81.46        
94   R0999-D3TS344_3     344     69.17    100.00  94    N/A       N/A        -0.23     N/A        46.67    N/A           24.31    39.49    2.891    3.653    180   0    0     0     77.22  90.00  N/A         N/A          0.24         N/A          90.00  74.613   2.09     9.06        19.3        176      2.6      1.61          0.61    81.67     0.62    0.68    0.95    0.22    0.91     82.20   6.81    87.36   76.49   0.82    1415.90    3.15     87.77    0.38      0.00          4.61          1.12           87.64        
95   R0999-D3TS359_2     359s    68.47    100.00  95    N/A       N/A        -0.34     -2.29      45.97    N/A           25.05    39.02    2.937    3.826    180   6    0     0     75.56  88.33  N/A         N/A          0.08         -1.77        88.33  75.059   1.93     8.91        19.2        173      2.5      1.69          0.60    80.28     0.62    0.68    0.95    0.26    0.92     67.80   6.70    86.73   76.52   0.82    1409.60    3.50     85.98    0.37      0.00          3.29          7.30           74.72        
96   R0999-D3TS196_2     196     68.47    100.00  95    N/A       N/A        -0.34     N/A        45.97    N/A           25.05    39.02    2.937    3.826    180   6    0     0     75.56  88.33  N/A         N/A          0.08         N/A          88.33  75.059   1.93     8.91        19.2        173      2.5      1.69          0.60    80.28     0.62    0.68    0.95    0.26    0.92     67.80   6.70    86.73   76.52   0.82    1409.60    3.50     85.98    0.37      0.00          3.29          7.30           74.72        
97   R0999-D3TS281_2     281     68.19    100.00  97    N/A       N/A        -0.38     N/A        48.19    N/A           28.18    40.70    4        4.753    180   0    0     0     71.11  85.56  N/A         N/A          -0.35        N/A          85.56  74.948   1.90     8.53        20          168      2.5      2.12          0.59    72.78     0.65    0.66    0.92    0.30    0.88     81.10   6.70    86.34   80.81   0.77    1461.80    4.33     78.56    0.38      16.30         1.32          0.00           95.51        
98   R0999-D3TS281_1     281     68.19    100.00  97    -0.41     N/A        -0.38     N/A        48.47    N/A           28.95    41.29    3.913    4.702    180   0    0     0     71.67  86.11  -0.31       N/A          -0.30        N/A          86.11  75.813   1.85     8.61        20.4        170      2.5      2.29          0.59    73.33     0.65    0.67    0.92    0.31    0.89     81.10   6.58    86.75   81.38   0.78    1484.30    4.06     79.09    0.40      18.04         1.97          0.00           95.51        
99   R0999-D3TS344_2     344     67.78    100.00  99    N/A       N/A        -0.43     N/A        45.83    N/A           25.70    38.99    3.089    3.803    180   0    0     0     73.89  87.22  N/A         N/A          -0.08        N/A          87.22  69.377   2.02     8.68        19          172      2.5      1.61          0.60    81.67     0.62    0.69    0.94    0.25    0.91     87.30   6.70    87.33   76.98   0.81    1392.70    3.42     87.83    0.40      0.00          3.29          1.69           81.46        
100  R0999-D3TS270_2     270     66.81    100.00  100   N/A       N/A        -0.57     N/A        44.58    N/A           24.29    37.33    3.006    3.694    180   0    0     0     71.67  88.33  N/A         N/A          -0.30        N/A          88.33  68.478   2.12     8.68        19.4        173      2.6      1.97          0.61    84.72     0.65    0.71    0.95    0.25    0.91     82.90   6.70    87.48   80.24   0.81    1416.70    2.95     N/A      0.41      2.08          3.95          1.69           90.45        
101  R0999-D3TS457_4     457     66.53    100.00  101   N/A       N/A        -0.61     N/A        45.14    N/A           24.70    37.30    3.031    3.877    180   0    0     0     72.78  90.00  N/A         N/A          -0.19        N/A          90.00  73.105   2.15     8.99        19.6        172      2.6      1.53          0.64    84.44     0.65    0.72    0.95    0.23    0.91     84.70   6.81    88.97   81.54   0.81    1432.60    2.73     89.91    0.42      4.51          1.32          0.56           96.63        
102  R0999-D3TS359_1     359s    66.11    100.00  102   -0.74     -1.93      -0.68     -3.22      43.20    -1.91         21.69    35.15    3.084    3.975    180   8    0     0     72.22  87.22  -0.26       -1.93        -0.24        -3.03        87.22  71.041   2.09     8.68        18.4        172      2.6      2.25          0.58    79.44     0.60    0.67    0.95    0.27    0.91     73.20   6.58    85.34   75.60   0.80    1356.60    3.59     84.43    0.35      1.39          5.92          6.74           75.28        
103  R0999-D3TS196_1     196     66.11    100.00  102   -0.74     N/A        -0.68     N/A        43.20    N/A           21.69    35.15    3.084    3.975    180   8    0     0     72.22  87.22  -0.26       N/A          -0.24        N/A          87.22  71.041   2.09     8.68        18.4        172      2.6      2.25          0.58    79.44     0.60    0.67    0.95    0.27    0.91     73.20   6.58    85.34   75.60   0.80    1356.60    3.59     84.43    0.35      1.39          5.92          6.74           75.28        
104  R0999-D3TS270_4     270     65.42    100.00  104   N/A       N/A        -0.77     N/A        43.34    N/A           19.72    35.00    3.246    3.991    180   0    0     0     69.44  83.89  N/A         N/A          -0.51        N/A          83.89  64.476   2.05     8.53        18.7        176      3        1.61          0.60    80.83     0.63    0.69    0.94    0.25    0.90     79.40   6.70    83.68   79.01   0.79    1371.90    3.13     N/A      0.40      0.69          2.63          2.25           89.33        
105  R0999-D3TS270_5     270     64.86    100.00  105   N/A       N/A        -0.85     N/A        42.09    N/A           20.40    34.09    2.942    3.719    180   0    0     0     71.67  90.56  N/A         N/A          -0.30        N/A          90.56  66.686   2.15     8.61        19.6        175      2.7      1.64          0.62    84.17     0.64    0.71    0.95    0.24    0.91     81.10   6.70    88.38   80.66   0.80    1431.20    2.80     N/A      0.40      1.04          2.63          2.25           91.01        
106  R0999-D3TS431_1     431     64.72    100.00  106   -0.96     N/A        -0.88     N/A        44.45    N/A           23.46    36.06    3.815    4.25     180   1    0     0     62.78  78.89  -1.25       N/A          -1.16        N/A          80.00  64.207   2.03     7.54        17.2        170      3.2      1.98          0.62    80.56     0.65    0.70    0.93    0.29    0.89     81.40   6.47    86.74   78.11   0.76    1274.20    3.76     86.02    0.41      3.12          3.29          2.81           92.13        
107  R0999-D3TS208_1     208     64.31    100.00  107   -1.03     N/A        -0.93     N/A        41.25    N/A           21.42    34.02    3.135    4.202    180   0    0     0     67.78  88.89  -0.72       N/A          -0.67        N/A          88.89  65.757   2.20     8.76        17.5        169      2.5      1.31          0.54    69.72     0.56    0.60    0.93    0.36    0.90     63.00   6.47    82.71   72.29   0.80    1290.90    4.26     84.28    0.29      0.00          1.32          5.06           80.90        
108  R0999-D3TS431_4     431     64.03    100.00  108   N/A       N/A        -0.97     N/A        44.86    N/A           23.07    38.02    4.32     4.665    180   0    0     0     63.33  80.00  N/A         N/A          -1.11        N/A          80.00  63.136   1.97     6.94        17.5        165      3.2      0.87          0.62    80.56     0.64    0.69    0.92    0.32    0.87     83.60   6.35    86.86   78.15   0.74    1294.80    3.44     78.61    0.41      0.00          2.63          0.00           97.75        
109  R0999-D3TS068_3     068     63.61    100.00  109   N/A       N/A        -1.03     N/A        43.06    N/A           21.74    34.02    3.606    4.173    180   0    0     0     63.33  83.33  N/A         N/A          -1.11        N/A          83.33  65.577   2.15     7.70        20.1        174      3.2      0.86          0.66    85.83     0.67    0.73    0.94    0.25    0.90     88.00   6.58    89.00   85.33   0.76    1466.00    2.05     80.90    0.44      1.04          0.66          1.12           97.75        
110  R0999-D3TS208_2     208     63.33    100.00  110   N/A       N/A        -1.08     N/A        41.95    N/A           18.81    33.43    4.05     4.976    180   0    0     0     66.67  82.22  N/A         N/A          -0.78        N/A          83.89  66.738   2.03     8.08        15.5        166      2.7      1.22          0.51    62.22     0.55    0.55    0.85    0.51    0.88     60.40   6.35    74.97   67.31   0.77    1158.20    7.52     83.38    0.27      0.00          0.66          4.49           80.90        
111  R0999-D3TS208_4     208     63.19    100.00  111   N/A       N/A        -1.10     N/A        40.42    N/A           20.36    34.28    3.321    4.319    180   0    0     0     66.67  89.44  N/A         N/A          -0.78        N/A          89.44  66.29    2.14     8.84        16.8        170      2.5      1.65          0.53    68.33     0.57    0.58    0.92    0.40    0.90     73.10   6.58    81.36   71.39   0.79    1245.10    5.18     85.51    0.30      0.69          1.97          5.06           82.58        
112  R0999-D3TS270_1     270     62.50    100.00  112   -1.32     N/A        -1.19     N/A        39.86    N/A           17.34    30.22    3.16     3.907    180   0    0     0     66.11  88.33  -0.90       N/A          -0.84        N/A          88.33  62.31    2.31     8.08        18.5        175      2.9      1.63          0.59    83.33     0.64    0.70    0.95    0.25    0.90     88.20   6.70    86.16   79.45   0.77    1359.20    2.92     N/A      0.38      1.39          2.63          3.93           93.26        
113  R0999-D3TS208_5     208     62.22    100.00  113   N/A       N/A        -1.23     N/A        40.28    N/A           17.14    31.94    3.871    4.762    180   0    0     0     66.11  84.44  N/A         N/A          -0.84        N/A          86.11  64.49    2.13     8.30        15.3        166      2.7      1.66          0.50    62.50     0.54    0.54    0.86    0.51    0.88     66.40   6.35    75.10   67.18   0.77    1146.70    7.70     82.63    0.28      0.35          2.63          3.37           81.46        
114  R0999-D3TS208_3     208     61.11    100.00  114   N/A       N/A        -1.39     N/A        38.61    N/A           20.46    31.78    3.358    4.361    180   0    0     0     63.89  85.00  N/A         N/A          -1.05        N/A          85.00  62.483   2.24     7.92        15.2        170      2.8      1.75          0.52    69.17     0.57    0.58    0.91    0.41    0.89     67.60   6.47    79.82   69.56   0.77    1144.50    4.94     84.00    0.30      0.35          3.29          6.18           80.34        
115  R0999-D3TS492_3     492     59.58    100.00  115   N/A       N/A        -1.61     N/A        37.22    N/A           20.31    30.08    4.415    5.021    180   0    0     0     52.22  81.67  N/A         N/A          -2.19        N/A          82.22  57.271   2.29     7.47        15.8        165      2.9      1.42          0.56    75.00     0.59    0.63    0.91    0.37    0.88     78.20   6.35    86.31   77.46   0.71    1178.80    4.10     79.30    0.29      0.35          1.97          1.12           89.33        
116  R0999-D3TS431_2     431     58.33    100.00  116   N/A       N/A        -1.79     N/A        38.75    N/A           19.37    31.67    4.934    5.367    180   0    0     0     53.33  68.33  N/A         N/A          -2.08        N/A          73.33  52.967   2.01     6.48        14.7        162      3.5      1.26          0.57    72.22     0.61    0.62    0.87    0.41    0.85     80.60   5.99    84.03   74.36   0.67    1109.80    4.75     73.50    0.34      0.35          2.63          0.56           95.51        
117  R0999-D3TS492_1     492     56.81    100.00  117   -2.23     N/A        -2.01     N/A        35.14    N/A           17.93    27.29    4.611    5.168    180   0    0     0     50.00  73.89  -2.59       N/A          -2.40        N/A          77.22  57.97    2.19     7.01        15.4        167      3.2      1.55          0.56    70.56     0.59    0.61    0.90    0.39    0.87     78.50   6.35    84.34   75.96   0.69    1156.70    4.21     76.00    0.32      0.69          3.29          2.81           93.26        
118  R0999-D3TS492_2     492     56.67    100.00  118   N/A       N/A        -2.03     N/A        34.86    N/A           17.00    26.81    4.712    5.331    180   0    0     0     51.11  75.00  N/A         N/A          -2.29        N/A          77.78  54.024   2.26     7.39        15          165      3.1      1.61          0.54    70.56     0.57    0.60    0.89    0.40    0.87     81.20   6.23    82.78   74.16   0.69    1131.20    4.60     77.13    0.28      0.35          3.29          3.37           88.20        
119  R0999-D3TS288_2     288     56.25    100.00  119   N/A       N/A        -2.09     N/A        34.03    N/A           17.83    25.80    4.488    5.059    180   0    0     0     50.56  81.11  N/A         N/A          -2.35        N/A          81.11  50.959   2.37     7.85        14.6        165      3.1      1.33          0.53    67.78     0.57    0.60    0.91    0.45    0.85     64.70   6.35    82.05   71.51   0.70    1098.30    5.34     86.31    0.29      0.35          1.97          1.12           92.13        
120  R0999-D3TS492_5     492     55.42    100.00  120   N/A       N/A        -2.21     N/A        33.75    N/A           16.88    25.67    4.612    5.158    180   0    0     0     57.22  75.00  N/A         N/A          -1.70        N/A          79.44  53.737   2.32     6.94        14.6        167      3.3      1.80          0.54    71.11     0.58    0.60    0.90    0.36    0.86     94.20   6.35    82.72   75.10   0.68    1100.40    4.17     76.82    0.29      1.39          3.95          1.69           92.13        
121  R0999-D3TS431_3     431     55.42    100.00  120   N/A       N/A        -2.21     N/A        34.44    N/A           14.98    26.29    4.416    5.043    180   0    0     0     49.44  75.56  N/A         N/A          -2.46        N/A          76.11  52.634   2.36     6.10        13.2        155      3.2      1.21          0.55    71.94     0.60    0.61    0.88    0.44    0.86     77.30   6.11    82.38   72.12   0.69    1007.90    4.63     75.40    0.33      1.04          1.32          1.12           95.51        
122  R0999-D3TS288_5     288     54.31    100.00  122   N/A       N/A        -2.37     N/A        32.08    N/A           14.36    23.89    4.533    5.152    180   0    0     0     50.00  77.22  N/A         N/A          -2.40        N/A          77.22  49.006   2.33     6.10        13.9        167      3.8      2.21          0.53    74.72     0.59    0.61    0.90    0.44    0.84     79.50   6.23    83.54   72.87   0.68    1057.60    5.56     82.57    0.32      9.02          2.63          0.56           93.82        
123  R0999-D3TS492_4     492     53.75    100.00  123   N/A       N/A        -2.45     N/A        31.67    N/A           14.39    23.63    4.924    5.563    180   0    0     0     49.44  71.67  N/A         N/A          -2.46        N/A          76.67  53.715   2.32     7.16        14.5        165      3.5      1.58          0.53    70.56     0.58    0.59    0.90    0.41    0.85     84.00   6.35    82.10   73.59   0.66    1096.60    4.47     74.33    0.29      0.00          6.58          1.69           92.70        
124  R0999-D3TS288_4     288     53.61    100.00  124   N/A       N/A        -2.47     N/A        31.67    N/A           12.24    21.80    4.509    5.255    180   0    0     0     41.67  74.44  N/A         N/A          -3.21        N/A          74.44  47.969   2.31     6.71        13.2        158      3.1      0.97          0.52    68.61     0.56    0.57    0.90    0.41    0.86     74.60   5.99    81.76   71.95   0.66    1009.60    5.04     83.94    0.27      0.00          1.32          0.56           94.38        
125  R0999-D3TS288_1     288     50.97    100.00  125   -3.16     N/A        -2.85     N/A        29.72    N/A           15.49    21.65    5.364    5.814    180   0    0     0     41.67  71.67  -3.46       N/A          -3.21        N/A          72.78  49.996   2.33     5.95        12.4        164      4        1.43          0.53    71.67     0.58    0.59    0.88    0.48    0.82     77.80   5.99    80.07   72.89   0.62    956.00     4.58     81.67    0.30      0.00          3.95          2.25           92.13        
126  R0999-D3TS288_3     288     34.58    100.00  126   N/A       N/A        -5.21     N/A        18.05    N/A           7.36     10.58    7.501    7.92     180   0    0     0     22.78  52.78  N/A         N/A          -5.05        N/A          58.89  36.943   2.45     3.13        7.7         137      3.6      1.13          0.43    51.67     0.52    0.47    0.76    0.62    0.76     88.70   5.33    65.41   63.74   0.48    652.40     10.78    74.28    0.20      0.00          1.32          1.12           90.45        

