#    Model               GR#     GDT_TS   NP_P    RANK  Z-M1-GDT  Z-M1s-GDT  Z-MA-GDT  Z-MAs-GDT  GDT_HA   Z-M1s-GDT-HA  GDC_SC   GDC_ALL  RMS_CA   RMS_ALL  NP    err  PC01  PC05  AL0_P  AL4_P  Z-M1-AL0_p  Z-M1s-AL0_p  Z-MA-AL0_p   Z-MAs-AL0_p  ALI_P  LGA_S    RMSD[L]  Z-score[M]  Z-Score[D]  Al.Res.  RMSD[D]  MolPrb_Score  LDDT    SphGr     CAD_AA  RPF     CODM    DFM     Handed.  SOV     CE      QCS     CONTS   TMscore  Dali(raw)  FlexE    QSE      CAD_SS    MolPrb_clash  MolPrb_rotout  MolPrb_ramout  MolPrb_ramfv 

-    starting_model      -       73.55    -       -     -         -          -         -          55.99    -             21.22    -        3.78     4.42     -     -    -     -     -      -      -           -            -            -            -      -        -        6.69        14.00       113      2.60     3.14          0.64    78.10     0.63    0.71    0.91    0.30    0.89     66.00   5.99    85.44   76.93   0.75     753.20     4.07     81.12    0.36      10.91         21.65         4.20           89.08        

1    R0996-D5TS112_3     112     77.89    100.00  1     N/A       N/A        1.28      N/A        57.85    N/A           29.97    47.41    2.718    3.425    121   1    0     0     72.73  88.43  N/A         N/A          0.87         N/A          88.43  76.088   1.71     7.70        15.9        118      2.2      0.91          0.62    71.90     0.64    0.72    0.95    0.27    0.91     61.80   6.23    86.64   76.41   0.82    840.50     4.97     88.02    0.37      0.00          1.03          0.00           94.12        
2    R0996-D5TS356_1     356     76.24    100.00  2     0.89      N/A        1.03      N/A        58.68    N/A           31.00    44.68    3.572    4.098    121   2    0     0     71.07  81.82  0.50        N/A          0.61         N/A          83.47  78.541   1.56     7.19        15.1        113      2.4      0.71          0.67    72.73     0.65    0.73    0.92    0.33    0.89     58.70   6.11    86.47   76.60   0.78    803.60     4.50     88.20    0.40      0.00          0.00          0.00           96.64        
3    R0996-D5TS356_3     356     76.03    100.00  3     N/A       N/A        1.00      N/A        59.09    N/A           27.61    44.07    3.499    4.068    121   1    0     0     71.90  82.64  N/A         N/A          0.74         N/A          84.30  81.656   1.65     7.29        15.1        114      2.4      0.50          0.66    73.55     0.64    0.73    0.92    0.34    0.89     62.40   5.99    86.38   76.97   0.78    805.70     4.31     89.09    0.40      0.00          0.00          0.00           99.16        
4    R0996-D5TS390_1     390     76.03    100.00  3     0.86      N/A        1.00      N/A        58.06    N/A           27.91    45.51    3.893    4.375    121   1    0     0     77.69  86.78  1.32        N/A          1.63         N/A          86.78  82.245   1.73     7.40        14.7        110      2.1      1.16          0.66    76.45     0.65    0.74    0.89    0.31    0.88     65.50   5.99    86.20   77.58   0.78    784.30     4.24     83.20    0.41      1.09          0.00          0.00           94.96        
5    R0996-D5TS190_2     190     75.21    100.00  5     N/A       N/A        0.87      N/A        56.20    N/A           21.31    36.14    3.785    4.44     121   0    0     0     74.38  80.99  N/A         N/A          1.12         N/A          80.99  73.808   1.85     6.99        14          112      2.5      2.10          0.64    75.62     0.64    0.71    0.92    0.31    0.88     66.00   5.86    85.30   76.23   0.75    753.00     4.51     46.11    0.40      10.91         5.15          1.68           98.32        
6    R0996-D5TS356_2     356     75.00    100.00  6     N/A       N/A        0.84      N/A        56.82    N/A           23.19    36.61    3.854    4.491    121   1    0     0     71.90  80.99  N/A         N/A          0.74         N/A          80.99  78.512   1.70     6.69        14.5        111      2.4      0.51          0.66    74.38     0.63    0.71    0.90    0.31    0.88     62.40   5.99    85.72   77.58   0.75    775.30     4.44     88.10    0.40      0.00          1.03          0.00           98.32        
7    R0996-D5TS390_2     390     74.59    100.00  7     N/A       N/A        0.78      N/A        55.99    N/A           25.66    39.54    4.068    4.542    121   1    0     0     72.73  81.82  N/A         N/A          0.87         N/A          81.82  77.839   1.77     6.99        14.2        110      2.4      1.10          0.64    75.62     0.63    0.71    0.88    0.32    0.87     65.20   5.86    85.25   76.08   0.76    763.90     4.76     83.36    0.39      1.09          0.00          0.00           95.80        
8    R0996-D5TS068_3     068     74.59    100.00  7     N/A       N/A        0.78      N/A        55.58    N/A           25.59    43.43    3.703    4.354    121   0    0     0     71.07  85.95  N/A         N/A          0.61         N/A          85.95  76.31    1.72     7.19        14.6        113      2.3      0.90          0.64    73.55     0.63    0.70    0.91    0.34    0.88     61.20   5.86    84.86   77.57   0.78    780.90     3.87     86.10    0.40      0.00          0.00          0.84           94.12        
9    R0996-D5TS112_4     112     74.38    100.00  9     N/A       N/A        0.74      N/A        54.75    N/A           29.56    43.69    2.971    3.612    121   1    0     0     71.07  85.95  N/A         N/A          0.61         N/A          85.95  81.692   1.75     6.89        15.2        117      2.5      1.18          0.61    70.66     0.64    0.71    0.94    0.28    0.90     64.40   5.86    86.15   74.80   0.79    807.10     5.19     88.32    0.36      0.00          2.06          1.68           93.28        
10   R0996-D5TS190_4     190     74.38    100.00  9     N/A       N/A        0.74      N/A        56.41    N/A           22.36    36.43    3.808    4.438    121   0    0     0     67.77  79.34  N/A         N/A          0.11         N/A          79.34  71.841   1.62     6.69        14.1        114      2.7      2.61          0.64    77.69     0.64    0.71    0.92    0.28    0.89     67.10   5.99    85.97   77.64   0.75    755.80     4.12     81.25    0.38      16.37         6.19          0.84           95.80        
11   R0996-D5TS102_4     102s    74.38    100.00  9     N/A       N/A        0.74      1.10       56.61    N/A           23.75    35.38    4.111    4.612    121   1    0     0     68.60  80.17  N/A         N/A          0.23         -0.22        80.17  77.493   1.82     6.58        14.1        111      2.6      1.21          0.65    73.14     0.64    0.72    0.89    0.30    0.87     67.10   5.86    84.81   75.82   0.74    757.50     4.86     85.51    0.39      1.09          0.00          0.84           94.12        
12   R0996-D5TS270_3     270     74.17    100.00  12    N/A       N/A        0.71      N/A        54.96    N/A           22.70    35.91    3.793    4.387    121   1    0     0     70.25  79.34  N/A         N/A          0.49         N/A          79.34  76.753   1.52     6.69        14          113      2.7      1.37          0.62    75.62     0.64    0.72    0.91    0.30    0.88     61.60   5.99    85.39   77.06   0.75    752.20     4.21     N/A      0.37      0.00          3.09          0.00           91.60        
13   R0996-D5TS460_1     460     73.97    100.00  13    0.60      N/A        0.68      N/A        55.37    N/A           24.25    35.48    3.934    4.523    121   1    0     0     66.94  79.34  -0.01       N/A          -0.02        N/A          79.34  72.33    1.67     6.69        13.8        113      2.7      2.23          0.65    73.97     0.64    0.72    0.90    0.31    0.88     59.50   5.86    85.05   75.30   0.74    745.40     4.85     61.24    0.42      7.63          6.19          0.00           96.64        
14   R0996-D5TS102_2     102s    73.97    100.00  13    N/A       N/A        0.68      0.92       55.99    N/A           25.62    36.37    4.076    4.555    121   1    0     0     70.25  80.17  N/A         N/A          0.49         0.45         80.17  76.998   1.84     6.48        13.9        109      2.5      0.98          0.64    73.14     0.64    0.71    0.88    0.31    0.87     65.00   5.86    83.97   74.90   0.74    745.90     4.96     84.15    0.38      0.55          0.00          0.00           95.80        
15   R0996-D5TS460_4     460     73.97    100.00  13    N/A       N/A        0.68      N/A        56.20    N/A           24.05    35.56    3.928    4.518    121   1    0     0     66.94  78.51  N/A         N/A          -0.02        N/A          78.51  70.542   1.63     6.69        13.9        113      2.7      2.53          0.65    74.38     0.64    0.73    0.90    0.32    0.88     59.50   5.86    85.12   75.59   0.74    746.60     4.79     60.53    0.43      16.36         6.19          0.00           96.64        
16   R0996-D5TS433_1     433     73.97    100.00  13    0.60      N/A        0.68      N/A        56.41    N/A           0.00     24.66    3.788    3.771    121   1    0     0     71.07  79.34  0.50        N/A          0.61         N/A          79.34  70.87    1.71     6.69        14.3        113      2.6      6.00          0.21    57.92     0.47    0.17    0.91    0.30    0.89     66.00   5.86    85.62   77.77   0.76    765.90     4.01     N/A      0.00      4.85          N/A           4.20           89.08        
17   R0996-D5TS312_5     312s    73.76    100.00  17    N/A       N/A        0.65      0.83       56.41    N/A           26.67    40.88    3.789    4.364    121   0    0     0     72.73  80.17  N/A         N/A          0.87         1.46         80.17  72.635   1.81     6.58        14.3        113      2.6      2.57          0.65    78.51     0.64    0.72    0.91    0.30    0.89     62.20   5.99    86.28   79.03   0.75    767.90     3.73     30.73    0.39      44.71         1.03          0.84           93.28        
18   R0996-D5TS433_2     433     73.76    100.00  17    N/A       N/A        0.65      N/A        55.37    N/A           0.00     24.55    3.784    3.768    121   1    0     0     71.90  80.99  N/A         N/A          0.74         N/A          80.99  72.3     1.77     6.79        14.3        113      2.6      6.00          0.21    57.92     0.47    0.17    0.92    0.30    0.89     66.00   5.99    85.82   77.71   0.76    768.10     4.06     N/A      0.00      4.85          N/A           4.20           89.08        
19   R0996-D5TS460_2     460     73.76    100.00  17    N/A       N/A        0.65      N/A        55.78    N/A           24.31    35.53    3.929    4.519    121   1    0     0     66.94  79.34  N/A         N/A          -0.02        N/A          79.34  72.261   1.67     6.69        13.8        113      2.7      2.46          0.65    74.38     0.64    0.72    0.90    0.31    0.88     59.50   5.86    85.09   75.47   0.74    744.80     4.80     60.86    0.43      13.64         6.19          0.00           96.64        
20   R0996-D5TS460_3     460     73.76    100.00  17    N/A       N/A        0.65      N/A        55.78    N/A           24.18    35.63    3.928    4.518    121   1    0     0     67.77  80.17  N/A         N/A          0.11         N/A          80.17  72.414   1.85     6.69        13.9        113      2.7      2.52          0.65    74.38     0.64    0.72    0.90    0.32    0.88     59.50   5.86    85.10   75.52   0.74    746.20     4.79     60.60    0.43      15.81         6.19          0.00           96.64        
21   R0996-D5TS312_1     312s    73.76    100.00  17    0.58      1.05       0.65      0.83       56.20    1.06          23.92    37.26    3.849    4.4      121   0    0     0     69.42  79.34  0.30        0.51         0.36         0.11         80.99  71.501   1.87     6.58        14.2        113      2.7      2.56          0.65    78.93     0.65    0.73    0.90    0.29    0.88     64.30   5.86    86.44   79.03   0.75    763.00     3.83     31.83    0.39      26.72         5.15          0.84           97.48        
22   R0996-D5TS270_5     270     73.55    100.00  22    N/A       N/A        0.62      N/A        55.58    N/A           30.27    42.70    4.044    4.477    121   1    0     0     71.07  80.99  N/A         N/A          0.61         N/A          80.99  78.902   1.67     6.58        14          110      2.7      1.39          0.63    75.62     0.65    0.72    0.90    0.33    0.88     58.30   5.86    83.93   75.24   0.75    753.10     4.61     N/A      0.40      0.00          6.19          0.00           95.80        
23   R0996-D5TS270_2     270     73.55    100.00  22    N/A       N/A        0.62      N/A        56.20    N/A           24.80    36.89    3.993    4.531    121   1    0     0     69.42  80.99  N/A         N/A          0.36         N/A          80.99  79.058   1.70     6.38        13.8        110      2.7      1.20          0.65    74.38     0.64    0.71    0.89    0.33    0.88     59.70   5.86    84.48   75.02   0.75    744.80     5.02     N/A      0.38      0.55          1.03          0.00           91.60        
24   R0996-D5TS460_5     460     73.55    100.00  22    N/A       N/A        0.62      N/A        55.16    N/A           23.36    34.48    3.955    4.544    121   1    0     0     68.60  78.51  N/A         N/A          0.23         N/A          78.51  70.729   1.60     6.58        13.7        112      2.7      1.91          0.61    73.94     0.64    0.71    0.90    0.31    0.88     61.29   5.86    85.02   75.29   0.74    737.60     4.90     62.26    0.43      1.64          6.19          0.00           94.12        
25   R0996-D5TS190_3     190     73.55    100.00  22    N/A       N/A        0.62      N/A        53.72    N/A           19.98    33.38    3.74     4.435    121   0    0     0     71.07  80.17  N/A         N/A          0.61         N/A          80.17  70.752   1.76     6.89        13.6        113      2.7      2.06          0.63    75.62     0.63    0.70    0.91    0.32    0.88     56.50   5.86    85.31   76.25   0.74    735.00     4.23     48.03    0.37      9.82          5.15          0.84           99.16        
26   R0996-D5TS102_5     102s    73.35    100.00  26    N/A       N/A        0.59      0.64       55.16    N/A           22.47    34.92    3.952    4.538    121   1    0     0     67.77  80.17  N/A         N/A          0.11         -0.56        80.17  76.614   1.73     6.69        13.5        113      2.8      1.08          0.63    71.90     0.62    0.69    0.89    0.34    0.88     63.10   5.86    84.77   74.67   0.74    728.40     4.77     84.62    0.36      0.55          0.00          1.68           94.12        
27   R0996-D5TS344_1     344     73.35    100.00  26    0.53      N/A        0.59      N/A        54.34    N/A           27.16    36.17    3.943    4.638    121   5    0     0     66.12  80.17  -0.11       N/A          -0.15        N/A          80.17  72.735   1.60     6.48        14          112      2.7      1.13          0.64    71.07     0.63    0.72    0.90    0.33    0.88     58.40   5.86    84.89   76.64   0.74    751.30     4.24     79.95    0.40      0.00          0.00          0.84           86.55        
28   R0996-D5TS102_3     102s    73.35    100.00  26    N/A       N/A        0.59      0.64       55.37    N/A           25.92    38.07    3.901    4.411    121   1    0     0     70.25  80.17  N/A         N/A          0.49         0.45         80.17  76.324   1.87     6.79        14.2        111      2.4      1.08          0.64    75.62     0.64    0.71    0.90    0.31    0.88     65.50   5.86    85.64   75.79   0.75    760.20     4.73     84.06    0.38      0.55          0.00          0.84           94.12        
29   R0996-D5TS312_4     312s    73.35    100.00  26    N/A       N/A        0.59      0.64       56.20    N/A           26.48    38.63    3.768    4.36     121   1    0     0     71.07  80.17  N/A         N/A          0.61         0.78         80.17  70.971   1.69     6.99        14.1        113      2.6      2.52          0.65    76.86     0.64    0.72    0.91    0.31    0.88     62.90   5.99    86.42   78.52   0.75    758.40     4.13     31.02    0.39      48.53         1.03          0.00           94.96        
30   R0996-D5TS190_1     190     73.35    100.00  26    0.53      N/A        0.59      N/A        54.96    N/A           20.88    33.68    3.821    4.522    121   0    0     0     72.73  80.17  0.70        N/A          0.87         N/A          80.17  71.571   1.60     6.69        14.1        114      2.8      2.38          0.64    75.21     0.63    0.71    0.92    0.31    0.88     58.30   5.86    85.61   77.38   0.74    756.10     4.27     46.94    0.36      13.09         4.12          1.68           95.80        
31   R0996-D5TS068_2     068     73.35    100.00  26    N/A       N/A        0.59      N/A        54.75    N/A           28.62    45.93    3.802    4.446    121   0    0     0     71.90  85.12  N/A         N/A          0.74         N/A          85.12  80.99    1.73     7.09        14.7        112      2.3      0.71          0.63    71.07     0.64    0.69    0.90    0.36    0.88     59.30   5.99    84.75   76.45   0.78    785.10     4.38     85.84    0.39      0.00          0.00          0.00           96.64        
32   R0996-D5TS196_5     196     73.14    100.00  32    N/A       N/A        0.55      N/A        51.86    N/A           19.59    33.40    3.877    4.505    121   5    0     0     71.90  80.17  N/A         N/A          0.74         N/A          80.17  72.417   1.82     6.79        13.4        112      2.7      1.89          0.60    73.55     0.60    0.68    0.91    0.31    0.88     50.20   5.86    84.26   73.78   0.74    723.40     4.93     82.52    0.34      0.00          7.22          4.20           79.83        
33   R0996-D5TS390_3     390     73.14    100.00  32    N/A       N/A        0.55      N/A        55.99    N/A           24.12    35.47    4.035    4.553    121   1    0     0     70.25  79.34  N/A         N/A          0.49         N/A          79.34  76.022   1.78     6.58        13.7        111      2.5      1.03          0.63    71.07     0.63    0.70    0.89    0.32    0.87     66.90   5.86    84.28   74.58   0.74    740.70     4.95     85.00    0.37      0.55          0.00          0.00           94.96        
34   R0996-D5TS356_5     356     73.14    100.00  32    N/A       N/A        0.55      N/A        55.58    N/A           27.52    39.94    3.887    4.417    121   1    0     0     69.42  81.82  N/A         N/A          0.36         N/A          81.82  75.361   1.86     6.48        14.5        110      2.5      0.50          0.65    68.18     0.62    0.69    0.90    0.35    0.88     80.80   5.86    85.54   73.73   0.75    776.60     5.63     86.90    0.39      0.00          0.00          0.00           98.32        
35   R0996-D5TS270_1     270     73.14    100.00  32    0.50      N/A        0.55      N/A        54.96    N/A           30.05    42.49    4.098    4.535    121   1    0     0     71.90  78.51  0.60        N/A          0.74         N/A          79.34  77.273   1.57     6.48        13.8        110      2.8      1.10          0.64    73.55     0.63    0.72    0.89    0.34    0.87     57.80   5.86    83.15   74.17   0.75    744.30     5.03     N/A      0.40      1.09          0.00          0.00           95.80        
36   R0996-D5TS174_1     174     73.14    100.00  32    0.50      N/A        0.55      N/A        55.37    N/A           20.47    35.16    3.798    4.398    121   0    0     0     71.90  80.99  0.60        N/A          0.74         N/A          80.99  71.729   1.81     6.69        14          113      2.6      2.59          0.63    77.69     0.62    0.71    0.91    0.29    0.89     59.60   5.99    85.30   76.92   0.75    754.80     4.09     N/A      0.34      2.18          12.37         7.56           77.31        
37   R0996-D5TS359_5     359s    73.14    100.00  32    N/A       N/A        0.55      0.55       51.86    N/A           19.59    33.40    3.877    4.505    121   5    0     0     71.90  80.17  N/A         N/A          0.74         1.12         80.17  72.417   1.82     6.79        13.4        112      2.7      1.89          0.60    73.55     0.60    0.68    0.91    0.31    0.88     50.20   5.86    84.26   73.78   0.74    723.40     4.93     82.52    0.34      0.00          7.22          4.20           79.83        
38   R0996-D5TS390_5     390     73.14    100.00  32    N/A       N/A        0.55      N/A        55.16    N/A           23.94    35.84    3.928    4.523    121   1    0     0     66.94  80.17  N/A         N/A          -0.02        N/A          80.17  76.184   1.75     6.79        13.7        113      2.7      1.10          0.63    71.49     0.63    0.69    0.90    0.32    0.88     61.80   5.86    84.71   74.86   0.74    738.40     4.70     84.95    0.36      1.09          0.00          0.84           95.80        
39   R0996-D5TS270_4     270     72.93    100.00  39    N/A       N/A        0.52      N/A        55.37    N/A           28.40    41.04    4.068    4.579    121   1    0     0     67.77  78.51  N/A         N/A          0.11         N/A          79.34  76.519   1.78     6.38        14.1        111      2.9      1.81          0.63    73.97     0.64    0.72    0.89    0.34    0.87     54.20   5.86    84.62   75.45   0.74    755.20     4.79     N/A      0.40      1.09          4.12          1.68           90.76        
40   R0996-D5TS312_3     312s    72.93    100.00  39    N/A       N/A        0.52      0.46       55.37    N/A           22.66    36.30    3.835    4.449    121   1    0     0     67.77  78.51  N/A         N/A          0.11         -0.56        78.51  70.613   1.69     6.48        14.1        113      2.7      2.43          0.65    76.86     0.65    0.71    0.91    0.30    0.88     62.20   5.99    85.82   78.34   0.75    759.40     3.93     32.16    0.39      35.44         0.00          1.68           94.12        
41   R0996-D5TS217_3     217     72.93    100.00  39    N/A       N/A        0.52      N/A        55.78    N/A           25.49    38.04    3.958    4.532    121   2    0     0     71.90  79.34  N/A         N/A          0.74         N/A          79.34  70.952   1.85     6.58        13.8        111      2.6      3.82          0.50    77.69     0.61    0.72    0.89    0.30    0.88     48.10   5.86    85.39   76.65   0.75    744.50     4.71     83.72    0.36      98.91         8.25          7.56           84.87        
42   R0996-D5TS208_4     208     72.93    100.00  39    N/A       N/A        0.52      N/A        53.72    N/A           22.16    35.06    4.001    4.629    121   0    0     0     71.07  80.17  N/A         N/A          0.61         N/A          81.82  67.873   1.99     6.69        13.2        113      2.7      1.10          0.60    73.55     0.62    0.66    0.90    0.33    0.88     63.30   5.86    84.45   73.13   0.73    713.70     4.63     79.75    0.35      0.00          1.03          1.68           88.24        
43   R0996-D5TS390_4     390     72.73    100.00  43    N/A       N/A        0.49      N/A        54.55    N/A           24.84    38.58    3.929    4.545    121   1    0     0     66.94  79.34  N/A         N/A          -0.02        N/A          79.34  76.351   1.69     6.79        13.6        111      2.5      0.85          0.63    70.25     0.63    0.69    0.90    0.33    0.88     61.80   5.86    84.86   74.78   0.74    734.60     4.73     84.08    0.36      0.00          0.00          0.84           94.96        
44   R0996-D5TS433_5     433     72.52    100.00  44    N/A       N/A        0.46      N/A        53.51    N/A           0.00     25.63    3.893    3.867    121   0    0     0     71.07  77.69  N/A         N/A          0.61         N/A          79.34  70.948   1.86     6.18        13.5        113      2.9      6.00          0.21    57.88     0.46    0.17    0.91    0.30    0.88     62.90   5.86    85.35   76.17   0.74    729.00     4.44     N/A      0.00      6.47          N/A           3.36           90.76        
45   R0996-D5TS431_5     431     72.52    100.00  44    N/A       N/A        0.46      N/A        53.10    N/A           24.29    35.54    3.951    4.51     121   1    0     0     71.90  80.99  N/A         N/A          0.74         N/A          80.99  71.776   1.86     6.69        13.7        109      2.4      1.96          0.63    74.38     0.64    0.70    0.90    0.32    0.88     59.10   5.86    84.22   74.28   0.74    736.40     5.53     79.13    0.38      0.55          10.31         0.84           91.60        
46   R0996-D5TS358_4     358     72.52    100.00  44    N/A       N/A        0.46      N/A        54.55    N/A           22.47    34.80    4.011    4.601    121   0    0     0     71.07  80.17  N/A         N/A          0.61         N/A          80.17  75.9     1.90     6.58        13.6        111      2.6      2.78          0.59    72.73     0.62    0.69    0.89    0.31    0.88     58.70   5.86    84.72   75.58   0.74    735.10     4.97     80.16    0.36      60.01         0.00          4.20           90.76        
47   R0996-D5TS217_1     217     72.52    100.00  44    0.42      N/A        0.46      N/A        55.37    N/A           25.08    37.48    3.922    4.508    121   1    0     0     68.60  79.34  0.19        N/A          0.23         N/A          79.34  71.465   1.89     6.38        13.7        111      2.7      3.95          0.49    77.27     0.62    0.72    0.90    0.30    0.88     60.30   5.86    85.67   76.61   0.74    739.40     4.56     85.20    0.36      102.13        9.28          10.92          79.83        
48   R0996-D5TS312_2     312s    72.52    100.00  44    N/A       N/A        0.46      0.27       54.55    N/A           24.50    37.25    3.832    4.452    121   0    0     0     67.77  78.51  N/A         N/A          0.11         -0.56        78.51  70.555   1.56     6.58        14.1        113      2.7      2.52          0.64    77.27     0.64    0.72    0.91    0.29    0.88     61.00   5.86    86.69   78.63   0.75    755.70     3.70     31.78    0.39      49.07         0.00          1.68           94.96        
49   R0996-D5TS433_3     433     72.31    100.00  49    N/A       N/A        0.43      N/A        52.89    N/A           0.00     23.78    3.825    3.796    121   1    0     0     69.42  79.34  N/A         N/A          0.36         N/A          80.99  71.569   1.92     6.48        13.6        113      2.7      6.00          0.21    57.88     0.46    0.17    0.91    0.30    0.88     66.00   5.86    85.51   76.56   0.74    735.80     4.37     N/A      0.00      3.24          N/A           3.36           90.76        
50   R0996-D5TS156_2     156s    72.31    100.00  49    N/A       N/A        0.43      0.18       53.30    N/A           26.17    42.24    3.972    4.61     121   0    0     0     70.25  79.34  N/A         N/A          0.49         0.45         79.34  71.412   1.76     6.48        14.2        111      2.6      1.12          0.64    75.62     0.63    0.71    0.88    0.31    0.88     65.50   5.86    85.68   78.57   0.75    764.30     3.79     84.26    0.41      0.55          0.00          0.00           93.28        
51   R0996-D5TS156_5     156s    72.31    100.00  49    N/A       N/A        0.43      0.18       53.52    N/A           21.78    34.84    3.936    4.569    121   0    0     0     68.60  78.51  N/A         N/A          0.23         -0.22        78.51  70.902   1.68     6.38        13.9        110      2.7      1.08          0.65    75.21     0.64    0.71    0.90    0.30    0.88     64.70   5.86    86.14   78.94   0.74    747.80     3.77     84.14    0.42      0.55          0.00          0.84           94.12        
52   R0996-D5TS217_2     217     72.31    100.00  49    N/A       N/A        0.43      N/A        55.17    N/A           24.57    37.91    3.947    4.561    121   1    0     0     72.73  79.34  N/A         N/A          0.87         N/A          79.34  71.163   1.87     6.89        13.9        111      2.6      4.01          0.47    76.86     0.61    0.71    0.89    0.31    0.88     64.00   5.86    85.63   76.93   0.74    747.00     4.86     85.91    0.36      109.78        10.31         8.40           79.83        
53   R0996-D5TS190_5     190     72.11    100.00  53    N/A       N/A        0.40      N/A        52.06    N/A           19.31    33.38    3.912    4.575    121   0    0     0     68.60  80.17  N/A         N/A          0.23         N/A          80.17  70.792   1.71     6.69        13.4        113      2.8      2.21          0.63    74.38     0.62    0.70    0.90    0.32    0.88     63.00   5.86    84.54   75.47   0.73    724.90     4.47     50.82    0.35      14.73         5.15          1.68           98.32        
54   R0996-D5TS156_3     156s    72.11    100.00  53    N/A       N/A        0.40      0.09       53.51    N/A           25.44    38.39    3.866    4.605    121   0    0     0     69.42  79.34  N/A         N/A          0.36         0.11         80.99  73.106   1.98     6.58        14.1        112      2.6      0.79          0.64    69.42     0.63    0.69    0.90    0.36    0.88     64.70   5.86    85.65   76.62   0.74    755.00     4.28     85.59    0.40      0.55          0.00          0.00           97.48        
55   R0996-D5TS356_4     356     72.11    100.00  53    N/A       N/A        0.40      N/A        53.51    N/A           27.50    39.95    3.839    4.419    121   1    0     0     69.42  84.30  N/A         N/A          0.36         N/A          84.30  76.3     2.01     6.79        14.6        110      2.3      0.50          0.64    69.83     0.63    0.70    0.90    0.40    0.88     63.30   5.99    86.16   75.30   0.75    778.60     4.58     87.68    0.39      0.00          0.00          0.00           99.16        
56   R0996-D5TS425_3     425     72.11    100.00  53    N/A       N/A        0.40      N/A        53.30    N/A           23.24    35.33    4.158    4.778    121   1    0     0     67.77  85.12  N/A         N/A          0.11         N/A          85.12  69.607   2.14     6.89        13.3        109      2.5      0.69          0.63    69.42     0.62    0.70    0.86    0.37    0.86     56.70   5.73    85.51   75.94   0.73    719.90     4.51     N/A      0.34      0.55          0.00          0.00           99.16        
57   R0996-D5TS358_5     358     71.90    100.00  57    N/A       N/A        0.36      N/A        53.51    N/A           23.62    36.27    3.972    4.548    121   0    0     0     70.25  80.17  N/A         N/A          0.49         N/A          80.17  76.646   1.87     6.58        13.6        111      2.5      3.08          0.60    73.97     0.62    0.70    0.89    0.30    0.89     58.70   5.86    84.96   75.85   0.75    733.60     4.82     80.59    0.39      70.38         2.06          4.20           90.76        
58   R0996-D5TS208_3     208     71.90    100.00  57    N/A       N/A        0.36      N/A        52.27    N/A           23.39    37.08    3.881    4.473    121   0    0     0     72.73  81.82  N/A         N/A          0.87         N/A          81.82  67.478   1.96     6.89        13.5        114      2.6      1.40          0.61    73.97     0.61    0.68    0.91    0.33    0.88     63.50   5.86    85.01   73.42   0.74    730.20     4.86     81.07    0.37      0.00          2.06          6.72           84.87        
59   R0996-D5TS112_5     112     71.90    100.00  57    N/A       N/A        0.36      N/A        52.07    N/A           25.79    37.70    3.303    3.84     121   1    0     0     68.60  83.47  N/A         N/A          0.23         N/A          83.47  72.015   1.79     6.89        14.4        117      2.9      1.17          0.63    70.25     0.64    0.70    0.94    0.30    0.90     64.20   5.86    85.50   73.83   0.75    771.70     5.02     88.97    0.37      0.55          1.03          0.84           92.44        
60   R0996-D5TS112_1     112     71.90    100.00  57    0.35      N/A        0.36      N/A        52.48    N/A           28.45    42.26    3.101    3.744    121   1    0     0     70.25  83.47  0.40        N/A          0.49         N/A          85.12  73.123   1.72     6.89        15.1        116      2.5      1.09          0.64    70.66     0.63    0.71    0.94    0.29    0.90     61.60   5.99    85.68   75.08   0.78    803.60     5.16     89.33    0.38      0.00          3.09          0.00           96.64        
61   R0996-D5TS208_1     208     71.69    100.00  61    0.32      N/A        0.33      N/A        49.79    N/A           22.92    34.92    3.912    4.585    121   0    0     0     68.60  79.34  0.19        N/A          0.23         N/A          80.99  70.7     1.80     6.79        12.9        113      2.7      1.53          0.60    73.55     0.60    0.66    0.91    0.34    0.88     60.30   5.86    85.07   74.18   0.73    701.70     4.74     79.73    0.36      0.00          3.09          1.68           84.87        
62   R0996-D5TS208_2     208     71.69    100.00  61    N/A       N/A        0.33      N/A        51.66    N/A           23.67    36.63    3.926    4.686    121   0    0     0     70.25  79.34  N/A         N/A          0.49         N/A          79.34  71.141   1.97     6.79        13.1        111      2.5      1.15          0.59    74.38     0.59    0.66    0.90    0.34    0.88     54.30   5.86    84.57   73.20   0.74    710.70     5.02     80.55    0.34      0.00          0.00          5.88           85.71        
63   R0996-D5TS156_4     156s    71.69    100.00  61    N/A       N/A        0.33      -0.09      53.30    N/A           23.39    36.00    3.978    4.667    121   0    0     0     66.94  78.51  N/A         N/A          -0.02        -0.90        78.51  76.753   1.71     6.38        14          110      2.5      0.90          0.63    69.83     0.63    0.69    0.90    0.36    0.88     62.40   5.86    85.71   76.43   0.73    750.30     4.60     83.58    0.40      0.55          0.00          0.84           96.64        
64   R0996-D5TS433_4     433     71.69    100.00  61    N/A       N/A        0.33      N/A        53.72    N/A           0.00     23.34    3.998    3.972    121   0    0     0     67.77  76.86  N/A         N/A          0.11         N/A          77.69  69.151   1.64     6.38        13.6        111      2.8      6.00          0.21    57.88     0.46    0.17    0.90    0.31    0.88     62.50   5.86    84.96   76.01   0.74    731.70     4.42     N/A      0.00      3.24          N/A           3.36           90.76        
65   R0996-D5TS358_2     358     71.69    100.00  61    N/A       N/A        0.33      N/A        53.51    N/A           20.58    33.39    4.045    4.599    121   0    0     0     68.60  76.86  N/A         N/A          0.23         N/A          77.69  75.761   1.58     6.58        13.5        111      2.7      3.22          0.59    74.79     0.62    0.70    0.89    0.31    0.88     57.50   5.73    84.59   75.74   0.74    731.30     4.93     79.13    0.37      71.47         3.09          4.20           90.76        
66   R0996-D5TS156_1     156s    71.69    100.00  61    0.32      0.38       0.33      -0.09      52.48    0.27          23.67    36.37    3.971    4.665    121   0    0     0     66.94  78.51  -0.01       -0.25        -0.02        -0.90        78.51  71.744   1.72     6.48        13.8        112      2.7      0.98          0.63    71.07     0.63    0.69    0.90    0.36    0.88     64.30   5.86    85.52   76.30   0.73    743.90     4.50     84.46    0.39      0.55          0.00          0.84           95.80        
67   R0996-D5TS208_5     208     71.49    100.00  67    N/A       N/A        0.30      N/A        51.24    N/A           23.45    35.25    3.899    4.589    121   0    0     0     70.25  79.34  N/A         N/A          0.49         N/A          80.99  70.418   2.06     6.79        12.8        111      2.5      1.72          0.59    71.90     0.59    0.65    0.90    0.35    0.88     57.10   5.86    84.26   72.08   0.73    696.50     5.22     80.17    0.33      0.55          3.09          2.52           84.87        
68   R0996-D5TS174_5     174     71.49    100.00  67    N/A       N/A        0.30      N/A        52.69    N/A           22.23    34.60    3.901    4.458    121   0    0     0     68.60  76.86  N/A         N/A          0.23         N/A          76.86  70.186   1.65     6.48        13.5        110      2.6      2.56          0.63    73.97     0.63    0.72    0.90    0.33    0.88     54.20   5.86    86.14   77.90   0.73    728.50     4.13     N/A      0.40      3.27          9.28          5.88           82.35        
69   R0996-D5TS004_1     004s    71.28    100.00  69    0.27      0.24       0.27      -0.28      51.86    0.13          28.70    40.85    3.966    4.572    121   1    0     0     72.73  77.69  0.70        1.52         0.87         1.46         79.34  74.811   1.69     6.58        13.1        113      2.7      1.09          0.62    74.79     0.62    0.70    0.89    0.32    0.87     62.80   5.73    84.14   74.97   0.75    710.60     4.75     82.95    0.37      0.00          2.06          0.00           94.96        
70   R0996-D5TS117_1     117     71.28    100.00  69    0.27      N/A        0.27      N/A        51.45    N/A           20.51    31.92    3.917    4.529    121   1    0     0     68.60  80.17  0.19        N/A          0.23         N/A          80.17  66.376   1.96     6.38        13          113      2.7      4.21          0.61    74.38     0.59    0.70    0.91    0.34    0.87     64.40   5.86    84.96   75.16   0.72    707.00     4.29     79.63    0.33      89.47         27.84         5.04           83.19        
71   R0996-D5TS358_1     358     71.28    100.00  69    0.27      N/A        0.27      N/A        53.92    N/A           23.22    34.40    4.078    4.66     121   0    0     0     67.77  77.69  0.09        N/A          0.11         N/A          77.69  74.743   1.72     6.58        13.6        111      2.6      3.05          0.59    73.14     0.61    0.70    0.89    0.31    0.88     58.20   5.86    84.67   75.58   0.74    733.50     5.08     79.60    0.37      68.74         2.06          3.36           91.60        
72   R0996-D5TS102_1     102s    71.28    100.00  69    0.27      0.24       0.27      -0.28      53.30    0.44          25.96    37.56    4.253    4.795    121   1    0     0     66.94  77.69  -0.01       -0.25        -0.02        -0.90        79.34  73.58    1.91     6.28        13.2        110      2.8      1.03          0.62    69.83     0.62    0.70    0.88    0.34    0.87     64.50   5.86    84.65   75.58   0.72    714.20     4.89     83.45    0.37      0.55          0.00          0.84           94.96        
73   R0996-D5TS359_4     359s    71.07    100.00  73    N/A       N/A        0.24      -0.37      49.38    N/A           18.84    33.26    3.868    4.514    121   9    0     0     71.90  80.17  N/A         N/A          0.74         1.12         80.17  70.117   1.92     6.99        13.1        113      2.8      1.73          0.60    73.14     0.59    0.68    0.91    0.34    0.88     47.50   5.86    83.88   73.06   0.73    710.00     5.03     82.44    0.34      0.00          4.12          5.04           78.15        
74   R0996-D5TS196_4     196     71.07    100.00  73    N/A       N/A        0.24      N/A        49.38    N/A           18.84    33.26    3.868    4.514    121   9    0     0     71.90  80.17  N/A         N/A          0.74         N/A          80.17  70.117   1.92     6.99        13.1        113      2.8      1.73          0.60    73.14     0.59    0.68    0.91    0.34    0.88     47.50   5.86    83.88   73.06   0.73    710.00     5.03     82.44    0.34      0.00          4.12          5.04           78.15        
75   R0996-D5TS068_1     068     71.07    100.00  73    0.24      N/A        0.24      N/A        51.86    N/A           25.77    39.95    4.054    4.697    121   0    0     0     72.73  83.47  0.70        N/A          0.87         N/A          83.47  77.294   1.87     6.89        14.4        110      2.4      0.50          0.62    71.49     0.62    0.69    0.90    0.36    0.87     60.30   5.86    85.79   76.22   0.74    771.60     4.34     85.12    0.37      0.00          0.00          0.00           98.32        
76   R0996-D5TS174_2     174     70.87    100.00  76    N/A       N/A        0.20      N/A        51.03    N/A           20.92    35.02    4.006    4.611    121   0    0     0     66.94  79.34  N/A         N/A          -0.02        N/A          79.34  74.535   1.75     6.28        13.6        112      2.9      1.26          0.63    76.86     0.63    0.70    0.90    0.30    0.88     57.60   5.86    86.37   79.03   0.73    734.70     3.90     N/A      0.38      4.91          0.00          0.00           99.16        
77   R0996-D5TS344_2     344     70.66    100.00  77    N/A       N/A        0.17      N/A        50.21    N/A           26.19    32.67    3.836    4.558    121   1    0     0     64.46  80.17  N/A         N/A          -0.40        N/A          80.17  70.083   1.88     6.08        13.4        113      2.8      1.39          0.63    72.73     0.63    0.71    0.90    0.35    0.88     58.80   5.86    83.52   74.35   0.72    722.40     4.75     80.84    0.39      0.00          2.06          1.68           85.71        
78   R0996-D5TS425_1     425     70.66    100.00  77    0.19      N/A        0.17      N/A        51.24    N/A           24.69    36.33    3.847    4.431    121   1    0     0     69.42  80.17  0.30        N/A          0.36         N/A          80.17  66.072   1.85     6.99        13.5        112      2.5      1.31          0.64    72.73     0.63    0.71    0.89    0.32    0.87     57.10   5.86    84.94   74.72   0.73    727.90     4.30     N/A      0.40      1.64          0.00          0.00           94.12        
79   R0996-D5TS174_4     174     70.45    100.00  79    N/A       N/A        0.14      N/A        50.62    N/A           22.23    36.90    4.032    4.666    121   0    0     0     67.77  79.34  N/A         N/A          0.11         N/A          79.34  69.5     1.74     6.48        13.5        112      2.9      2.18          0.61    74.79     0.61    0.70    0.90    0.31    0.88     54.80   5.73    86.09   78.44   0.73    728.30     4.05     N/A      0.38      1.64          5.15          6.72           80.67        
80   R0996-D5TS117_2     117     70.25    100.00  80    N/A       N/A        0.11      N/A        50.62    N/A           21.67    32.00    3.931    4.523    121   1    0     0     65.29  80.99  N/A         N/A          -0.27        N/A          80.99  65.908   2.08     6.79        12.8        112      2.8      4.07          0.62    78.10     0.61    0.73    0.91    0.32    0.87     82.40   5.86    84.83   76.02   0.71    695.80     4.42     78.72    0.35      112.38        14.43         6.72           84.03        
81   R0996-D5TS281_2     281     70.04    100.00  81    N/A       N/A        0.08      N/A        50.20    N/A           22.83    37.24    4.008    4.576    121   0    0     0     71.90  81.82  N/A         N/A          0.74         N/A          81.82  70.633   1.88     6.79        13.7        111      2.5      2.05          0.61    76.45     0.62    0.69    0.90    0.31    0.88     60.30   5.86    84.47   75.17   0.74    740.60     4.59     79.17    0.35      18.00         1.03          0.84           95.80        
82   R0996-D5TS195_1     195     69.83    100.00  82    0.09      N/A        0.05      N/A        50.83    N/A           31.11    43.59    3.403    3.946    121   1    0     0     70.25  82.64  0.40        N/A          0.49         N/A          82.64  72.951   1.89     6.38        14.6        116      3        1.83          0.62    69.42     0.61    0.70    0.93    0.31    0.89     57.50   5.99    84.78   73.42   0.75    779.10     5.94     N/A      0.35      2.18          3.09          0.00           92.44        
83   R0996-D5TS068_4     068     69.83    100.00  82    N/A       N/A        0.05      N/A        51.65    N/A           28.92    41.39    4.24     4.891    121   0    0     0     65.29  77.69  N/A         N/A          -0.27        N/A          77.69  74.608   1.65     5.47        13.2        108      2.8      1.12          0.63    69.01     0.62    0.69    0.87    0.45    0.88     65.70   5.73    85.06   75.36   0.72    713.10     4.23     86.32    0.38      0.55          0.00          0.84           93.28        
84   R0996-D5TS425_2     425     69.83    100.00  82    N/A       N/A        0.05      N/A        49.59    N/A           22.32    34.57    4.022    4.695    121   1    0     0     66.94  80.17  N/A         N/A          -0.02        N/A          80.17  68.201   1.89     6.89        13          112      2.7      1.32          0.62    70.25     0.62    0.69    0.88    0.37    0.87     56.70   5.86    84.72   75.98   0.72    706.00     4.09     76.09    0.36      4.36          0.00          0.00           97.48        
85   R0996-D5TS281_1     281     69.83    100.00  82    0.09      N/A        0.05      N/A        50.41    N/A           23.02    35.92    4.059    4.612    121   1    0     0     67.77  79.34  0.09        N/A          0.11         N/A          79.34  69.594   1.91     6.79        13.6        111      2.6      2.00          0.60    74.79     0.62    0.70    0.89    0.32    0.87     57.20   5.86    84.53   75.11   0.73    733.80     4.97     78.20    0.36      19.09         1.03          0.00           96.64        
86   R0996-D5TS344_3     344     69.63    100.00  86    N/A       N/A        0.01      N/A        49.38    N/A           22.94    33.15    4.02     4.699    121   1    0     0     65.29  80.17  N/A         N/A          -0.27        N/A          80.17  69.281   1.80     6.38        13.2        112      2.7      1.68          0.60    69.42     0.62    0.69    0.90    0.37    0.87     64.90   5.86    83.50   73.32   0.72    714.20     4.67     82.41    0.37      0.00          4.12          1.68           81.51        
87   R0996-D5TS196_3     196     69.63    100.00  86    N/A       N/A        0.01      N/A        48.14    N/A           17.39    32.31    3.817    4.484    121   11   0     0     71.90  81.82  N/A         N/A          0.74         N/A          81.82  64.463   1.93     6.89        12.7        113      2.8      2.08          0.58    71.90     0.59    0.68    0.91    0.36    0.88     44.60   5.86    83.49   71.45   0.72    691.20     5.09     82.29    0.33      0.55          6.19          5.04           75.63        
88   R0996-D5TS359_3     359s    69.63    100.00  86    N/A       N/A        0.01      -1.01      48.14    N/A           17.39    32.31    3.817    4.484    121   11   0     0     71.90  81.82  N/A         N/A          0.74         1.12         81.82  64.463   1.93     6.89        12.7        113      2.8      2.08          0.58    71.90     0.59    0.68    0.91    0.36    0.88     44.60   5.86    83.49   71.45   0.72    691.20     5.09     82.29    0.33      0.55          6.19          5.04           75.63        
89   R0996-D5TS174_3     174     69.63    100.00  86    N/A       N/A        0.01      N/A        50.00    N/A           19.53    33.58    4.022    4.683    121   0    0     0     66.12  78.51  N/A         N/A          -0.15        N/A          78.51  68.483   1.76     6.58        13.4        112      2.9      1.39          0.62    75.62     0.63    0.70    0.90    0.32    0.88     61.70   5.73    86.17   78.22   0.73    725.00     3.93     N/A      0.38      7.09          0.00          0.00           98.32        
90   R0996-D5TS112_2     112     69.42    100.00  90    N/A       N/A        -0.02     N/A        52.89    N/A           31.00    45.65    5.177    5.427    121   1    0     0     69.42  76.03  N/A         N/A          0.36         N/A          76.86  74.467   1.55     6.18        14.2        109      4        1.55          0.63    64.88     0.61    0.68    0.90    0.40    0.85     64.30   5.86    83.83   75.28   0.72    763.20     5.74     85.71    0.36      1.64          2.06          2.52           94.12        
91   R0996-D5TS086_4     086     68.80    100.00  91    N/A       N/A        -0.11     N/A        48.55    N/A           25.49    38.95    3.678    4.371    121   0    0     0     66.94  78.51  N/A         N/A          -0.02        N/A          78.51  73.688   1.72     5.97        13          113      3        0.92          0.62    73.14     0.59    0.70    0.92    0.34    0.87     55.40   5.99    84.55   73.36   0.72    707.30     4.04     N/A      0.34      1.09          0.00          0.00           97.48        
92   R0996-D5TS425_5     425     68.80    100.00  91    N/A       N/A        -0.11     N/A        48.55    N/A           25.77    37.62    4.126    4.769    121   0    0     0     67.77  84.30  N/A         N/A          0.11         N/A          84.30  66.354   2.08     6.99        12.6        110      2.5      0.81          0.62    67.36     0.62    0.69    0.86    0.39    0.86     57.80   5.86    84.87   75.11   0.72    686.90     4.17     N/A      0.39      1.09          0.00          0.00           98.32        
93   R0996-D5TS344_5     344     68.80    100.00  91    N/A       N/A        -0.11     N/A        48.76    N/A           26.30    35.11    4.15     4.864    121   1    0     0     65.29  78.51  N/A         N/A          -0.27        N/A          80.17  69.062   1.89     6.38        13          110      2.7      1.20          0.59    65.29     0.61    0.67    0.88    0.37    0.86     61.70   5.86    83.16   72.22   0.71    706.50     5.16     80.65    0.36      0.00          1.03          2.52           83.19        
94   R0996-D5TS086_1     086     68.59    100.00  94    -0.06     N/A        -0.15     N/A        49.38    N/A           25.87    39.12    4.492    5.02     121   2    0     0     68.60  76.86  0.19        N/A          0.23         N/A          77.69  68.624   1.76     5.67        12.2        110      3.2      0.91          0.61    71.49     0.62    0.67    0.87    0.37    0.86     63.50   5.86    83.75   73.09   0.71    666.60     5.06     N/A      0.35      1.64          0.00          0.00           99.16        
95   R0996-D5TS068_5     068     68.18    100.00  95    N/A       N/A        -0.21     N/A        50.83    N/A           28.25    41.06    5.012    5.475    121   0    0     0     63.64  78.51  N/A         N/A          -0.53        N/A          78.51  75.25    1.69     5.77        13          107      2.6      1.28          0.63    70.66     0.62    0.67    0.86    0.38    0.88     70.30   5.46    77.87   74.98   0.72    706.00     4.71     85.85    0.37      1.09          0.00          1.68           92.44        
96   R0996-D5TS425_4     425     67.36    100.00  96    N/A       N/A        -0.33     N/A        48.97    N/A           27.87    39.86    4.931    5.4      121   1    0     0     70.25  78.51  N/A         N/A          0.49         N/A          78.51  71.687   1.75     5.77        11.8        102      2.5      0.81          0.62    71.90     0.63    0.69    0.84    0.39    0.86     57.80   4.89    83.37   76.05   0.70    647.20     4.10     N/A      0.37      1.09          0.00          0.00           98.32        
97   R0996-D5TS086_2     086     67.36    100.00  96    N/A       N/A        -0.33     N/A        47.73    N/A           24.01    35.31    4.528    5.002    121   0    0     0     66.12  76.03  N/A         N/A          -0.15        N/A          76.86  62.734   1.81     6.28        11.6        108      3.1      0.99          0.59    69.42     0.61    0.68    0.87    0.40    0.86     61.00   5.73    84.05   72.59   0.70    641.10     4.92     N/A      0.34      2.18          0.00          0.00           98.32        
98   R0996-D5TS359_2     359s    67.36    100.00  96    N/A       N/A        -0.33     -2.02      45.87    N/A           16.78    31.70    4.055    4.651    121   11   0     0     66.12  77.69  N/A         N/A          -0.15        -1.23        77.69  63.919   1.96     6.58        12.1        110      2.6      2.05          0.57    70.25     0.57    0.66    0.89    0.36    0.87     41.20   5.86    83.13   70.46   0.71    661.30     5.68     81.30    0.31      0.55          5.15          7.56           72.27        
99   R0996-D5TS196_2     196     67.36    100.00  96    N/A       N/A        -0.33     N/A        45.87    N/A           16.78    31.70    4.055    4.651    121   11   0     0     66.12  77.69  N/A         N/A          -0.15        N/A          77.69  63.919   1.96     6.58        12.1        110      2.6      2.05          0.57    70.25     0.57    0.66    0.89    0.36    0.87     41.20   5.86    83.13   70.46   0.71    661.30     5.68     81.30    0.31      0.55          5.15          7.56           72.27        
100  R0996-D5TS086_5     086     66.94    100.00  100   N/A       N/A        -0.40     N/A        47.73    N/A           24.87    33.89    4.247    4.807    121   0    0     0     62.81  76.86  N/A         N/A          -0.66        N/A          76.86  64.32    1.91     5.97        13.2        110      2.8      0.81          0.61    66.53     0.61    0.68    0.88    0.38    0.86     60.10   5.73    84.04   73.71   0.70    715.40     4.62     N/A      0.36      1.09          0.00          0.00           99.16        
101  R0996-D5TS431_2     431     66.74    100.00  101   N/A       N/A        -0.43     N/A        49.80    N/A           27.70    41.31    5.892    6.282    121   0    0     0     65.29  76.03  N/A         N/A          -0.27        N/A          77.69  69.671   1.84     6.28        11.6        99       2.3      0.80          0.58    59.92     0.60    0.59    0.71    0.53    0.84     70.90   5.33    74.96   68.96   0.70    637.50     10.87    78.19    0.36      0.00          1.03          0.00           95.80        
102  R0996-D5TS344_4     344     65.70    100.00  102   N/A       N/A        -0.59     N/A        44.84    N/A           23.15    32.63    4.167    4.875    121   1    0     0     61.16  79.34  N/A         N/A          -0.91        N/A          79.34  63.549   1.94     6.18        12.3        110      2.7      1.44          0.57    66.94     0.59    0.66    0.88    0.40    0.86     55.00   5.86    82.40   69.61   0.70    671.60     5.92     81.44    0.33      0.00          2.06          0.84           82.35        
103  R0996-D5TS328_2     328     65.50    100.00  103   N/A       N/A        -0.62     N/A        46.28    N/A           19.36    30.50    4.943    5.318    121   0    0     0     61.16  71.90  N/A         N/A          -0.91        N/A          71.90  61.124   1.98     5.67        11.1        108      3.6      1.64          0.58    66.94     0.57    0.64    0.84    0.47    0.84     64.40   5.60    86.19   70.11   0.67    617.00     5.93     N/A      0.29      1.64          1.03          5.88           81.51        
104  R0996-D5TS086_3     086     65.50    100.00  103   N/A       N/A        -0.62     N/A        45.66    N/A           18.07    27.09    4.522    5.156    121   0    0     0     61.98  72.73  N/A         N/A          -0.78        N/A          72.73  60.4     1.90     5.77        11.7        108      3.2      0.92          0.60    66.12     0.61    0.68    0.86    0.40    0.85     62.00   5.73    84.14   74.67   0.67    643.40     4.96     N/A      0.37      1.09          0.00          0.84           97.48        
105  R0996-D5TS328_1     328     65.08    100.00  105   -0.50     N/A        -0.68     N/A        45.87    N/A           20.13    30.63    4.946    5.315    121   1    0     0     61.16  71.90  -0.73       N/A          -0.91        N/A          71.90  60.584   1.86     5.87        11.1        108      3.6      2.07          0.58    67.77     0.58    0.64    0.84    0.47    0.84     66.40   5.73    86.17   70.09   0.67    615.90     5.97     N/A      0.30      1.64          4.12          5.88           83.19        
106  R0996-D5TS328_4     328     64.88    100.00  106   N/A       N/A        -0.72     N/A        45.25    N/A           18.80    30.05    4.981    5.333    121   0    0     0     61.16  71.07  N/A         N/A          -0.91        N/A          71.07  61.793   1.82     5.26        11.2        108      3.6      2.22          0.57    68.18     0.58    0.64    0.84    0.45    0.84     60.00   5.73    85.97   70.34   0.67    619.00     5.86     N/A      0.33      2.18          4.12          4.20           78.15        
107  R0996-D5TS328_3     328     64.88    100.00  106   N/A       N/A        -0.72     N/A        45.25    N/A           18.82    29.92    4.982    5.411    121   0    0     0     61.16  70.25  N/A         N/A          -0.91        N/A          70.25  65.198   1.86     5.26        11.2        108      3.6      2.22          0.56    65.29     0.58    0.63    0.84    0.46    0.84     57.10   5.60    86.11   70.43   0.67    620.10     5.84     N/A      0.31      3.27          3.09          4.20           80.67        
108  R0996-D5TS328_5     328     64.88    100.00  106   N/A       N/A        -0.72     N/A        45.04    N/A           18.50    29.71    4.965    5.324    121   0    0     0     61.16  70.25  N/A         N/A          -0.91        N/A          70.25  61.032   1.80     5.97        11          108      3.7      1.88          0.58    66.53     0.58    0.64    0.84    0.43    0.84     70.70   5.60    86.06   70.61   0.67    613.40     5.54     N/A      0.32      3.27          1.03          4.20           78.99        
109  R0996-D5TS359_1     359s    64.67    100.00  109   -0.55     -1.91      -0.75     -3.21      42.35    -1.90         16.12    30.19    4.149    4.744    121   10   0     0     62.81  76.86  -0.52       -1.52        -0.66        -2.59        76.86  61.792   2.10     6.48        11.7        111      2.8      1.87          0.57    66.94     0.57    0.65    0.88    0.39    0.86     43.90   5.86    82.37   70.47   0.70    645.70     5.69     80.24    0.30      0.55          3.09          5.88           73.11        
110  R0996-D5TS196_1     196     64.67    100.00  109   -0.55     N/A        -0.75     N/A        42.35    N/A           16.12    30.19    4.149    4.744    121   10   0     0     62.81  76.86  -0.52       N/A          -0.66        N/A          76.86  61.792   2.10     6.48        11.7        111      2.8      1.87          0.57    66.94     0.57    0.65    0.88    0.39    0.86     43.90   5.86    82.37   70.47   0.70    645.70     5.69     80.24    0.30      0.55          3.09          5.88           73.11        
111  R0996-D5TS288_5     288     63.22    100.00  111   N/A       N/A        -0.97     N/A        44.01    N/A           21.65    36.24    6.108    6.574    121   0    0     0     65.29  75.21  N/A         N/A          -0.27        N/A          75.21  59.53    1.86     5.67        10.6        101      2.6      1.59          0.55    63.22     0.57    0.60    0.77    0.53    0.85     56.10   4.74    75.00   68.18   0.69    592.90     5.74     81.03    0.29      0.00          5.15          2.52           89.92        
112  R0996-D5TS288_2     288     61.78    100.00  112   N/A       N/A        -1.19     N/A        43.18    N/A           15.43    34.08    5.947    6.485    121   0    0     0     61.16  76.03  N/A         N/A          -0.91        N/A          76.03  64.304   1.88     5.77        10.4        102      2.6      1.44          0.54    63.64     0.56    0.59    0.77    0.55    0.84     58.60   3.89    74.41   66.93   0.68    585.50     6.28     79.92    0.26      0.00          5.15          0.84           94.12        
113  R0996-D5TS288_1     288     60.95    100.00  113   -1.01     N/A        -1.32     N/A        41.32    N/A           17.39    34.49    6.195    6.663    121   0    0     0     63.64  73.55  -0.42       N/A          -0.53        N/A          73.55  63.196   1.86     5.57        9.8         98       2.4      1.71          0.54    64.46     0.56    0.59    0.74    0.51    0.84     58.70   4.07    74.27   66.86   0.68    556.90     6.63     78.72    0.27      0.55          4.12          0.84           89.92        
114  R0996-D5TS492_5     492     59.50    100.00  114   N/A       N/A        -1.54     N/A        39.46    N/A           19.32    32.32    5.6      6.101    121   0    0     0     61.16  71.90  N/A         N/A          -0.91        N/A          71.90  58.718   1.98     5.87        9.7         99       2.5      1.73          0.55    66.94     0.58    0.61    0.80    0.51    0.84     62.10   4.74    76.16   69.30   0.67    550.80     6.41     82.18    0.30      0.00          7.22          2.52           89.08        
115  R0996-D5TS288_3     288     58.47    100.00  115   N/A       N/A        -1.70     N/A        39.67    N/A           22.38    31.91    6.217    6.693    121   0    0     0     62.81  75.21  N/A         N/A          -0.66        N/A          75.21  57.338   2.03     5.97        9.9         101      2.7      1.40          0.55    63.64     0.57    0.61    0.82    0.46    0.82     62.30   3.07    76.91   68.69   0.64    559.70     6.92     79.19    0.30      0.00          3.09          1.68           90.76        
116  R0996-D5TS492_3     492     57.44    100.00  116   N/A       N/A        -1.86     N/A        37.60    N/A           14.94    30.01    5.977    6.439    121   0    0     0     61.16  71.07  N/A         N/A          -0.91        N/A          71.07  56.725   1.95     5.26        9.3         97       2.6      1.65          0.52    60.33     0.54    0.56    0.76    0.61    0.82     51.00   3.89    75.48   66.93   0.65    531.50     7.30     78.28    0.25      0.00          5.15          0.84           87.39        
117  R0996-D5TS492_4     492     56.41    100.00  117   N/A       N/A        -2.02     N/A        36.57    N/A           17.00    29.38    6.756    7.086    121   0    0     0     53.72  72.73  N/A         N/A          -2.05        N/A          72.73  56.267   2.10     5.57        8.5         98       2.7      1.58          0.53    65.29     0.56    0.60    0.70    0.59    0.81     45.90   4.74    72.97   64.90   0.63    492.70     8.71     72.87    0.29      0.00          4.12          3.36           87.39        
118  R0996-D5TS492_2     492     56.41    100.00  117   N/A       N/A        -2.02     N/A        36.98    N/A           18.69    30.45    7.539    7.801    121   0    0     0     59.50  71.90  N/A         N/A          -1.16        N/A          71.90  52.749   2.15     5.26        9.4         102      3.5      1.99          0.54    63.22     0.55    0.61    0.81    0.54    0.78     48.60   5.04    74.67   66.78   0.63    535.40     8.59     81.59    0.28      1.09          5.15          2.52           86.55        
119  R0996-D5TS492_1     492     55.58    100.00  119   -1.68     N/A        -2.14     N/A        36.16    N/A           17.86    28.38    6.595    7.011    121   0    0     0     57.85  70.25  -1.14       N/A          -1.42        N/A          70.25  54.765   2.02     4.65        8.5         95       2.7      1.95          0.53    59.92     0.55    0.58    0.68    0.57    0.82     52.50   4.74    74.38   66.09   0.62    491.90     8.60     75.55    0.28      1.64          3.09          2.52           84.87        
120  R0996-D5TS288_4     288     54.96    100.00  120   N/A       N/A        -2.24     N/A        36.57    N/A           16.36    28.85    6.672    7.226    121   0    0     0     57.02  70.25  N/A         N/A          -1.55        N/A          70.25  53.314   1.99     5.36        8.3         94       2.6      1.52          0.52    61.57     0.56    0.58    0.73    0.56    0.81     62.30   3.50    74.97   64.11   0.62    485.30     7.36     75.14    0.27      0.00          3.09          2.52           85.71        
121  R0996-D5TS358_3     358     52.69    100.00  121   N/A       N/A        -2.59     N/A        34.30    N/A           10.98    20.36    5.556    6.082    121   0    0     0     42.15  62.81  N/A         N/A          -3.83        N/A          63.64  44.666   2.66     3.64        7.2         107      4.3      2.68          0.49    61.16     0.58    0.60    0.84    0.43    0.84     61.60   5.33    79.40   68.48   0.54    434.00     8.40     63.60    0.31      44.74         0.00          3.36           89.92        
122  R0996-D5TS431_3     431     46.28    100.00  122   N/A       N/A        -3.57     N/A        31.41    N/A           17.11    23.83    10.919   10.862   121   1    0     0     42.15  54.55  N/A         N/A          -3.83        N/A          63.64  49.695   2.12     3.64        7           87       2.8      1.08          0.46    48.35     0.55    0.48    0.38    1.03    0.67     50.60   3.29    69.49   60.06   0.50    426.90     25.00    59.84    0.30      0.00          1.03          2.52           89.08        
123  R0996-D5TS431_4     431     44.63    100.00  123   N/A       N/A        -3.83     N/A        28.93    N/A           13.53    22.44    12.481   12.323   121   0    0     0     41.32  60.33  N/A         N/A          -3.96        N/A          65.29  47.71    2.30     4.25        5.9         87       2.8      0.86          0.41    43.39     0.53    0.38    0.21    1.43    0.63     49.30   4.42    59.14   53.64   0.51    378.60     69.55    62.30    0.23      0.00          1.03          0.84           94.96        
124  R0996-D5TS431_1     431     34.30    100.00  124   -4.33     N/A        -5.41     N/A        23.34    N/A           11.71    15.92    15.573   16.092   121   0    0     0     30.58  39.67  -4.51       N/A          -5.61        N/A          45.45  36.756   2.03     1.71        3.3         60       2.8      1.21          0.35    29.34     0.49    0.32    0.26    1.54    0.48     53.30   1.99    45.59   46.94   0.38    206.80     73.20    49.12    0.19      0.00          2.06          1.68           92.44        

