#    Model               GR#     GDT_TS   NP_P    RANK  Z-M1-GDT  Z-M1s-GDT  Z-MA-GDT  Z-MAs-GDT  GDT_HA   Z-M1s-GDT-HA  GDC_SC   GDC_ALL  RMS_CA   RMS_ALL  NP    err  PC01  PC05  AL0_P  AL4_P  Z-M1-AL0_p  Z-M1s-AL0_p  Z-MA-AL0_p   Z-MAs-AL0_p  ALI_P  LGA_S    RMSD[L]  Z-score[M]  Z-Score[D]  Al.Res.  RMSD[D]  MolPrb_Score  LDDT    SphGr     CAD_AA  RPF     CODM    DFM     Handed.  SOV     CE      QCS     CONTS   TMscore  Dali(raw)  FlexE    QSE      CAD_SS    MolPrb_clash  MolPrb_rotout  MolPrb_ramout  MolPrb_ramfv 

-    starting_model      -       78.57    -       -     -         -          -         -          60.39    -             23.52    -        2.16     3.00     -     -    -     -     -      -      -           -            -            -            -      -        -        6.04        11.50       77       2.20     3.34          0.65    81.82     0.62    0.72    0.95    0.25    0.91     77.10   5.19    88.60   79.04   0.77     425.90     3.11     82.53    0.40      20.25         14.52         4.00           85.33        

1    R1004-D2TS356_3     356     94.81    100.00  1     N/A       N/A        2.34      N/A        81.82    N/A           51.99    72.87    1.073    1.995    77    0    0     0     94.81  98.70  N/A         N/A          1.37         N/A          98.70  97.687   1.07     6.89        15.2        77       1.1      0.63          0.81    88.31     0.76    0.85    0.99    0.10    0.95     75.90   5.33    95.07   90.41   0.92    542.40     1.21     96.13    0.62      0.00          0.00          0.00           97.33        
2    R1004-D2TS356_1     356     93.51    100.00  2     2.58      N/A        2.17      N/A        79.87    N/A           48.45    70.77    1.083    2.174    77    0    0     0     94.81  98.70  1.69        N/A          1.37         N/A          98.70  97.067   1.08     6.89        15          77       1.1      0.99          0.77    85.71     0.72    0.81    0.99    0.10    0.95     73.70   5.33    94.84   90.52   0.92    536.80     1.25     95.39    0.53      0.00          0.00          2.67           92.00        
3    R1004-D2TS356_4     356     89.94    100.00  3     N/A       N/A        1.70      N/A        75.00    N/A           41.61    65.56    1.53     2.29     77    0    0     0     92.21  94.81  N/A         N/A          1.12         N/A          94.81  94.577   1.42     6.75        13.5        77       1.5      0.50          0.75    83.12     0.71    0.79    0.96    0.18    0.94     83.10   5.19    88.96   86.14   0.88    488.20     3.26     94.40    0.51      0.00          0.00          0.00           98.67        
4    R1004-D2TS112_2     112     87.66    100.00  4     N/A       N/A        1.40      N/A        69.81    N/A           41.97    63.02    1.302    2.139    77    0    0     0     96.10  100.00  N/A         N/A          1.50         N/A          100.00  94.965   1.30     7.03        13.6        77       1.3      1.09          0.73    86.36     0.71    0.79    0.98    0.14    0.94     82.70   5.33    93.12   86.02   0.88    491.90     1.96     96.11    0.57      0.00          1.61          1.33           93.33        
5    R1004-D2TS425_1     425     86.04    100.00  5     1.35      N/A        1.18      N/A        71.11    N/A           46.04    64.59    1.587    2.45     77    2    0     0     92.21  96.10  1.37        N/A          1.12         N/A          96.10  93.267   1.51     6.75        13.7        77       1.6      0.77          0.77    85.06     0.74    0.81    0.98    0.13    0.94     83.90   5.33    94.05   90.16   0.85    497.30     1.62     N/A      0.59      0.88          0.00          0.00           100.00       
6    R1004-D2TS356_5     356     85.71    100.00  6     N/A       N/A        1.14      N/A        68.83    N/A           38.45    60.48    1.506    2.55     77    0    0     0     93.51  98.70  N/A         N/A          1.25         N/A          98.70  93.017   1.51     6.89        13.3        77       1.5      0.50          0.71    80.52     0.68    0.76    0.97    0.19    0.93     72.90   5.33    93.34   87.39   0.85    482.30     1.73     95.06    0.48      0.00          0.00          0.00           98.67        
7    R1004-D2TS068_3     068     85.06    100.00  7     N/A       N/A        1.05      N/A        68.18    N/A           37.51    59.58    1.601    2.181    77    0    0     0     90.91  97.40  N/A         N/A          0.99         N/A          97.40  92.231   1.50     6.89        13.2        77       1.6      1.04          0.74    96.10     0.73    0.81    0.98    0.13    0.93     77.10   5.19    93.78   89.07   0.84    478.90     1.56     93.91    0.59      0.88          0.00          0.00           96.00        
8    R1004-D2TS086_4     086     85.06    100.00  7     N/A       N/A        1.05      N/A        69.81    N/A           40.12    61.03    1.795    2.524    77    0    0     0     90.91  94.81  N/A         N/A          0.99         N/A          94.81  91.963   1.50     6.61        13          76       1.7      0.93          0.74    88.31     0.70    0.81    0.97    0.16    0.93     84.30   5.19    93.35   87.74   0.84    473.70     1.90     N/A      0.55      1.76          0.00          0.00           98.67        
9    R1004-D2TS112_3     112     84.74    100.00  9     N/A       N/A        1.01      N/A        67.86    N/A           43.78    59.68    1.484    2.312    77    0    0     0     93.51  98.70  N/A         N/A          1.25         N/A          98.70  92.925   1.48     6.89        12.8        77       1.5      0.87          0.70    86.36     0.71    0.79    0.97    0.15    0.94     76.40   5.19    93.06   85.25   0.84    467.40     2.11     95.51    0.57      0.00          0.00          0.00           94.67        
10   R1004-D2TS174_4     174     84.42    100.00  10    N/A       N/A        0.97      N/A        67.21    N/A           34.84    56.84    1.939    2.718    77    0    0     0     88.31  94.81  N/A         N/A          0.74         N/A          94.81  91.12    1.58     6.33        12.4        76       1.8      2.11          0.71    83.12     0.68    0.78    0.96    0.22    0.92     74.90   5.19    91.06   85.36   0.83    453.60     2.70     N/A      0.48      1.76          4.84          5.33           85.33        
11   R1004-D2TS068_5     068     83.77    100.00  11    N/A       N/A        0.88      N/A        68.51    N/A           40.70    59.12    2.139    2.788    77    0    0     0     84.42  90.91  N/A         N/A          0.36         N/A          90.91  88.716   1.58     5.90        11.8        76       2        1.37          0.71    87.66     0.68    0.77    0.94    0.21    0.91     79.10   5.19    87.25   83.74   0.82    436.90     3.45     90.95    0.50      1.76          0.00          1.33           93.33        
12   R1004-D2TS190_2     190     83.44    100.00  12    N/A       N/A        0.84      N/A        65.26    N/A           31.35    54.81    1.912    2.759    77    0    0     0     87.01  92.21  N/A         N/A          0.61         N/A          92.21  90.459   1.72     6.04        12.4        77       1.9      1.67          0.70    85.06     0.65    0.76    0.96    0.19    0.93     74.70   5.19    90.55   83.40   0.82    455.40     2.63     32.10    0.44      9.68          1.61          0.00           98.67        
13   R1004-D2TS356_2     356     83.44    100.00  12    N/A       N/A        0.84      N/A        66.89    N/A           35.48    57.87    1.921    2.637    77    0    0     0     87.01  92.21  N/A         N/A          0.61         N/A          92.21  89.867   1.65     6.18        13          77       1.9      0.87          0.73    84.42     0.70    0.79    0.97    0.16    0.92     73.70   5.19    90.64   85.92   0.82    473.00     2.30     93.46    0.51      0.00          0.00          0.00           94.67        
14   R1004-D2TS068_2     068     83.44    100.00  12    N/A       N/A        0.84      N/A        65.58    N/A           35.66    57.48    1.717    2.558    77    0    0     0     88.31  96.10  N/A         N/A          0.74         N/A          96.10  91.741   1.61     6.61        12.6        76       1.6      1.14          0.70    87.01     0.68    0.77    0.96    0.18    0.93     71.80   5.19    92.39   85.14   0.83    459.70     2.39     92.98    0.52      0.88          0.00          0.00           94.67        
15   R1004-D2TS190_3     190     83.12    100.00  15    N/A       N/A        0.79      N/A        65.58    N/A           32.23    55.45    1.911    2.798    77    0    0     0     88.31  93.51  N/A         N/A          0.74         N/A          93.51  90.579   1.57     6.18        12.6        77       1.9      1.72          0.69    85.06     0.66    0.75    0.97    0.19    0.93     74.90   5.19    90.42   84.58   0.82    461.40     2.49     30.61    0.45      7.92          1.61          0.00           97.33        
16   R1004-D2TS195_1     195     83.12    100.00  15    0.87      N/A        0.79      N/A        64.94    N/A           38.33    57.86    2.849    3.466    77    0    0     0     88.31  92.21  0.88        N/A          0.74         N/A          92.21  88.471   1.49     6.33        11.9        76       2.6      1.98          0.69    81.82     0.68    0.78    0.95    0.18    0.90     90.30   5.04    89.31   80.80   0.81    439.80     3.14     N/A      0.50      1.76          4.84          4.00           90.67        
17   R1004-D2TS344_3     344     82.47    100.00  17    N/A       N/A        0.71      N/A        63.96    N/A           33.40    54.77    1.822    2.47     77    1    0     0     89.61  96.10  N/A         N/A          0.87         N/A          96.10  90.18    1.73     6.61        12.3        77       1.8      1.44          0.70    88.96     0.71    0.79    0.96    0.17    0.93     74.50   5.19    91.34   83.52   0.81    451.70     2.92     92.73    0.51      0.00          1.61          4.00           76.00        
18   R1004-D2TS068_1     068     82.47    100.00  17    0.76      N/A        0.71      N/A        67.21    N/A           34.58    57.72    1.988    2.659    77    0    0     0     85.71  93.51  0.56        N/A          0.49         N/A          93.51  89.183   1.69     6.47        12.7        77       2        0.79          0.72    85.71     0.71    0.78    0.97    0.19    0.92     83.80   5.19    91.96   85.24   0.81    463.90     2.38     91.76    0.53      0.00          1.61          0.00           97.33        
19   R1004-D2TS112_4     112     82.47    100.00  17    N/A       N/A        0.71      N/A        65.26    N/A           40.56    57.61    2.285    3.176    77    0    0     0     90.91  94.81  N/A         N/A          0.99         N/A          94.81  90.003   1.61     6.61        12          75       1.6      1.80          0.71    87.66     0.70    0.78    0.95    0.15    0.92     82.10   5.19    91.51   85.32   0.82    441.80     1.90     93.64    0.49      1.76          3.23          0.00           92.00        
20   R1004-D2TS344_1     344     82.14    100.00  20    0.71      N/A        0.66      N/A        65.59    N/A           35.72    56.91    1.842    2.499    77    1    0     0     88.31  93.51  0.88        N/A          0.74         N/A          93.51  91.473   1.57     6.33        12.7        77       1.8      1.58          0.72    87.01     0.69    0.79    0.97    0.15    0.93     81.30   5.19    91.91   85.87   0.82    463.50     1.97     92.57    0.53      0.88          1.61          1.33           85.33        
21   R1004-D2TS112_5     112     82.14    100.00  20    N/A       N/A        0.66      N/A        65.26    N/A           40.59    58.13    2.422    3.376    77    0    0     0     89.61  96.10  N/A         N/A          0.87         N/A          96.10  89.776   1.60     6.75        11.9        75       1.6      1.14          0.69    87.01     0.72    0.78    0.95    0.17    0.92     74.50   5.19    91.59   83.00   0.82    437.80     2.11     93.68    0.55      0.88          0.00          1.33           94.67        
22   R1004-D2TS270_4     270     82.14    100.00  20    N/A       N/A        0.66      N/A        62.01    N/A           32.67    54.88    1.765    2.694    77    0    0     0     87.01  94.81  N/A         N/A          0.61         N/A          94.81  91.291   1.69     6.47        12          76       1.7      1.42          0.70    84.42     0.67    0.76    0.96    0.19    0.93     79.10   5.19    90.20   82.49   0.82    442.40     3.24     N/A      0.47      0.00          3.23          1.33           90.67        
23   R1004-D2TS460_3     460     81.82    100.00  23    N/A       N/A        0.62      N/A        65.26    N/A           27.10    53.81    2.037    2.877    77    1    0     0     84.42  92.21  N/A         N/A          0.36         N/A          92.21  88.619   1.74     6.04        12.1        77       2        2.72          0.68    81.17     0.63    0.75    0.96    0.22    0.92     74.00   5.19    89.42   81.70   0.80    445.70     3.31     74.83    0.40      21.99         6.45          1.33           96.00        
24   R1004-D2TS425_2     425     81.82    100.00  23    N/A       N/A        0.62      N/A        65.58    N/A           34.98    55.66    1.793    2.617    77    1    0     0     88.31  96.10  N/A         N/A          0.74         N/A          96.10  90.516   1.73     6.61        12.4        77       1.8      1.14          0.72    85.71     0.69    0.79    0.96    0.16    0.93     84.30   5.19    91.94   87.03   0.81    455.40     2.01     85.66    0.52      3.52          0.00          0.00           100.00       
25   R1004-D2TS190_1     190     81.82    100.00  23    0.65      N/A        0.62      N/A        63.96    N/A           32.02    53.99    1.939    2.77     77    0    0     0     85.71  93.51  0.56        N/A          0.49         N/A          93.51  89.662   1.76     6.18        12          77       1.9      1.70          0.68    84.42     0.64    0.75    0.96    0.19    0.93     71.40   5.04    89.40   82.69   0.81    440.90     3.09     30.49    0.44      11.44         0.00          1.33           97.33        
26   R1004-D2TS174_3     174     81.82    100.00  23    N/A       N/A        0.62      N/A        65.26    N/A           36.22    55.83    2.092    2.773    77    0    0     0     84.42  93.51  N/A         N/A          0.36         N/A          93.51  88.648   1.71     6.33        12.2        77       2.1      1.38          0.71    81.82     0.68    0.77    0.96    0.23    0.92     82.60   5.19    90.02   83.01   0.80    448.60     2.97     N/A      0.49      4.40          1.61          0.00           100.00       
27   R1004-D2TS086_1     086     81.49    100.00  27    0.60      N/A        0.58      N/A        62.98    N/A           40.15    55.32    1.926    2.573    77    0    0     0     90.91  94.81  1.20        N/A          0.99         N/A          94.81  89.815   1.79     6.47        12.2        77       1.9      0.77          0.73    88.31     0.71    0.79    0.96    0.17    0.92     75.00   5.19    89.15   86.06   0.80    448.50     2.39     N/A      0.54      0.88          0.00          0.00           100.00       
28   R1004-D2TS102_3     102s    81.49    100.00  27    N/A       N/A        0.58      1.96       63.31    N/A           33.11    53.00    2.03     2.883    77    0    0     0     83.12  93.51  N/A         N/A          0.23         0.15         93.51  88.46    1.71     6.33        12          77       2        0.87          0.70    82.47     0.66    0.76    0.96    0.21    0.91     85.80   5.19    90.38   82.27   0.80    443.50     2.54     87.20    0.46      0.00          0.00          2.67           94.67        
29   R1004-D2TS156_5     156s    81.49    100.00  27    N/A       N/A        0.58      1.96       65.26    N/A           33.49    55.02    2.066    2.771    77    0    0     0     85.71  92.21  N/A         N/A          0.49         1.15         92.21  88.232   1.72     6.04        12.3        77       2.1      0.77          0.71    85.71     0.70    0.77    0.96    0.18    0.92     79.40   5.19    89.62   83.80   0.80    452.50     2.74     90.77    0.54      0.00          0.00          0.00           96.00        
30   R1004-D2TS460_5     460     81.49    100.00  27    N/A       N/A        0.58      N/A        65.26    N/A           27.42    53.81    2.043    2.885    77    1    0     0     85.71  92.21  N/A         N/A          0.49         N/A          92.21  88.517   1.75     6.04        12.1        77       2        2.58          0.68    81.17     0.63    0.75    0.96    0.22    0.92     74.00   5.19    89.40   81.69   0.80    446.70     3.30     74.58    0.40      19.35         4.84          1.33           96.00        
31   R1004-D2TS460_1     460     81.17    100.00  31    0.55      N/A        0.54      N/A        64.61    N/A           27.33    53.41    2.047    2.89     77    1    0     0     85.71  92.21  0.56        N/A          0.49         N/A          92.21  88.448   1.76     6.18        12.1        77       2        2.65          0.68    81.17     0.64    0.75    0.96    0.22    0.92     74.00   5.19    89.37   81.48   0.80    446.10     3.30     74.84    0.41      18.47         6.45          1.33           96.00        
32   R1004-D2TS460_4     460     81.17    100.00  31    N/A       N/A        0.54      N/A        64.29    N/A           26.69    53.09    2.054    2.896    77    1    0     0     85.71  92.21  N/A         N/A          0.49         N/A          92.21  88.192   1.77     6.04        12.1        77       2.1      2.66          0.68    81.17     0.64    0.74    0.96    0.22    0.92     74.00   5.19    89.25   81.20   0.80    445.50     3.30     74.92    0.41      14.95         6.45          1.33           94.67        
33   R1004-D2TS344_5     344     81.17    100.00  31    N/A       N/A        0.54      N/A        62.66    N/A           37.54    56.25    1.883    2.524    77    1    0     0     87.01  96.10  N/A         N/A          0.61         N/A          96.10  89.952   1.66     6.47        12.1        77       1.9      1.56          0.71    90.26     0.70    0.78    0.96    0.14    0.93     77.10   5.19    89.74   82.69   0.81    445.10     2.81     93.08    0.54      0.00          3.23          1.33           84.00        
34   R1004-D2TS390_3     390     80.84    100.00  34    N/A       N/A        0.49      N/A        65.58    N/A           37.39    55.67    2.399    3.147    77    0    0     0     83.12  89.61  N/A         N/A          0.23         N/A          89.61  83.664   1.55     5.76        11.7        77       2.4      0.77          0.70    79.87     0.65    0.75    0.96    0.23    0.91     93.30   5.04    88.66   81.49   0.79    434.10     2.56     85.60    0.44      0.00          0.00          2.67           96.00        
35   R1004-D2TS086_5     086     80.52    100.00  35    N/A       N/A        0.45      N/A        62.98    N/A           35.75    52.94    1.981    2.791    77    0    0     0     89.61  94.81  N/A         N/A          0.87         N/A          94.81  89.257   1.78     6.47        11.7        76       1.9      0.77          0.69    87.01     0.66    0.77    0.96    0.19    0.92     77.60   5.19    92.00   84.99   0.80    434.20     2.00     N/A      0.45      0.88          0.00          0.00           100.00       
36   R1004-D2TS344_4     344     80.52    100.00  35    N/A       N/A        0.45      N/A        61.69    N/A           36.77    53.63    1.908    2.6      77    1    0     0     84.42  96.10  N/A         N/A          0.36         N/A          96.10  90.032   1.76     6.47        12.2        77       1.9      1.28          0.71    88.31     0.69    0.78    0.96    0.14    0.92     76.80   5.19    89.09   81.92   0.80    447.20     2.70     92.79    0.50      0.00          1.61          0.00           86.67        
37   R1004-D2TS460_2     460     80.52    100.00  35    N/A       N/A        0.45      N/A        63.64    N/A           26.86    52.83    2.065    2.921    77    0    0     0     85.71  93.51  N/A         N/A          0.49         N/A          93.51  87.657   1.79     6.33        12          77       2.1      2.39          0.67    79.87     0.63    0.73    0.96    0.23    0.92     74.00   5.19    89.12   80.80   0.80    442.00     3.20     75.57    0.41      9.67          4.84          1.33           94.67        
38   R1004-D2TS156_2     156s    80.52    100.00  35    N/A       N/A        0.45      1.35       62.99    N/A           35.31    54.68    2.141    2.726    77    0    0     0     85.71  90.91  N/A         N/A          0.49         1.15         90.91  88.437   1.67     5.90        12.3        77       2.1      1.25          0.71    90.91     0.69    0.78    0.97    0.18    0.91     75.80   5.19    91.49   85.59   0.79    452.20     1.92     90.94    0.49      0.88          0.00          1.33           92.00        
39   R1004-D2TS431_5     431     80.52    100.00  35    N/A       N/A        0.45      N/A        63.31    N/A           35.72    54.64    2.087    2.704    77    0    0     0     84.42  93.51  N/A         N/A          0.36         N/A          93.51  88.431   1.76     6.18        12          77       2.1      1.82          0.70    82.47     0.66    0.75    0.96    0.20    0.92     81.00   5.19    89.01   81.93   0.79    442.50     2.93     89.96    0.49      0.00          9.68          0.00           89.33        
40   R1004-D2TS390_2     390     80.19    100.00  40    N/A       N/A        0.41      N/A        63.31    N/A           33.31    52.76    2.163    2.913    77    0    0     0     85.71  89.61  N/A         N/A          0.49         N/A          89.61  86.536   1.91     5.90        11.9        77       2.2      1.20          0.69    81.17     0.65    0.74    0.96    0.23    0.91     93.30   5.19    88.74   81.60   0.79    438.30     2.80     87.90    0.44      0.88          0.00          2.67           93.33        
41   R1004-D2TS390_4     390     80.19    100.00  40    N/A       N/A        0.41      N/A        62.34    N/A           29.53    52.79    2.114    2.866    77    0    0     0     83.12  92.21  N/A         N/A          0.23         N/A          92.21  87.674   1.77     6.18        12.1        77       2.1      1.37          0.70    84.42     0.65    0.77    0.96    0.22    0.91     83.10   5.19    89.42   82.63   0.79    446.60     2.85     88.40    0.45      1.76          0.00          2.67           93.33        
42   R1004-D2TS174_2     174     80.19    100.00  40    N/A       N/A        0.41      N/A        62.66    N/A           34.46    54.16    2.102    2.892    77    0    0     0     84.42  94.81  N/A         N/A          0.36         N/A          94.81  88.403   1.70     6.18        12          77       2.1      1.77          0.70    80.52     0.67    0.77    0.96    0.21    0.91     82.60   5.04    90.03   83.13   0.80    441.60     2.92     N/A      0.47      7.04          3.23          0.00           100.00       
43   R1004-D2TS217_1     217     80.19    100.00  40    0.39      N/A        0.41      N/A        61.36    N/A           27.62    49.41    1.977    2.927    77    0    0     0     84.42  94.81  0.40        N/A          0.36         N/A          94.81  89.257   1.76     6.47        11.5        76       1.9      3.48          0.51    83.77     0.58    0.75    0.96    0.24    0.92     80.30   5.04    87.33   80.66   0.79    425.90     2.44     80.94    0.36      184.86        1.61          5.33           88.00        
44   R1004-D2TS102_1     102s    80.19    100.00  40    0.39      1.56       0.41      1.15       63.64    1.52          31.32    53.23    2.088    2.845    77    0    0     0     83.12  92.21  0.23        1.38         0.23         0.15         92.21  87.799   1.75     6.18        12          77       2.1      0.77          0.69    85.71     0.65    0.77    0.96    0.22    0.91     85.80   5.19    89.88   81.52   0.79    442.00     2.71     88.61    0.44      0.00          0.00          2.67           96.00        
45   R1004-D2TS390_1     390     80.19    100.00  40    0.39      N/A        0.41      N/A        63.96    N/A           33.02    53.48    2.416    3.18     77    0    0     0     83.12  89.61  0.23        N/A          0.23         N/A          89.61  84.729   1.57     5.76        11.6        77       2.4      1.42          0.69    80.52     0.64    0.74    0.95    0.24    0.91     93.30   5.04    88.38   81.30   0.79    431.10     2.64     85.80    0.41      2.64          0.00          2.67           94.67        
46   R1004-D2TS217_2     217     79.87    100.00  46    N/A       N/A        0.36      N/A        60.71    N/A           30.09    51.06    1.889    2.728    77    0    0     0     89.61  96.10  N/A         N/A          0.87         N/A          96.10  89.223   1.74     6.75        11.5        77       1.9      4.07          0.59    87.66     0.63    0.77    0.96    0.20    0.92     68.30   5.19    89.02   81.25   0.79    425.20     2.63     80.20    0.44      183.10        6.45          8.00           80.00        
47   R1004-D2TS217_3     217     79.87    100.00  46    N/A       N/A        0.36      N/A        60.39    N/A           25.48    46.91    2.029    2.894    77    0    0     0     87.01  93.51  N/A         N/A          0.61         N/A          93.51  88.675   1.87     6.61        10.9        76       2        3.75          0.50    85.06     0.61    0.76    0.95    0.21    0.92     81.10   5.04    88.71   81.46   0.78    406.60     2.40     80.80    0.38      266.73        1.61          8.00           81.33        
48   R1004-D2TS270_1     270     79.87    100.00  46    0.33      N/A        0.36      N/A        60.71    N/A           34.34    53.81    1.961    2.821    77    0    0     0     83.12  93.51  0.23        N/A          0.23         N/A          93.51  89.166   1.73     6.47        11.8        76       1.9      1.45          0.67    83.12     0.67    0.76    0.96    0.20    0.92     76.80   5.19    88.83   82.57   0.80    436.20     3.15     N/A      0.50      0.00          4.84          2.67           93.33        
49   R1004-D2TS390_5     390     79.87    100.00  46    N/A       N/A        0.36      N/A        63.96    N/A           32.87    54.35    2.102    2.856    77    0    0     0     85.71  92.21  N/A         N/A          0.49         N/A          92.21  88.528   1.75     6.18        12.2        77       2.1      0.77          0.69    82.47     0.65    0.76    0.96    0.22    0.91     85.80   5.19    90.45   82.45   0.80    446.90     2.54     87.94    0.45      0.00          0.00          2.67           96.00        
50   R1004-D2TS068_4     068     79.87    100.00  46    N/A       N/A        0.36      N/A        62.34    N/A           40.85    56.46    2.131    2.718    77    0    0     0     81.82  94.81  N/A         N/A          0.11         N/A          94.81  88.374   1.70     5.90        11.6        76       1.9      0.63          0.70    83.12     0.68    0.77    0.94    0.22    0.91     82.70   5.04    88.79   84.52   0.79    429.50     3.57     90.49    0.47      0.00          0.00          0.00           97.33        
51   R1004-D2TS190_4     190     79.87    100.00  46    N/A       N/A        0.36      N/A        61.69    N/A           32.93    51.27    2.173    2.888    77    0    0     0     83.12  90.91  N/A         N/A          0.23         N/A          90.91  83.957   1.73     5.90        11.5        76       2.1      1.63          0.68    79.87     0.64    0.74    0.95    0.23    0.92     74.90   5.04    88.54   82.08   0.78    426.10     3.34     31.45    0.45      8.80          1.61          1.33           98.67        
52   R1004-D2TS344_2     344     79.87    100.00  46    N/A       N/A        0.36      N/A        59.41    N/A           34.93    53.48    2.128    2.647    77    1    0     0     84.42  93.51  N/A         N/A          0.36         N/A          93.51  87.731   1.60     6.33        11.3        77       2.1      1.83          0.69    86.36     0.69    0.76    0.95    0.17    0.91     76.50   5.04    86.27   79.27   0.79    420.70     3.54     91.37    0.51      0.00          6.45          1.33           81.33        
53   R1004-D2TS102_5     102s    79.55    100.00  53    N/A       N/A        0.32      0.75       61.69    N/A           31.41    51.42    2.163    2.984    77    0    0     0     83.12  92.21  N/A         N/A          0.23         0.15         92.21  87.201   1.74     6.04        11.9        77       2.2      0.77          0.68    84.42     0.64    0.76    0.96    0.22    0.91     83.80   5.19    89.72   81.71   0.78    437.80     2.80     87.32    0.44      0.00          0.00          2.67           96.00        
54   R1004-D2TS270_3     270     79.55    100.00  53    N/A       N/A        0.32      N/A        62.34    N/A           25.92    48.50    2.165    2.966    77    0    0     0     77.92  90.91  N/A         N/A          -0.27        N/A          90.91  87.269   1.76     6.33        11.6        77       2.2      2.04          0.65    83.12     0.62    0.73    0.96    0.26    0.91     79.20   5.19    87.96   79.81   0.78    430.40     3.19     N/A      0.44      0.88          6.45          2.67           85.33        
55   R1004-D2TS174_1     174     79.22    100.00  55    0.23      N/A        0.28      N/A        61.04    N/A           26.63    49.75    2.178    3.05     77    0    0     0     80.52  90.91  -0.09       N/A          -0.02        N/A          90.91  87.155   1.78     6.04        11.6        77       2.2      2.69          0.66    82.47     0.62    0.73    0.95    0.25    0.91     72.50   5.19    88.84   79.76   0.78    428.80     3.10     N/A      0.40      2.64          16.13         5.33           81.33        
56   R1004-D2TS086_2     086     78.90    100.00  56    N/A       N/A        0.23      N/A        61.04    N/A           36.01    52.68    1.993    2.652    77    0    0     0     87.01  93.51  N/A         N/A          0.61         N/A          93.51  88.454   1.79     6.18        11.4        76       1.9      0.50          0.70    87.66     0.71    0.79    0.95    0.19    0.92     83.80   5.04    88.42   85.88   0.78    423.20     2.49     N/A      0.55      0.00          0.00          0.00           100.00       
57   R1004-D2TS102_2     102s    78.90    100.00  56    N/A       N/A        0.23      0.34       61.69    N/A           31.32    51.73    2.225    2.971    77    0    0     0     81.82  88.31  N/A         N/A          0.11         -0.36        88.31  86.094   1.78     5.90        11.7        77       2.2      1.14          0.68    80.52     0.65    0.74    0.96    0.24    0.91     93.30   5.04    88.76   80.81   0.78    431.80     2.66     87.40    0.43      0.88          0.00          2.67           94.67        
58   R1004-D2TS433_2     433     78.90    100.00  56    N/A       N/A        0.23      N/A        59.74    N/A           0.00     33.15    2.094    2.142    77    0    0     0     81.82  92.21  N/A         N/A          0.11         N/A          92.21  85.635   1.71     6.33        11.6        77       2.1      6.00          0.23    59.37     0.47    0.17    0.96    0.25    0.91     74.80   5.19    88.91   79.01   0.77    429.30     2.77     N/A      0.00      7.52          N/A           2.67           90.67        
59   R1004-D2TS190_5     190     78.57    100.00  59    N/A       N/A        0.19      N/A        61.04    N/A           24.55    49.47    2.144    3.007    77    0    0     0     81.82  90.91  N/A         N/A          0.11         N/A          90.91  86.136   1.72     6.33        11.6        77       2.1      2.65          0.65    81.17     0.62    0.72    0.96    0.23    0.91     82.60   5.19    88.38   79.79   0.77    428.00     2.74     82.53    0.39      18.49         4.84          2.67           94.67        
60   R1004-D2TS174_5     174     78.57    100.00  59    N/A       N/A        0.19      N/A        60.39    N/A           23.52    48.91    2.164    2.998    77    1    0     0     80.52  90.91  N/A         N/A          -0.02        N/A          90.91  86.631   1.79     6.04        11.5        77       2.2      3.34          0.65    81.82     0.62    0.72    0.95    0.25    0.91     77.10   5.19    88.60   79.04   0.77    425.90     3.11     89.20    0.40      20.25         14.52         4.00           85.33        
61   R1004-D2TS112_1     112     78.57    100.00  59    0.12      N/A        0.19      N/A        60.39    N/A           34.66    52.00    2.48     3.42     77    0    0     0     85.71  93.51  0.56        N/A          0.49         N/A          93.51  87.873   1.75     6.47        11.9        75       1.8      0.66          0.70    85.71     0.69    0.77    0.95    0.17    0.91     78.10   5.19    90.76   84.06   0.78    437.70     2.55     91.84    0.50      0.00          1.61          0.00           98.67        
62   R1004-D2TS433_5     433     78.57    100.00  59    N/A       N/A        0.19      N/A        59.74    N/A           0.00     32.56    2.09     2.145    77    0    0     0     83.12  94.81  N/A         N/A          0.23         N/A          94.81  86.535   1.88     6.33        11.5        77       2.1      6.00          0.23    59.37     0.47    0.17    0.96    0.25    0.91     74.80   5.19    88.52   78.37   0.77    425.30     2.81     N/A      0.00      5.01          N/A           2.67           90.67        
63   R1004-D2TS270_5     270     78.57    100.00  59    N/A       N/A        0.19      N/A        59.74    N/A           33.37    50.17    2.047    2.87     77    0    0     0     84.42  93.51  N/A         N/A          0.36         N/A          93.51  87.841   1.83     6.47        11.5        77       2        1.68          0.68    83.12     0.66    0.77    0.95    0.20    0.92     76.80   5.04    88.54   80.74   0.78    425.80     3.54     N/A      0.48      0.00          6.45          1.33           89.33        
64   R1004-D2TS312_4     312s    78.57    100.00  59    N/A       N/A        0.19      0.13       60.39    N/A           24.93    48.52    2.39     3.13     77    0    0     0     83.12  89.61  N/A         N/A          0.23         0.15         89.61  86.466   1.60     5.90        11.6        76       2.2      2.68          0.66    81.17     0.63    0.73    0.95    0.22    0.90     80.60   5.04    87.51   80.22   0.77    429.80     3.10     23.63    0.39      40.46         1.61          0.00           93.33        
65   R1004-D2TS359_5     359s    78.25    100.00  65    N/A       N/A        0.15      -0.07      59.42    N/A           21.67    45.60    2.062    2.974    77    6    0     0     87.01  93.51  N/A         N/A          0.61         1.66         93.51  87.309   1.86     6.33        11.3        77       2.1      2.02          0.62    77.27     0.60    0.70    0.96    0.27    0.91     56.20   5.04    87.84   77.08   0.78    418.50     3.58     91.25    0.39      0.88          4.84          5.33           80.00        
66   R1004-D2TS312_5     312s    78.25    100.00  65    N/A       N/A        0.15      -0.07      59.74    N/A           27.74    48.55    2.415    3.092    77    0    0     0     81.82  89.61  N/A         N/A          0.11         -0.36        89.61  86.979   1.67     5.90        11.5        76       2.2      2.60          0.67    80.52     0.64    0.74    0.94    0.25    0.89     74.00   5.19    86.97   79.87   0.76    425.90     3.28     23.89    0.43      49.25         0.00          0.00           93.33        
67   R1004-D2TS359_4     359s    78.25    100.00  65    N/A       N/A        0.15      -0.07      59.09    N/A           22.99    45.99    2.036    2.96     77    10   0     0     87.01  92.21  N/A         N/A          0.61         1.66         92.21  87.839   1.86     6.33        0           0        N/A      1.92          0.63    77.27     0.60    0.71    0.96    0.26    0.91     47.30   5.04    88.18   77.67   0.78    N/A        3.58     91.82    0.40      0.88          3.23          6.67           77.33        
68   R1004-D2TS270_2     270     78.25    100.00  65    N/A       N/A        0.15      N/A        59.09    N/A           33.58    50.05    2.036    2.881    77    0    0     0     83.12  93.51  N/A         N/A          0.23         N/A          93.51  87.921   1.92     6.33        11.6        76       2        1.82          0.68    83.77     0.66    0.76    0.95    0.19    0.92     76.80   5.04    88.14   80.92   0.78    428.40     3.45     N/A      0.47      1.76          4.84          1.33           94.67        
69   R1004-D2TS196_5     196     78.25    100.00  65    N/A       N/A        0.15      N/A        59.42    N/A           21.67    45.60    2.062    2.974    77    6    0     0     87.01  93.51  N/A         N/A          0.61         N/A          93.51  87.309   1.86     6.33        11.3        77       2.1      2.02          0.62    77.27     0.60    0.70    0.96    0.27    0.91     56.20   5.04    87.84   77.08   0.78    418.50     3.58     91.25    0.39      0.88          4.84          5.33           80.00        
70   R1004-D2TS196_4     196     78.25    100.00  65    N/A       N/A        0.15      N/A        59.09    N/A           22.99    45.99    2.036    2.96     77    10   0     0     87.01  92.21  N/A         N/A          0.61         N/A          92.21  87.839   1.86     6.33        0           0        N/A      1.92          0.63    77.27     0.60    0.71    0.96    0.26    0.91     47.30   5.04    88.18   77.67   0.78    N/A        3.58     91.82    0.40      0.88          3.23          6.67           77.33        
71   R1004-D2TS312_2     312s    78.25    100.00  65    N/A       N/A        0.15      -0.07      59.74    N/A           28.71    47.89    2.447    3.078    77    0    0     0     81.82  89.61  N/A         N/A          0.11         -0.36        89.61  86.527   1.79     5.76        11.2        76       2.2      3.07          0.66    81.17     0.64    0.74    0.94    0.26    0.89     74.00   5.19    86.11   78.95   0.76    416.00     3.86     24.35    0.41      52.77         3.23          0.00           92.00        
72   R1004-D2TS425_4     425     78.25    100.00  65    N/A       N/A        0.15      N/A        59.42    N/A           34.60    53.03    2.278    2.878    77    2    0     0     81.82  90.91  N/A         N/A          0.11         N/A          90.91  86.096   1.69     5.76        11.7        76       2.2      1.21          0.70    82.47     0.68    0.78    0.95    0.21    0.91     86.70   5.19    90.32   84.36   0.78    433.60     2.76     N/A      0.53      1.76          0.00          0.00           96.00        
73   R1004-D2TS433_3     433     78.25    100.00  65    N/A       N/A        0.15      N/A        59.09    N/A           0.00     32.85    2.08     2.134    77    0    0     0     81.82  94.81  N/A         N/A          0.11         N/A          94.81  86.909   1.86     6.33        11.6        77       2.1      6.00          0.23    59.37     0.47    0.17    0.96    0.25    0.91     74.80   5.19    88.66   78.68   0.77    428.30     2.79     N/A      0.00      5.01          N/A           2.67           90.67        
74   R1004-D2TS312_1     312s    77.92    100.00  74    0.01      0.35       0.10      -0.27      58.77    0.10          27.10    48.49    2.456    3.119    77    0    0     0     81.82  88.31  0.07        0.75         0.11         -0.36        88.31  85.844   1.68     5.48        11.4        76       2.2      2.44          0.67    82.47     0.63    0.73    0.94    0.25    0.89     74.00   5.04    86.52   79.00   0.76    421.90     3.40     24.16    0.41      39.58         0.00          0.00           94.67        
75   R1004-D2TS156_3     156s    77.92    100.00  74    N/A       N/A        0.10      -0.27      59.74    N/A           34.55    50.21    2.379    2.926    77    0    0     0     81.82  89.61  N/A         N/A          0.11         -0.36        89.61  86.216   1.78     5.90        11.3        75       2.1      1.30          0.68    81.17     0.67    0.73    0.92    0.25    0.90     76.30   5.04    85.49   79.68   0.76    419.80     4.74     90.28    0.50      1.76          0.00          0.00           94.67        
76   R1004-D2TS102_4     102s    77.92    100.00  74    N/A       N/A        0.10      -0.27      61.37    N/A           35.19    52.98    2.077    2.835    77    0    0     0     87.01  93.51  N/A         N/A          0.61         1.66         93.51  87.218   1.84     6.33        12.2        77       2.1      0.77          0.70    84.42     0.65    0.76    0.96    0.19    0.92     85.80   5.19    90.86   82.89   0.78    449.90     2.23     87.89    0.44      0.88          0.00          1.33           98.67        
77   R1004-D2TS312_3     312s    77.60    100.00  77    N/A       N/A        0.06      -0.47      58.77    N/A           29.77    47.69    2.483    3.142    77    0    0     0     80.52  88.31  N/A         N/A          -0.02        -0.87        88.31  85.167   1.66     5.90        11.2        76       2.3      3.21          0.66    80.52     0.63    0.74    0.94    0.25    0.89     74.00   5.04    86.82   78.69   0.75    416.00     3.32     24.43    0.42      53.65         4.84          2.67           92.00        
78   R1004-D2TS156_4     156s    77.60    100.00  77    N/A       N/A        0.06      -0.47      59.74    N/A           30.64    49.87    2.401    2.981    77    0    0     0     80.52  89.61  N/A         N/A          -0.02        -0.87        89.61  85.171   1.82     6.04        11          75       2.2      0.87          0.68    82.47     0.66    0.73    0.92    0.25    0.90     77.70   5.04    85.79   79.17   0.75    410.70     4.67     90.22    0.47      0.00          0.00          1.33           94.67        
79   R1004-D2TS196_3     196     77.60    100.00  77    N/A       N/A        0.06      N/A        58.12    N/A           22.05    44.91    2.098    3.042    77    11   0     0     83.12  90.91  N/A         N/A          0.23         N/A          90.91  87.463   1.82     6.47        0           0        N/A      1.95          0.62    77.92     0.59    0.70    0.95    0.27    0.91     41.70   5.04    87.92   77.38   0.77    N/A        3.60     91.85    0.39      0.88          3.23          6.67           74.67        
80   R1004-D2TS156_1     156s    77.60    100.00  77    -0.04     0.18       0.06      -0.47      59.09    0.19          35.19    50.74    2.267    2.839    77    0    0     0     77.92  89.61  -0.41       -1.12        -0.27        -1.88        89.61  83.217   1.90     6.04        11.3        76       2.2      0.77          0.69    84.42     0.67    0.76    0.93    0.22    0.91     76.60   5.04    88.57   80.82   0.77    419.50     3.82     90.65    0.49      0.00          0.00          0.00           96.00        
81   R1004-D2TS359_3     359s    77.60    100.00  77    N/A       N/A        0.06      -0.47      58.12    N/A           22.05    44.91    2.098    3.042    77    11   0     0     83.12  90.91  N/A         N/A          0.23         0.15         90.91  87.463   1.82     6.47        0           0        N/A      1.95          0.62    77.92     0.59    0.70    0.95    0.27    0.91     41.70   5.04    87.92   77.38   0.77    N/A        3.60     91.85    0.39      0.88          3.23          6.67           74.67        
82   R1004-D2TS117_1     117     77.27    100.00  82    -0.10     N/A        0.02      N/A        57.80    N/A           22.52    44.54    2.248    2.997    77    1    0     0     83.12  92.21  0.23        N/A          0.23         N/A          92.21  86.102   1.78     6.18        11.1        77       2.2      4.30          0.62    80.52     0.58    0.73    0.95    0.22    0.90     37.50   5.04    88.41   79.32   0.76    415.10     2.87     88.45    0.34      93.31         30.65         8.00           80.00        
83   R1004-D2TS433_4     433     77.27    100.00  82    N/A       N/A        0.02      N/A        58.12    N/A           0.00     33.32    2.221    2.257    77    1    0     0     79.22  90.91  N/A         N/A          -0.15        N/A          90.91  84.543   1.89     6.04        11.1        77       2.2      6.00          0.22    59.37     0.46    0.16    0.95    0.26    0.91     78.30   5.04    86.94   75.90   0.76    414.40     3.33     N/A      0.00      12.53         N/A           4.00           86.67        
84   R1004-D2TS425_3     425     76.95    100.00  84    N/A       N/A        -0.02     N/A        57.79    N/A           34.25    49.38    2.173    2.885    77    2    0     0     81.82  93.51  N/A         N/A          0.11         N/A          93.51  85.209   1.87     6.47        11.2        75       2        0.77          0.69    83.77     0.67    0.77    0.94    0.23    0.91     84.20   5.19    89.14   82.58   0.76    416.50     3.38     N/A      0.50      0.88          0.00          0.00           100.00       
85   R1004-D2TS359_2     359s    76.95    100.00  84    N/A       N/A        -0.02     -0.88      55.84    N/A           21.58    43.61    2.237    3.193    77    10   0     0     83.12  90.91  N/A         N/A          0.23         0.15         90.91  86.106   1.84     6.04        10.7        76       2.1      1.97          0.61    75.33     0.59    0.70    0.95    0.27    0.91     64.30   5.04    87.76   76.55   0.76    400.20     3.72     90.60    0.37      0.88          3.23          5.33           73.33        
86   R1004-D2TS196_2     196     76.95    100.00  84    N/A       N/A        -0.02     N/A        55.84    N/A           21.58    43.61    2.237    3.193    77    10   0     0     83.12  90.91  N/A         N/A          0.23         N/A          90.91  86.106   1.84     6.04        10.7        76       2.1      1.97          0.61    75.33     0.59    0.70    0.95    0.27    0.91     64.30   5.04    87.76   76.55   0.76    400.20     3.72     90.60    0.37      0.88          3.23          5.33           73.33        
87   R1004-D2TS217_4     217     76.62    100.00  87    N/A       N/A        -0.07     N/A        56.49    N/A           25.84    46.00    2.096    2.962    77    0    0     0     85.71  94.81  N/A         N/A          0.49         N/A          94.81  86.813   1.97     6.61        10.5        77       2.1      3.88          0.52    86.36     0.61    0.76    0.95    0.24    0.91     65.00   5.04    88.56   81.44   0.76    395.50     2.61     80.64    0.41      231.51        3.23          5.33           84.00        
88   R1004-D2TS086_3     086     76.62    100.00  87    N/A       N/A        -0.07     N/A        57.79    N/A           38.53    51.83    2.343    2.899    77    0    0     0     81.82  92.21  N/A         N/A          0.11         N/A          92.21  84.099   1.82     6.04        10.9        75       2.1      1.06          0.70    83.77     0.69    0.77    0.93    0.24    0.91     81.50   5.04    86.05   84.63   0.76    406.60     3.32     N/A      0.51      1.76          0.00          0.00           97.33        
89   R1004-D2TS431_1     431     76.62    100.00  87    -0.20     N/A        -0.07     N/A        58.77    N/A           31.67    49.72    2.377    3.082    77    0    0     0     79.22  88.31  -0.25       N/A          -0.15        N/A          88.31  85.166   1.66     5.90        11.1        76       2.3      1.09          0.66    76.62     0.66    0.74    0.94    0.26    0.91     81.10   5.04    90.24   83.01   0.76    414.40     2.34     92.66    0.43      0.00          1.61          0.00           93.33        
90   R1004-D2TS433_1     433     75.97    100.00  90    -0.31     N/A        -0.15     N/A        56.82    N/A           0.00     31.61    2.277    2.305    77    1    0     0     79.22  89.61  -0.25       N/A          -0.15        N/A          89.61  83.33    1.82     6.04        11.1        77       2.3      6.00          0.22    58.98     0.47    0.16    0.95    0.26    0.90     77.70   5.04    87.07   76.45   0.76    413.10     3.16     N/A      0.00      5.01          N/A           4.00           85.33        
91   R1004-D2TS004_1     004s    75.97    100.00  90    -0.31     -0.69      -0.15     -1.49      57.79    -0.19         33.90    50.37    2.54     3.248    77    0    0     0     77.92  88.31  -0.41       -1.12        -0.27        -1.88        88.31  80.426   1.83     5.76        10.5        76       2.5      0.79          0.67    78.57     0.65    0.73    0.94    0.26    0.90     80.80   4.89    87.14   80.40   0.75    395.90     3.55     88.96    0.42      0.00          1.61          0.00           97.33        
92   R1004-D2TS117_2     117     75.97    100.00  90    N/A       N/A        -0.15     N/A        55.84    N/A           25.45    44.67    2.392    3.179    77    0    0     0     80.52  89.61  N/A         N/A          -0.02        N/A          89.61  83.781   1.78     6.04        10.4        77       2.4      4.01          0.62    81.17     0.60    0.73    0.95    0.26    0.90     69.80   5.04    87.84   79.20   0.75    392.80     3.29     87.41    0.36      112.68        11.29         8.00           82.67        
93   R1004-D2TS328_3     328     75.00    100.00  93    N/A       N/A        -0.28     N/A        53.90    N/A           23.49    38.30    2.728    3.485    77    0    0     0     75.32  85.71  N/A         N/A          -0.53        N/A          85.71  79.413   1.93     4.91        9.4         76       2.4      2.68          0.60    74.03     0.57    0.69    0.92    0.31    0.89     65.30   4.89    85.32   74.18   0.71    355.10     4.60     N/A      0.34      2.64          12.90         6.67           76.00        
94   R1004-D2TS359_1     359s    74.67    100.00  94    -0.52     -1.39      -0.33     -2.31      52.92    -1.61         20.85    41.68    2.381    3.286    77    10   0     0     80.52  90.91  -0.09       0.12         -0.02        -0.87        90.91  83.074   1.94     5.90        10.5        76       2.3      1.97          0.61    75.33     0.59    0.70    0.95    0.28    0.90     55.40   5.04    87.67   76.18   0.74    393.40     3.86     89.41    0.35      0.88          3.23          5.33           73.33        
95   R1004-D2TS196_1     196     74.67    100.00  94    -0.52     N/A        -0.33     N/A        52.92    N/A           20.85    41.68    2.381    3.286    77    10   0     0     80.52  90.91  -0.09       N/A          -0.02        N/A          90.91  83.074   1.94     5.90        10.5        76       2.3      1.97          0.61    75.33     0.59    0.70    0.95    0.28    0.90     55.40   5.04    87.67   76.18   0.74    393.40     3.86     89.41    0.35      0.88          3.23          5.33           73.33        
96   R1004-D2TS208_2     208     74.67    100.00  94    N/A       N/A        -0.33     N/A        53.57    N/A           29.97    44.64    2.29     3.49     77    0    0     0     80.52  92.21  N/A         N/A          -0.02        N/A          92.21  84.833   1.91     6.18        10.5        77       2.3      1.91          0.61    66.23     0.58    0.67    0.95    0.32    0.90     64.80   5.04    87.92   75.60   0.74    394.00     3.66     89.12    0.33      0.00          6.45          5.33           74.67        
97   R1004-D2TS208_5     208     72.73    100.00  97    N/A       N/A        -0.58     N/A        51.30    N/A           20.67    40.28    2.52     3.832    77    0    0     0     77.92  88.31  N/A         N/A          -0.27        N/A          88.31  75.897   2.07     5.90        9.5         77       2.5      1.33          0.57    64.29     0.56    0.63    0.93    0.36    0.88     43.70   4.89    86.48   76.20   0.71    363.30     5.09     86.23    0.28      0.00          1.61          2.67           84.00        
98   R1004-D2TS425_5     425     72.73    100.00  97    N/A       N/A        -0.58     N/A        53.25    N/A           29.03    42.77    2.383    3.085    77    2    0     0     76.62  90.91  N/A         N/A          -0.40        N/A          90.91  76.24    2.02     6.04        10.3        76       2.3      0.50          0.67    83.12     0.68    0.75    0.94    0.23    0.90     83.70   5.04    89.95   83.88   0.71    387.50     2.01     N/A      0.49      0.00          0.00          0.00           98.67        
99   R1004-D2TS328_5     328     71.43    100.00  99    N/A       N/A        -0.76     N/A        50.97    N/A           19.97    39.82    3.1      3.758    77    0    0     0     77.92  87.01  N/A         N/A          -0.27        N/A          87.01  75.517   2.08     5.62        9           76       2.7      2.29          0.59    70.78     0.58    0.66    0.89    0.28    0.87     73.30   4.89    81.90   73.66   0.69    348.60     6.99     N/A      0.37      2.64          4.84          12.00          81.33        
100  R1004-D2TS281_2     281     71.43    100.00  99    N/A       N/A        -0.76     N/A        52.92    N/A           25.78    42.24    2.951    3.703    77    0    0     0     76.62  84.42  N/A         N/A          -0.40        N/A          84.42  75.041   1.81     5.34        9.2         72       2.5      2.00          0.58    65.58     0.58    0.63    0.88    0.41    0.88     67.40   4.89    79.62   73.46   0.70    352.20     8.60     82.09    0.31      11.44         1.61          0.00           96.00        
101  R1004-D2TS328_1     328     71.43    100.00  99    -1.06     N/A        -0.76     N/A        51.30    N/A           23.72    38.36    3.15     3.935    77    0    0     0     79.22  88.31  -0.25       N/A          -0.15        N/A          88.31  78.915   2.00     5.34        9.1         75       2.7      2.11          0.59    66.88     0.58    0.65    0.90    0.27    0.87     67.90   4.89    82.78   74.37   0.69    350.50     5.15     N/A      0.33      0.88          4.84          12.00          72.00        
102  R1004-D2TS208_1     208     71.10    100.00  102   -1.11     N/A        -0.80     N/A        49.67    N/A           21.06    38.64    2.744    3.931    77    0    0     0     64.94  90.91  -2.03       N/A          -1.54        N/A          90.91  76.262   2.12     5.05        8.7         75       2.6      1.39          0.57    62.34     0.55    0.61    0.91    0.41    0.87     74.60   4.74    83.32   72.47   0.69    339.00     6.63     83.75    0.26      0.00          1.61          2.67           80.00        
103  R1004-D2TS217_5     217     70.78    100.00  103   N/A       N/A        -0.84     N/A        50.65    N/A           21.61    40.04    2.759    3.55     77    0    0     0     70.13  90.91  N/A         N/A          -1.03        N/A          90.91  81.512   2.01     5.76        9           75       2.3      4.29          0.40    75.97     0.59    0.73    0.92    0.28    0.88     71.00   4.89    83.49   76.25   0.70    347.00     4.59     83.69    0.38      279.30        8.06          10.67          82.67        
104  R1004-D2TS281_1     281     70.45    100.00  104   -1.22     N/A        -0.89     N/A        52.60    N/A           25.07    42.44    2.999    3.732    77    0    0     0     74.03  84.42  -0.90       N/A          -0.65        N/A          84.42  69.066   1.91     5.05        9           71       2.5      1.97          0.58    64.29     0.58    0.63    0.88    0.42    0.88     67.40   4.89    79.44   72.98   0.69    348.10     9.10     82.01    0.31      14.96         1.61          0.00           97.33        
105  R1004-D2TS208_3     208     70.13    100.00  105   N/A       N/A        -0.93     N/A        49.35    N/A           20.47    40.43    2.681    3.78     77    0    0     0     71.43  85.71  N/A         N/A          -0.91        N/A          85.71  77.218   2.03     5.62        9.5         75       2.5      1.54          0.58    64.94     0.58    0.61    0.92    0.35    0.88     82.50   4.89    84.87   75.78   0.70    362.30     5.91     84.47    0.31      0.00          3.23          1.33           85.33        
106  R1004-D2TS208_4     208     70.13    100.00  105   N/A       N/A        -0.93     N/A        48.05    N/A           20.44    37.91    2.513    3.803    77    0    0     0     77.92  88.31  N/A         N/A          -0.27        N/A          88.31  78.46    2.06     5.90        9.6         77       2.5      1.60          0.57    66.23     0.55    0.62    0.94    0.34    0.89     46.60   4.89    86.08   74.08   0.70    367.20     4.35     87.41    0.26      0.00          3.23          4.00           81.33        
107  R1004-D2TS328_4     328     67.21    100.00  107   N/A       N/A        -1.32     N/A        46.75    N/A           19.09    34.32    3.345    4.046    77    0    0     0     71.43  84.42  N/A         N/A          -0.91        N/A          84.42  65.734   2.09     4.77        7.7         75       2.9      3.26          0.58    66.23     0.57    0.67    0.89    0.32    0.87     66.50   4.74    80.39   72.91   0.64    313.10     5.51     N/A      0.34      13.20         9.68          8.00           65.33        
108  R1004-D2TS492_5     492     66.88    100.00  108   N/A       N/A        -1.36     N/A        46.10    N/A           20.09    33.26    3.02     3.756    77    0    0     0     67.53  81.82  N/A         N/A          -1.29        N/A          81.82  63.361   2.23     5.05        9           76       3        1.37          0.58    70.13     0.59    0.65    0.92    0.30    0.88     81.70   4.74    86.72   78.49   0.65    346.80     3.81     84.46    0.35      0.00          3.23          1.33           92.00        
109  R1004-D2TS328_2     328     66.88    100.00  108   N/A       N/A        -1.36     N/A        46.10    N/A           14.93    32.23    3.395    4.17     77    1    0     0     66.23  77.92  N/A         N/A          -1.42        N/A          77.92  65.541   2.18     4.91        8.3         76       3.1      3.17          0.56    67.53     0.56    0.65    0.89    0.36    0.86     74.20   4.74    83.18   71.36   0.63    329.30     5.62     N/A      0.31      14.08         8.06          13.33          72.00        
110  R1004-D2TS431_3     431     66.56    100.00  110   N/A       N/A        -1.40     N/A        47.73    N/A           28.27    40.66    4.366    4.722    77    0    0     0     63.64  81.82  N/A         N/A          -1.67        N/A          81.82  73.017   1.83     4.63        7.9         67       2.6      0.93          0.57    64.29     0.60    0.60    0.78    0.48    0.83     71.30   4.58    77.25   74.35   0.63    311.90     8.84     77.42    0.33      0.00          1.61          1.33           96.00        
111  R1004-D2TS492_1     492     65.58    100.00  111   -2.02     N/A        -1.53     N/A        44.48    N/A           16.48    32.11    3.043    3.882    77    0    0     0     64.94  84.42  -2.03       N/A          -1.54        N/A          84.42  64.896   2.25     5.19        8.8         77       3        1.54          0.57    69.48     0.58    0.65    0.93    0.31    0.88     77.60   4.74    86.45   78.28   0.64    340.00     3.85     84.74    0.33      0.00          3.23          2.67           85.33        
112  R1004-D2TS492_3     492     64.94    100.00  112   N/A       N/A        -1.62     N/A        43.18    N/A           17.57    31.21    3.148    3.831    77    0    0     0     58.44  81.82  N/A         N/A          -2.18        N/A          81.82  59.839   2.18     4.63        8.2         76       3        1.89          0.57    71.43     0.57    0.65    0.92    0.33    0.87     60.20   4.58    86.82   76.65   0.62    323.40     3.50     84.63    0.31      1.76          3.23          1.33           89.33        
113  R1004-D2TS492_2     492     64.29    100.00  113   N/A       N/A        -1.70     N/A        43.51    N/A           21.88    33.27    3.555    4.167    77    0    0     0     58.44  80.52  N/A         N/A          -2.18        N/A          80.52  61.431   2.20     4.91        7.8         71       3.1      1.09          0.57    70.13     0.59    0.62    0.87    0.36    0.85     61.20   4.58    83.18   78.62   0.62    309.60     3.99     81.36    0.35      0.00          1.61          2.67           93.33        
114  R1004-D2TS288_1     288     62.66    100.00  114   -2.50     N/A        -1.92     N/A        42.21    N/A           15.72    31.17    3.916    4.48     77    0    0     0     58.44  72.73  -2.84       N/A          -2.18        N/A          72.73  60.624   2.05     4.06        6.9         72       3.1      1.78          0.53    75.33     0.57    0.59    0.84    0.43    0.84     80.90   4.42    80.21   77.03   0.61    282.40     3.57     80.65    0.28      0.88          3.23          2.67           86.67        
115  R1004-D2TS288_2     288     61.36    100.00  115   N/A       N/A        -2.09     N/A        39.94    N/A           13.87    26.48    3.482    4.192    77    0    0     0     51.95  79.22  N/A         N/A          -2.81        N/A          79.22  56.03    2.36     4.49        7.1         72       3.3      1.51          0.55    77.92     0.58    0.63    0.90    0.33    0.85     76.20   4.58    82.42   77.87   0.58    288.00     4.49     80.82    0.32      0.00          3.23          2.67           86.67        
116  R1004-D2TS288_3     288     59.09    100.00  116   N/A       N/A        -2.39     N/A        38.96    N/A           16.75    29.01    6.173    7.144    77    0    0     0     57.14  71.43  N/A         N/A          -2.30        N/A          71.43  58.623   2.28     3.92        6.2         67       2.9      1.74          0.49    62.99     0.54    0.54    0.72    0.58    0.75     70.00   4.07    74.08   72.40   0.56    262.80     7.66     74.35    0.26      0.00          6.45          1.33           86.67        
117  R1004-D2TS492_4     492     57.47    100.00  117   N/A       N/A        -2.61     N/A        34.74    N/A           16.72    26.75    3.422    4.2      77    0    0     0     51.95  77.92  N/A         N/A          -2.81        N/A          77.92  52.943   2.38     4.63        5.3         72       3        1.59          0.50    59.74     0.56    0.58    0.85    0.44    0.84     52.80   4.25    80.83   63.98   0.57    230.40     8.15     83.04    0.30      0.88          3.23          1.33           93.33        
118  R1004-D2TS288_5     288     55.84    100.00  118   N/A       N/A        -2.82     N/A        36.37    N/A           15.60    27.68    5.649    5.98     77    0    0     0     49.35  68.83  N/A         N/A          -3.06        N/A          72.73  54.407   2.50     3.21        5.7         68       3.8      1.19          0.50    51.30     0.54    0.52    0.68    0.70    0.76     74.70   4.25    67.81   64.16   0.54    257.60     12.55    83.16    0.28      0.00          1.61          0.00           90.67        
119  R1004-D2TS431_4     431     54.87    100.00  119   N/A       N/A        -2.95     N/A        41.56    N/A           23.43    29.49    8.548    8.623    77    0    0     0     49.35  58.44  N/A         N/A          -3.06        N/A          72.73  62.544   1.95     3.64        4.5         55       2.3      2.00          0.44    36.36     0.54    0.42    0.38    1.02    0.66     85.50   3.89    57.46   58.99   0.52    226.00     32.67    64.41    0.28      2.64          4.84          0.00           93.33        
120  R1004-D2TS288_4     288     51.30    100.00  120   N/A       N/A        -3.43     N/A        32.47    N/A           14.84    22.82    6.135    6.323    77    0    0     0     50.65  58.44  N/A         N/A          -2.94        N/A          58.44  48.143   2.15     2.65        4.6         64       4.1      2.06          0.49    53.90     0.53    0.51    0.65    0.76    0.74     75.30   3.89    69.28   64.18   0.49    216.10     13.46    78.24    0.26      0.88          6.45          1.33           84.00        
121  R1004-D2TS431_2     431     49.67    100.00  121   N/A       N/A        -3.64     N/A        35.71    N/A           18.91    27.72    8.693    8.846    77    0    0     0     45.45  55.84  N/A         N/A          -3.44        N/A          67.53  55.366   2.05     3.64        4.7         59       2.5      2.17          0.44    38.31     0.53    0.43    0.38    1.03    0.66     80.20   3.70    56.39   59.26   0.47    212.60     31.20    64.26    0.24      0.88          11.29         1.33           88.00        

