#    Model               GR#     GDT_TS   NP_P    RANK  Z-M1-GDT  Z-M1s-GDT  Z-MA-GDT  Z-MAs-GDT  GDT_HA   Z-M1s-GDT-HA  GDC_SC   GDC_ALL  RMS_CA   RMS_ALL  NP    err  PC01  PC05  AL0_P  AL4_P  Z-M1-AL0_p  Z-M1s-AL0_p  Z-MA-AL0_p   Z-MAs-AL0_p  ALI_P  LGA_S    RMSD[L]  Z-score[M]  Z-Score[D]  Al.Res.  RMSD[D]  MolPrb_Score  LDDT    SphGr     CAD_AA  RPF     CODM    DFM     Handed.  SOV     CE      QCS     CONTS   TMscore  Dali(raw)  FlexE    QSE      CAD_SS    MolPrb_clash  MolPrb_rotout  MolPrb_ramout  MolPrb_ramfv 

-    starting_model      -       88.14    -       -     -         -          -         -          72.88    -             39.22    -        1.92     2.54     -     -    -     -     -      -      -           -            -            -            -      -        -        5.01        11.10       57       1.00     3.38          0.69    83.05     0.64    0.76    0.91    0.20    0.92     92.40   4.74    86.71   79.36   0.81     329.50     3.58     52.03    0.44      93.20         4.76          1.54           90.77        

1    R1002-D2TS086_2     086     92.37    100.00  1     N/A       N/A        0.95      N/A        78.81    N/A           51.43    64.48    1.415    2.604    59    0    0     0     88.14  98.31  N/A         N/A          0.47         N/A          98.31  97.249   0.87     5.87        12          58       0.8      0.98          0.72    82.20     0.69    0.76    0.96    0.16    0.94     94.90   4.89    91.42   83.10   0.86    351.20     1.89     N/A      0.49      2.09          0.00          0.00           98.25        
2    R1002-D2TS425_2     425     92.37    100.00  1     N/A       N/A        0.95      N/A        76.70    N/A           48.28    63.86    1.413    2.568    59    0    0     0     89.83  98.31  N/A         N/A          0.60         N/A          98.31  97.131   0.83     5.87        11.7        58       0.8      1.43          0.73    84.75     0.71    0.78    0.96    0.18    0.94     93.20   4.89    90.70   82.61   0.85    343.70     1.92     91.25    0.56      2.09          0.00          0.00           92.98        
3    R1002-D2TS086_5     086     92.37    100.00  1     N/A       N/A        0.95      N/A        76.70    N/A           48.28    63.86    1.413    2.568    59    0    0     0     89.83  98.31  N/A         N/A          0.60         N/A          98.31  97.131   0.83     5.87        11.7        58       0.8      1.43          0.73    84.75     0.71    0.78    0.96    0.18    0.94     93.20   4.89    90.70   82.61   0.85    343.70     1.92     91.25    0.56      2.09          0.00          0.00           92.98        
4    R1002-D2TS156_3     156s    91.53    100.00  4     N/A       N/A        0.86      1.30       80.51    N/A           43.67    56.80    1.954    2.751    59    0    0     0     88.14  96.61  N/A         N/A          0.47         0.65         96.61  95.436   0.82     4.84        12          57       0.8      1.01          0.74    81.36     0.70    0.77    0.91    0.20    0.92     65.10   4.89    86.46   80.55   0.84    352.10     3.29     91.65    0.59      0.00          0.00          0.00           91.23        
5    R1002-D2TS068_5     068     91.10    100.00  5     N/A       N/A        0.82      N/A        75.42    N/A           46.82    64.19    1.305    2.49     59    0    0     0     91.53  98.31  N/A         N/A          0.74         N/A          98.31  95.934   1.30     5.87        11.3        59       1.3      0.95          0.74    83.90     0.67    0.78    0.97    0.14    0.93     94.90   4.89    93.06   85.74   0.86    333.30     1.61     94.26    0.44      0.00          0.00          0.00           92.98        
6    R1002-D2TS156_1     156s    91.10    100.00  5     0.91      1.09       0.82      1.17       78.81    1.02          45.10    56.39    1.869    2.703    59    0    0     0     88.14  98.31  0.49        0.50         0.47         0.65         98.31  95.287   0.80     4.84        12          57       0.8      0.86          0.74    83.05     0.71    0.77    0.92    0.19    0.92     69.60   4.89    87.35   80.73   0.84    351.30     3.08     92.28    0.59      0.00          0.00          0.00           94.74        
7    R1002-D2TS068_2     068     91.10    100.00  5     N/A       N/A        0.82      N/A        78.39    N/A           46.92    62.05    1.575    2.681    59    0    0     0     88.14  98.31  N/A         N/A          0.47         N/A          98.31  96.35    0.93     5.01        12          58       0.9      1.44          0.74    83.05     0.70    0.78    0.95    0.16    0.93     100.00  4.89    89.60   83.34   0.85    352.20     2.14     93.86    0.49      1.04          1.79          0.00           92.98        
8    R1002-D2TS068_3     068     90.68    100.00  8     N/A       N/A        0.78      N/A        77.97    N/A           41.14    56.73    1.854    2.64     59    0    0     0     88.14  98.31  N/A         N/A          0.47         N/A          98.31  95.287   0.81     5.01        11.9        57       0.8      0.73          0.73    81.36     0.69    0.77    0.91    0.20    0.92     64.50   4.89    86.96   80.72   0.84    349.20     3.20     92.24    0.53      0.00          0.00          0.00           96.49        
9    R1002-D2TS281_2     281     90.25    100.00  9     N/A       N/A        0.74      N/A        80.94    N/A           44.97    59.98    2.201    2.876    59    0    0     0     86.44  96.61  N/A         N/A          0.34         N/A          96.61  94.856   0.95     5.69        11.7        57       0.9      1.85          0.70    79.66     0.68    0.73    0.89    0.20    0.92     67.50   4.89    86.79   79.98   0.84    345.40     3.82     90.70    0.49      7.32          0.00          0.00           92.98        
10   R1002-D2TS156_4     156s    90.25    100.00  9     N/A       N/A        0.74      0.92       75.85    N/A           47.66    58.95    1.768    2.595    59    0    0     0     88.14  98.31  N/A         N/A          0.47         0.65         98.31  94.759   0.88     5.01        11.6        57       0.9      0.95          0.74    85.59     0.72    0.78    0.92    0.19    0.92     69.60   4.74    88.29   80.84   0.83    342.70     3.05     93.30    0.62      0.00          0.00          0.00           92.98        
11   R1002-D2TS328_5     328     90.25    100.00  9     N/A       N/A        0.74      N/A        79.24    N/A           40.94    53.30    2.071    3.053    59    0    0     0     86.44  96.61  N/A         N/A          0.34         N/A          96.61  94.819   0.99     4.84        11.4        57       0.9      1.25          0.67    73.73     0.63    0.68    0.90    0.22    0.92     85.90   4.89    86.46   78.25   0.83    336.50     3.75     N/A      0.43      0.00          1.79          1.75           89.47        
12   R1002-D2TS281_1     281     90.25    100.00  9     0.81      N/A        0.74      N/A        80.51    N/A           43.67    58.76    2.152    2.923    59    0    0     0     86.44  96.61  0.34        N/A          0.34         N/A          96.61  95.45    0.87     5.69        12          57       0.9      1.90          0.69    79.66     0.67    0.73    0.89    0.20    0.91     68.80   4.89    86.97   79.80   0.84    350.90     3.82     90.63    0.51      8.37          0.00          0.00           92.98        
13   R1002-D2TS086_4     086     90.25    100.00  9     N/A       N/A        0.74      N/A        72.88    N/A           49.51    62.66    1.405    2.641    59    0    0     0     89.83  98.31  N/A         N/A          0.60         N/A          98.31  96.335   0.94     5.87        11.3        58       0.9      1.33          0.72    83.90     0.69    0.77    0.96    0.17    0.94     93.20   4.89    90.48   82.55   0.84    335.20     1.85     N/A      0.53      3.13          0.00          0.00           96.49        
14   R1002-D2TS068_4     068     90.25    100.00  9     N/A       N/A        0.74      N/A        75.00    N/A           43.73    60.65    1.533    2.646    59    0    0     0     91.53  98.31  N/A         N/A          0.74         N/A          98.31  95.309   1.53     5.69        11.1        59       1.5      1.17          0.73    83.90     0.67    0.77    0.97    0.15    0.92     98.30   4.74    92.63   85.11   0.84    328.80     1.67     94.97    0.45      1.04          0.00          0.00           94.74        
15   R1002-D2TS457_4     457     89.83    100.00  15    N/A       N/A        0.69      N/A        73.73    N/A           41.20    54.44    1.904    2.713    59    0    0     0     88.14  98.31  N/A         N/A          0.47         N/A          98.31  94.239   0.96     5.01        11.1        57       1        1.33          0.70    82.20     0.67    0.74    0.91    0.19    0.92     91.10   4.74    86.16   77.60   0.81    329.10     3.65     88.56    0.54      3.13          0.00          1.75           96.49        
16   R1002-D2TS156_5     156s    89.83    100.00  15    N/A       N/A        0.69      0.79       77.12    N/A           48.77    58.94    1.821    2.692    59    0    0     0     88.14  98.31  N/A         N/A          0.47         0.65         98.31  95.042   0.85     4.84        11.8        57       0.9      0.86          0.74    83.05     0.71    0.77    0.92    0.21    0.92     64.50   4.89    88.47   80.96   0.83    347.80     3.11     92.54    0.60      0.00          0.00          0.00           94.74        
17   R1002-D2TS457_1     457     89.83    100.00  15    0.76      N/A        0.69      N/A        73.73    N/A           41.92    53.95    1.912    2.721    59    0    0     0     88.14  98.31  0.49        N/A          0.47         N/A          98.31  94.239   0.97     5.01        11.1        57       1        1.33          0.69    82.20     0.67    0.74    0.91    0.18    0.92     91.10   4.74    86.09   77.41   0.81    328.10     3.66     89.01    0.53      3.13          0.00          1.75           96.49        
18   R1002-D2TS457_3     457     89.83    100.00  15    N/A       N/A        0.69      N/A        73.31    N/A           43.02    54.21    1.895    2.709    59    0    0     0     88.14  98.31  N/A         N/A          0.47         N/A          98.31  94.239   0.96     5.01        11.1        57       1        1.47          0.70    82.20     0.67    0.75    0.91    0.18    0.92     91.10   4.74    86.15   77.61   0.81    329.30     3.60     88.88    0.52      3.13          0.00          1.75           94.74        
19   R1002-D2TS328_2     328     89.83    100.00  15    N/A       N/A        0.69      N/A        77.55    N/A           45.62    54.90    2.12     2.878    59    0    0     0     86.44  96.61  N/A         N/A          0.34         N/A          96.61  94.209   1.06     4.84        11.2        57       1        1.06          0.70    78.81     0.68    0.72    0.89    0.21    0.91     83.70   4.74    86.34   78.72   0.82    330.50     3.83     N/A      0.52      0.00          0.00          1.75           89.47        
20   R1002-D2TS328_3     328     89.83    100.00  15    N/A       N/A        0.69      N/A        77.55    N/A           40.10    53.34    2.118    2.912    59    0    0     0     86.44  96.61  N/A         N/A          0.34         N/A          96.61  94.306   1.06     4.84        11.3        57       1        1.41          0.70    79.66     0.68    0.72    0.89    0.19    0.91     92.10   4.74    86.54   78.71   0.82    334.40     3.85     N/A      0.51      1.05          0.00          5.26           87.72        
21   R1002-D2TS457_2     457     89.41    100.00  21    N/A       N/A        0.65      N/A        73.31    N/A           42.01    54.89    1.914    2.711    59    0    0     0     88.14  98.31  N/A         N/A          0.47         N/A          98.31  94.105   0.96     5.01        11.1        57       1        1.47          0.69    82.20     0.67    0.74    0.91    0.20    0.92     91.10   4.74    86.06   77.23   0.81    329.90     3.74     88.95    0.53      3.13          0.00          1.75           94.74        
22   R1002-D2TS086_1     086     89.41    100.00  21    0.71      N/A        0.65      N/A        75.42    N/A           48.21    62.86    1.496    2.636    59    1    0     0     88.14  98.31  0.49        N/A          0.47         N/A          98.31  95.941   0.92     5.87        11.3        58       0.9      1.43          0.73    83.05     0.70    0.77    0.95    0.16    0.94     93.60   4.89    89.72   82.36   0.84    333.70     2.03     N/A      0.53      4.18          0.00          0.00           96.49        
23   R1002-D2TS312_5     312s    89.41    100.00  21    N/A       N/A        0.65      0.66       75.42    N/A           41.75    58.51    1.765    2.379    59    0    0     0     88.14  98.31  N/A         N/A          0.47         0.65         98.31  93.726   1.03     5.01        11.4        57       1        2.35          0.71    84.75     0.68    0.76    0.92    0.16    0.93     91.50   4.89    88.92   82.16   0.82    337.90     2.89     18.65    0.50      43.89         0.00          1.75           96.49        
24   R1002-D2TS068_1     068     89.41    100.00  21    0.71      N/A        0.65      N/A        75.42    N/A           47.50    61.73    1.56     2.61     59    0    0     0     86.44  98.31  0.34        N/A          0.34         N/A          98.31  95.198   1.08     5.69        11.6        58       1        1.01          0.73    84.75     0.69    0.78    0.95    0.16    0.93     90.10   4.89    88.11   82.68   0.84    342.40     2.37     93.76    0.49      0.00          0.00          1.75           91.23        
25   R1002-D2TS102_2     102s    89.41    100.00  21    N/A       N/A        0.65      0.66       76.28    N/A           43.05    57.54    1.878    2.769    59    0    0     0     88.14  98.31  N/A         N/A          0.47         0.65         98.31  94.105   0.95     5.01        11.4        57       1        1.71          0.71    82.20     0.67    0.77    0.91    0.21    0.92     92.40   4.74    87.23   79.96   0.82    337.10     3.56     54.82    0.54      4.18          0.00          1.75           91.23        
26   R1002-D2TS358_5     358     89.41    100.00  21    N/A       N/A        0.65      N/A        75.43    N/A           41.98    55.95    1.957    2.841    59    0    0     0     88.14  98.31  N/A         N/A          0.47         N/A          98.31  94.633   0.93     5.87        11.4        57       0.9      2.46          0.63    79.66     0.63    0.73    0.90    0.21    0.92     64.10   4.74    85.97   78.13   0.82    336.20     4.03     92.23    0.45      41.84         0.00          1.75           94.74        
27   R1002-D2TS086_3     086     89.41    100.00  21    N/A       N/A        0.65      N/A        75.85    N/A           52.66    64.75    1.488    2.603    59    0    0     0     88.14  98.31  N/A         N/A          0.47         N/A          98.31  96.209   0.93     5.87        11.3        58       0.9      1.17          0.73    83.05     0.71    0.78    0.95    0.16    0.94     94.90   4.89    89.28   82.81   0.84    333.90     2.14     N/A      0.54      1.05          0.00          0.00           94.74        
28   R1002-D2TS460_1     460     88.98    100.00  28    0.67      N/A        0.61      N/A        74.16    N/A           39.03    55.06    1.89     2.531    59    1    0     0     86.44  98.31  0.34        N/A          0.34         N/A          98.31  94.105   0.97     5.01        11.1        57       1        3.22          0.70    83.05     0.65    0.77    0.91    0.21    0.92     92.40   4.74    86.68   78.98   0.82    330.30     3.79     82.79    0.51      55.67         5.36          0.00           92.98        
29   R1002-D2TS156_2     156s    88.98    100.00  28    N/A       N/A        0.61      0.53       76.69    N/A           46.75    58.66    1.803    2.622    59    0    0     0     88.14  98.31  N/A         N/A          0.47         0.65         98.31  94.365   0.92     5.01        11.6        57       0.9      0.95          0.74    83.90     0.72    0.79    0.92    0.17    0.92     92.40   4.89    88.00   80.82   0.82    342.70     3.03     92.52    0.61      0.00          0.00          0.00           92.98        
30   R1002-D2TS358_4     358     88.98    100.00  28    N/A       N/A        0.61      N/A        72.03    N/A           45.45    57.98    1.868    2.492    59    0    0     0     88.14  98.31  N/A         N/A          0.47         N/A          98.31  93.845   0.99     5.01        10.9        57       1        2.45          0.65    83.90     0.64    0.75    0.91    0.20    0.93     89.40   4.74    86.73   78.61   0.82    323.20     3.93     92.81    0.47      40.79         0.00          1.75           94.74        
31   R1002-D2TS358_1     358     88.98    100.00  28    0.67      N/A        0.61      N/A        72.88    N/A           45.45    56.49    1.841    2.503    59    0    0     0     86.44  98.31  0.34        N/A          0.34         N/A          98.31  93.585   1.04     5.01        10.8        57       1        2.62          0.63    83.90     0.64    0.74    0.92    0.23    0.92     92.40   4.74    87.25   78.61   0.81    321.60     3.56     92.66    0.47      61.72         0.00          1.75           94.74        
32   R1002-D2TS433_4     433     88.98    100.00  28    N/A       N/A        0.61      N/A        73.31    N/A           0.00     34.79    1.68     1.727    59    1    0     0     88.14  98.31  N/A         N/A          0.47         N/A          98.31  95.034   1.11     5.18        11          58       1.1      6.00          0.21    51.57     0.45    0.16    0.93    0.17    0.93     93.80   4.89    89.12   81.36   0.82    327.70     2.75     N/A      0.00      0.00          N/A           1.75           87.72        
33   R1002-D2TS312_4     312s    88.98    100.00  28    N/A       N/A        0.61      0.53       74.58    N/A           43.73    58.94    1.746    2.468    59    0    0     0     88.14  98.31  N/A         N/A          0.47         0.65         98.31  93.726   1.01     5.01        11.5        57       1        2.80          0.71    84.75     0.68    0.77    0.93    0.15    0.93     91.50   4.89    89.01   81.98   0.83    338.40     2.88     18.46    0.52      47.02         3.57          1.75           96.49        
34   R1002-D2TS328_4     328     88.98    100.00  28    N/A       N/A        0.61      N/A        76.70    N/A           39.42    54.87    2.067    2.893    59    0    0     0     86.44  96.61  N/A         N/A          0.34         N/A          96.61  94.306   1.04     4.84        11.3        57       1        1.01          0.70    79.66     0.66    0.72    0.90    0.24    0.91     66.90   4.89    86.62   78.77   0.82    335.00     3.55     N/A      0.50      0.00          0.00          1.75           91.23        
35   R1002-D2TS102_5     102s    88.98    100.00  28    N/A       N/A        0.61      0.53       75.42    N/A           41.66    56.79    1.88     2.811    59    0    0     0     88.14  98.31  N/A         N/A          0.47         0.65         98.31  93.979   0.96     5.01        11.4        57       1        1.62          0.70    82.20     0.65    0.76    0.91    0.21    0.92     92.40   4.74    87.32   80.08   0.82    335.90     3.54     55.68    0.50      3.13          0.00          1.75           91.23        
36   R1002-D2TS431_1     431     88.98    100.00  28    0.67      N/A        0.61      N/A        74.58    N/A           45.97    61.35    1.495    2.129    59    0    0     0     86.44  98.31  0.34        N/A          0.34         N/A          98.31  93.83    1.39     5.87        10.2        58       1.4      2.13          0.72    89.83     0.70    0.76    0.95    0.12    0.94     78.00   4.74    87.27   78.78   0.83    305.60     2.85     95.71    0.56      1.04          8.93          5.26           87.72        
37   R1002-D2TS460_4     460     88.98    100.00  28    N/A       N/A        0.61      N/A        74.16    N/A           39.48    55.39    1.885    2.53     59    1    0     0     86.44  98.31  N/A         N/A          0.34         N/A          98.31  94.105   0.97     5.01        11.2        57       1        3.24          0.70    83.05     0.65    0.77    0.91    0.20    0.92     92.40   4.74    86.67   78.94   0.82    330.50     3.80     82.67    0.51      57.65         5.36          0.00           92.98        
38   R1002-D2TS433_2     433     88.56    100.00  38    N/A       N/A        0.56      N/A        73.31    N/A           0.00     33.93    1.685    1.74     59    1    0     0     88.14  98.31  N/A         N/A          0.47         N/A          98.31  94.915   1.12     5.18        11          58       1.1      6.00          0.21    52.65     0.46    0.16    0.93    0.17    0.93     91.80   4.89    88.73   81.07   0.82    325.60     2.66     N/A      0.00      0.00          N/A           1.75           87.72        
39   R1002-D2TS312_3     312s    88.56    100.00  38    N/A       N/A        0.56      0.41       74.58    N/A           43.12    58.05    1.775    2.343    59    0    0     0     86.44  98.31  N/A         N/A          0.34         -0.87        98.31  93.466   1.05     5.01        11.4        57       1.1      2.92          0.70    84.75     0.67    0.76    0.92    0.16    0.93     89.40   4.89    88.86   81.90   0.82    336.20     2.97     18.73    0.51      63.74         3.57          1.75           96.49        
40   R1002-D2TS312_1     312s    88.56    100.00  38    0.62      0.52       0.56      0.41       74.58    0.45          40.13    57.53    1.78     2.5      59    0    0     0     88.14  98.31  0.49        0.50         0.47         0.65         98.31  93.592   1.02     5.01        11.5        57       1        2.62          0.70    83.90     0.69    0.76    0.92    0.15    0.93     88.50   4.89    88.82   81.98   0.82    339.90     2.97     18.71    0.53      53.29         1.79          1.75           96.49        
41   R1002-D2TS356_2     356     88.56    100.00  38    N/A       N/A        0.56      N/A        74.58    N/A           41.36    55.04    2.019    2.915    59    0    0     0     88.14  96.61  N/A         N/A          0.47         N/A          96.61  94.521   0.94     5.87        11.5        57       0.9      0.50          0.69    79.66     0.68    0.72    0.90    0.21    0.92     90.30   4.74    86.60   79.13   0.82    338.70     3.92     92.72    0.50      0.00          0.00          0.00           100.00       
42   R1002-D2TS425_1     425     88.56    100.00  38    0.62      N/A        0.56      N/A        74.58    N/A           49.94    62.99    1.484    2.719    59    0    0     0     89.83  98.31  0.64        N/A          0.60         N/A          98.31  95.555   0.98     5.87        11.1        58       1        1.25          0.72    82.20     0.69    0.76    0.95    0.19    0.94     93.60   4.74    89.25   81.12   0.83    328.00     2.32     N/A      0.51      1.04          0.00          0.00           92.98        
43   R1002-D2TS425_5     425     88.56    100.00  38    N/A       N/A        0.56      N/A        74.58    N/A           52.76    63.16    1.661    2.746    59    0    0     0     86.44  96.61  N/A         N/A          0.34         N/A          96.61  94.12    1.36     5.52        11          58       1.3      1.17          0.74    83.90     0.70    0.78    0.95    0.20    0.93     85.10   4.89    89.49   81.90   0.82    327.00     2.56     N/A      0.54      1.04          0.00          0.00           94.74        
44   R1002-D2TS328_1     328     88.56    100.00  38    0.62      N/A        0.56      N/A        75.00    N/A           39.84    54.42    2.072    2.832    59    0    0     0     88.14  96.61  0.49        N/A          0.47         N/A          96.61  94.172   1.05     4.84        11.3        57       1        0.92          0.69    79.66     0.66    0.72    0.90    0.22    0.91     66.90   4.89    86.28   78.45   0.81    334.00     3.56     N/A      0.52      0.00          1.79          0.00           96.49        
45   R1002-D2TS460_3     460     88.56    100.00  38    N/A       N/A        0.56      N/A        72.89    N/A           39.67    54.77    1.901    2.532    59    0    0     0     86.44  98.31  N/A         N/A          0.34         N/A          98.31  94.105   0.99     5.01        11.1        57       1        3.07          0.70    83.05     0.65    0.76    0.91    0.20    0.92     92.40   4.74    86.69   79.13   0.81    330.30     3.72     82.68    0.50      53.46         3.57          0.00           92.98        
46   R1002-D2TS174_5     174     88.14    100.00  46    N/A       N/A        0.52      N/A        72.88    N/A           38.86    54.10    1.919    2.486    59    0    0     0     88.14  96.61  N/A         N/A          0.47         N/A          96.61  93.845   1.01     4.84        11          57       1        2.10          0.69    81.36     0.65    0.75    0.91    0.23    0.91     94.60   4.74    86.39   77.58   0.80    327.40     3.51     N/A      0.51      1.05          10.71         1.75           91.23        
47   R1002-D2TS433_1     433     88.14    100.00  46    0.57      N/A        0.52      N/A        71.19    N/A           0.00     32.54    1.861    1.915    59    1    0     0     88.14  98.31  0.49        N/A          0.47         N/A          98.31  93.079   1.08     5.01        10.8        57       1.1      6.00          0.21    50.28     0.45    0.16    0.91    0.19    0.92     96.60   4.89    87.67   80.00   0.80    322.80     3.30     N/A      0.00      3.37          N/A           1.75           87.72        
48   R1002-D2TS117_1     117     88.14    100.00  46    0.57      N/A        0.52      N/A        69.49    N/A           34.22    55.50    1.581    2.33     59    2    0     0     88.14  98.31  0.49        N/A          0.47         N/A          98.31  94.804   1.21     6.04        10.8        58       1.2      4.48          0.66    86.44     0.62    0.78    0.94    0.14    0.93     59.10   4.89    88.53   80.63   0.82    322.60     2.83     93.77    0.51      85.77         42.86         17.54          70.18        
49   R1002-D2TS460_5     460     88.14    100.00  46    N/A       N/A        0.52      N/A        73.31    N/A           40.49    55.84    1.885    2.536    59    2    0     0     88.14  98.31  N/A         N/A          0.47         N/A          98.31  94.105   0.98     5.01        11.1        57       1        3.00          0.69    83.05     0.65    0.76    0.91    0.20    0.92     89.40   4.74    86.75   79.01   0.81    330.10     3.88     82.68    0.51      45.07         3.57          0.00           92.98        
50   R1002-D2TS460_2     460     88.14    100.00  46    N/A       N/A        0.52      N/A        73.31    N/A           39.38    55.00    1.894    2.532    59    1    0     0     86.44  98.31  N/A         N/A          0.34         N/A          98.31  94.105   0.98     5.01        11.1        57       1        3.22          0.70    83.05     0.65    0.77    0.91    0.21    0.92     92.40   4.74    86.72   79.05   0.82    330.50     3.76     82.70    0.50      55.56         5.36          0.00           92.98        
51   R1002-D2TS270_3     270     88.14    100.00  46    N/A       N/A        0.52      N/A        72.88    N/A           41.49    55.02    2.018    2.656    59    0    0     0     88.14  96.61  N/A         N/A          0.47         N/A          96.61  93.993   1.00     5.69        11          57       1        1.95          0.67    83.05     0.65    0.75    0.90    0.18    0.92     88.40   4.74    86.22   78.41   0.81    327.30     4.39     N/A      0.46      0.00          8.93          3.51           80.70        
52   R1002-D2TS358_3     358     88.14    100.00  46    N/A       N/A        0.52      N/A        71.61    N/A           42.01    56.75    2.056    2.773    59    0    0     0     86.44  94.92  N/A         N/A          0.34         N/A          94.92  92.113   1.44     5.52        9.9         57       1.4      2.70          0.62    81.36     0.62    0.73    0.90    0.24    0.91     83.40   4.74    83.96   79.86   0.81    299.80     3.75     92.10    0.41      73.22         0.00          1.75           94.74        
53   R1002-D2TS174_2     174     88.14    100.00  46    N/A       N/A        0.52      N/A        73.73    N/A           41.20    54.42    1.928    2.59     59    0    0     0     86.44  98.31  N/A         N/A          0.34         N/A          98.31  94.38    0.98     5.01        11.3        57       1        1.97          0.70    82.20     0.65    0.76    0.91    0.21    0.92     70.90   4.74    87.01   79.70   0.81    333.10     3.58     N/A      0.49      0.00          7.14          5.26           71.93        
54   R1002-D2TS174_1     174     88.14    100.00  46    0.57      N/A        0.52      N/A        73.31    N/A           40.81    54.37    1.899    2.816    59    0    0     0     86.44  98.31  0.34        N/A          0.34         N/A          98.31  93.971   1.01     5.01        11.3        57       1        2.65          0.63    81.36     0.65    0.74    0.91    0.21    0.92     92.40   4.74    87.55   79.61   0.81    333.70     3.51     N/A      0.50      57.53         1.79          0.00           96.49        
55   R1002-D2TS190_2     190     87.71    100.00  55    N/A       N/A        0.48      N/A        70.76    N/A           35.03    51.71    2.044    2.949    59    0    0     0     86.44  96.61  N/A         N/A          0.34         N/A          96.61  93.986   1.01     4.84        10.7        57       1        2.06          0.67    77.97     0.63    0.71    0.90    0.22    0.92     85.10   4.74    84.03   75.31   0.80    318.40     4.67     29.17    0.48      13.60         1.79          0.00           96.49        
56   R1002-D2TS312_2     312s    87.71    100.00  55    N/A       N/A        0.48      0.15       73.31    N/A           40.88    56.54    1.781    2.474    59    0    0     0     88.14  98.31  N/A         N/A          0.47         0.65         98.31  93.458   1.05     5.01        11.4        57       1        2.85          0.70    84.75     0.67    0.76    0.92    0.15    0.93     88.50   4.89    88.65   81.62   0.82    336.90     2.94     18.81    0.50      66.88         1.79          1.75           94.74        
57   R1002-D2TS457_5     457     87.71    100.00  55    N/A       N/A        0.48      N/A        72.46    N/A           39.25    53.91    1.913    2.545    59    0    0     0     86.44  98.31  N/A         N/A          0.34         N/A          98.31  93.971   1.02     5.01        11.1        57       1        3.59          0.69    83.05     0.64    0.76    0.91    0.20    0.92     87.30   4.74    86.71   78.94   0.81    328.20     3.55     86.11    0.48      102.40        5.36          1.75           89.47        
58   R1002-D2TS425_3     425     87.71    100.00  55    N/A       N/A        0.48      N/A        74.58    N/A           45.81    56.43    2.183    2.959    59    0    0     0     86.44  94.92  N/A         N/A          0.34         N/A          94.92  93.904   1.08     5.52        11.1        57       1.1      1.55          0.71    79.66     0.70    0.75    0.88    0.25    0.91     88.70   4.89    85.27   78.65   0.80    329.60     4.12     N/A      0.56      3.13          0.00          0.00           92.98        
59   R1002-D2TS433_5     433     87.71    100.00  55    N/A       N/A        0.48      N/A        69.92    N/A           0.00     32.94    1.786    1.837    59    1    0     0     88.14  98.31  N/A         N/A          0.47         N/A          98.31  94.15    1.20     5.18        10.7        57       1.1      6.00          0.21    51.57     0.45    0.16    0.92    0.16    0.93     93.60   4.89    88.19   80.68   0.80    319.00     2.89     N/A      0.00      0.00          N/A           1.75           87.72        
60   R1002-D2TS433_3     433     87.71    100.00  55    N/A       N/A        0.48      N/A        71.19    N/A           0.00     33.62    1.824    1.871    59    1    0     0     88.14  98.31  N/A         N/A          0.47         N/A          98.31  93.079   1.10     5.01        10.7        57       1.1      6.00          0.20    51.57     0.45    0.16    0.91    0.18    0.93     96.60   4.89    87.28   79.40   0.81    319.70     3.15     N/A      0.00      13.47         N/A           1.75           87.72        
61   R1002-D2TS117_2     117     87.71    100.00  55    N/A       N/A        0.48      N/A        70.76    N/A           35.23    55.06    1.613    2.453    59    1    0     0     88.14  98.31  N/A         N/A          0.47         N/A          98.31  94.41    1.20     5.87        10.7        58       1.2      3.96          0.66    86.44     0.64    0.77    0.94    0.17    0.93     64.00   4.74    87.98   79.33   0.81    318.20     3.01     93.51    0.52      84.73         12.50         8.77           80.70        
62   R1002-D2TS358_2     358     87.29    100.00  62    N/A       N/A        0.44      N/A        70.77    N/A           42.56    55.31    1.825    2.463    59    0    0     0     86.44  98.31  N/A         N/A          0.34         N/A          98.31  92.938   1.12     5.18        10.5        57       1.1      2.59          0.63    84.75     0.64    0.75    0.92    0.21    0.92     92.40   4.74    87.20   77.40   0.80    314.20     3.55     92.73    0.44      56.49         0.00          1.75           94.74        
63   R1002-D2TS174_3     174     87.29    100.00  62    N/A       N/A        0.44      N/A        72.03    N/A           39.74    52.77    1.979    2.569    59    0    0     0     88.14  98.31  N/A         N/A          0.47         N/A          98.31  93.733   1.04     5.01        11.2        57       1        1.33          0.69    82.20     0.65    0.75    0.91    0.22    0.91     91.10   4.74    86.70   78.68   0.79    332.50     3.54     N/A      0.46      3.13          0.00          0.00           96.49        
64   R1002-D2TS102_4     102s    87.29    100.00  62    N/A       N/A        0.44      0.02       71.61    N/A           41.43    56.73    1.874    2.742    59    0    0     0     86.44  98.31  N/A         N/A          0.34         -0.87        98.31  93.57    1.02     5.01        11          57       1        1.25          0.70    82.20     0.66    0.75    0.91    0.20    0.92     92.40   4.74    86.84   78.59   0.81    327.80     3.53     56.60    0.50      1.04          0.00          0.00           92.98        
65   R1002-D2TS102_1     102s    87.29    100.00  62    0.47      0.23       0.44      0.02       72.03    0.10          38.99    56.82    1.859    2.844    59    0    0     0     88.14  98.31  0.49        0.50         0.47         0.65         98.31  93.562   0.98     5.01        11.2        57       1        1.43          0.69    82.20     0.65    0.75    0.91    0.20    0.92     92.40   4.74    87.31   79.29   0.82    332.60     3.50     60.73    0.48      2.09          0.00          0.00           92.98        
66   R1002-D2TS390_4     390     86.86    100.00  66    N/A       N/A        0.39      N/A        72.04    N/A           40.49    57.02    1.859    2.713    59    0    0     0     88.14  98.31  N/A         N/A          0.47         N/A          98.31  93.83    0.97     5.01        11.1        57       1        1.55          0.70    82.20     0.66    0.75    0.91    0.20    0.92     92.40   4.74    87.33   79.33   0.82    330.00     3.46     58.04    0.49      3.13          0.00          0.00           92.98        
67   R1002-D2TS390_5     390     86.86    100.00  66    N/A       N/A        0.39      N/A        72.04    N/A           40.84    57.24    1.88     2.775    59    0    0     0     88.14  98.31  N/A         N/A          0.47         N/A          98.31  93.83    0.97     5.01        11.2        57       1        1.62          0.70    82.20     0.66    0.75    0.91    0.21    0.92     92.40   4.74    86.96   79.28   0.81    330.90     3.54     56.21    0.50      3.13          0.00          0.00           91.23        
68   R1002-D2TS174_4     174     86.86    100.00  66    N/A       N/A        0.39      N/A        71.19    N/A           36.30    51.95    1.969    2.725    59    0    0     0     88.14  96.61  N/A         N/A          0.47         N/A          96.61  93.332   1.07     4.84        11.1        57       1.1      1.86          0.68    78.81     0.65    0.74    0.91    0.20    0.92     91.10   4.74    86.59   79.08   0.79    329.50     3.41     N/A      0.44      9.40          0.00          0.00           94.74        
69   R1002-D2TS390_2     390     86.86    100.00  66    N/A       N/A        0.39      N/A        71.19    N/A           38.54    56.32    1.84     2.721    59    0    0     0     88.14  98.31  N/A         N/A          0.47         N/A          98.31  93.049   1.02     5.01        11.1        57       1        1.25          0.69    82.20     0.65    0.75    0.92    0.22    0.92     92.40   4.74    87.33   79.32   0.81    328.30     3.35     58.68    0.49      1.04          0.00          0.00           92.98        
70   R1002-D2TS190_5     190     86.86    100.00  66    N/A       N/A        0.39      N/A        72.04    N/A           40.45    54.15    1.937    2.585    59    0    0     0     86.44  98.31  N/A         N/A          0.34         N/A          98.31  93.339   1.05     5.87        10.8        57       1.1      2.51          0.69    83.05     0.66    0.74    0.91    0.18    0.92     89.40   4.74    85.83   77.59   0.80    322.90     3.79     51.83    0.49      24.06         1.79          1.75           92.98        
71   R1002-D2TS425_4     425     86.86    100.00  66    N/A       N/A        0.39      N/A        69.92    N/A           41.53    53.78    2.048    2.837    59    0    0     0     86.44  96.61  N/A         N/A          0.34         N/A          96.61  93.525   1.15     4.84        10.7        57       1.2      1.43          0.70    83.90     0.69    0.75    0.90    0.20    0.91     91.50   4.74    86.30   78.77   0.80    318.40     3.97     N/A      0.53      2.09          0.00          0.00           92.98        
72   R1002-D2TS102_3     102s    86.44    100.00  72    N/A       N/A        0.35      -0.23      70.77    N/A           40.78    56.69    1.892    2.785    59    0    0     0     86.44  98.31  N/A         N/A          0.34         -0.87        98.31  93.31    1.04     5.01        11          57       1        1.34          0.69    82.20     0.66    0.75    0.91    0.20    0.92     92.40   4.74    86.74   78.47   0.81    327.50     3.62     55.79    0.49      2.09          0.00          0.00           94.74        
73   R1002-D2TS004_1     004s    86.44    100.00  72    0.38      0.04       0.35      -0.23      73.73    0.33          42.27    53.23    2.201    3.02     59    0    0     0     88.14  96.61  0.49        0.50         0.47         0.65         96.61  93.384   1.08     5.69        11.4        57       1.1      0.95          0.71    79.66     0.66    0.75    0.89    0.28    0.91     86.40   4.74    84.84   78.31   0.80    335.60     4.57     89.12    0.52      0.00          0.00          1.75           92.98        
74   R1002-D2TS431_3     431     86.02    100.00  74    N/A       N/A        0.31      N/A        73.31    N/A           51.72    67.32    4.241    4.531    59    0    0     0     88.14  89.83  N/A         N/A          0.47         N/A          89.83  89.332   1.06     5.01        9.7         53       0.9      1.37          0.70    77.97     0.72    0.71    0.78    0.33    0.86     94.60   4.74    81.17   82.57   0.82    294.40     12.57    92.79    0.55      0.00          3.57          1.75           92.98        
75   R1002-D2TS390_3     390     85.59    100.00  75    N/A       N/A        0.26      N/A        69.49    N/A           39.58    56.03    1.856    2.857    59    0    0     0     88.14  98.31  N/A         N/A          0.47         N/A          98.31  92.916   1.04     5.01        11          57       1        1.49          0.69    82.20     0.65    0.75    0.91    0.21    0.92     92.40   4.74    86.96   79.26   0.81    327.20     3.40     58.27    0.49      2.09          0.00          0.00           91.23        
76   R1002-D2TS390_1     390     85.17    100.00  76    0.23      N/A        0.22      N/A        68.64    N/A           39.77    56.44    1.901    2.81     59    0    0     0     86.44  98.31  0.34        N/A          0.34         N/A          98.31  92.782   1.07     5.87        10.9        57       1.1      1.43          0.69    82.20     0.64    0.74    0.91    0.21    0.92     89.40   4.74    86.54   78.18   0.80    325.00     3.61     58.72    0.48      2.09          0.00          0.00           92.98        
77   R1002-D2TS431_5     431     85.17    100.00  76    N/A       N/A        0.22      N/A        69.49    N/A           36.20    50.26    2.171    2.87     59    0    0     0     88.14  96.61  N/A         N/A          0.47         N/A          96.61  92.99    1.18     5.87        10.2        57       1.2      1.74          0.65    82.20     0.66    0.69    0.89    0.19    0.92     88.10   4.58    81.50   76.34   0.78    307.40     5.61     88.97    0.51      0.00          8.93          1.75           91.23        
78   R1002-D2TS344_1     344     84.75    100.00  78    0.19      N/A        0.18      N/A        67.38    N/A           38.25    51.15    2.028    2.907    59    0    0     0     88.14  96.61  0.49        N/A          0.47         N/A          96.61  92.826   1.21     4.84        10.4        57       1.2      1.48          0.66    80.51     0.67    0.72    0.90    0.22    0.92     90.30   4.74    84.60   76.27   0.77    312.30     3.78     90.46    0.52      1.05          0.00          0.00           84.21        
79   R1002-D2TS112_1     112     84.75    100.00  78    0.19      N/A        0.18      N/A        69.92    N/A           45.33    57.13    2.042    2.708    59    0    0     0     86.44  98.31  0.34        N/A          0.34         N/A          98.31  92.455   1.18     5.87        10.4        57       1.2      1.30          0.70    83.05     0.68    0.74    0.90    0.20    0.92     85.60   4.74    85.97   78.21   0.78    311.60     4.05     94.42    0.56      0.00          1.79          5.26           87.72        
80   R1002-D2TS217_4     217     84.75    100.00  78    N/A       N/A        0.18      N/A        66.10    N/A           36.92    50.57    2.077    2.617    59    0    0     0     88.14  96.61  N/A         N/A          0.47         N/A          96.61  92.804   1.09     5.69        10.3        57       1.1      3.39          0.51    83.05     0.62    0.74    0.88    0.28    0.92     82.90   4.74    84.11   75.15   0.79    309.70     4.74     76.37    0.45      193.72        0.00          5.26           85.96        
81   R1002-D2TS217_5     217     84.32    100.00  81    N/A       N/A        0.14      N/A        65.68    N/A           33.73    52.26    2.07     2.662    59    0    0     0     88.14  96.61  N/A         N/A          0.47         N/A          96.61  92.551   1.16     5.52        9.8         57       1.2      3.31          0.54    83.05     0.61    0.76    0.89    0.21    0.92     67.80   4.58    83.53   75.82   0.78    296.40     4.94     78.31    0.44      192.87        0.00          3.51           89.47        
82   R1002-D2TS359_5     359s    84.32    100.00  81    N/A       N/A        0.14      -0.87      65.25    N/A           34.12    48.26    1.918    2.743    59    4    0     0     86.44  96.61  N/A         N/A          0.34         -0.87        96.61  90.908   1.33     5.18        9           57       1.3      1.65          0.61    82.20     0.58    0.68    0.92    0.19    0.92     48.00   4.58    83.45   70.40   0.76    277.30     4.16     91.57    0.38      0.00          3.57          5.26           80.70        
83   R1002-D2TS112_2     112     84.32    100.00  81    N/A       N/A        0.14      N/A        68.64    N/A           39.16    52.44    2.053    2.767    59    0    0     0     83.05  98.31  N/A         N/A          0.08         N/A          98.31  91.838   1.26     5.01        10.2        57       1.3      1.59          0.69    83.05     0.67    0.73    0.90    0.23    0.91     96.20   4.74    85.89   78.24   0.77    307.30     3.84     93.78    0.51      0.00          3.57          5.26           84.21        
84   R1002-D2TS359_4     359s    84.32    100.00  81    N/A       N/A        0.14      -0.87      65.25    N/A           32.56    47.82    1.903    2.794    59    3    0     0     86.44  96.61  N/A         N/A          0.34         -0.87        96.61  91.005   1.32     5.18        9           57       1.3      1.67          0.60    82.20     0.57    0.68    0.92    0.23    0.92     39.30   4.58    83.53   69.65   0.76    276.50     4.35     92.00    0.36      0.00          3.57          5.26           78.95        
85   R1002-D2TS196_4     196     84.32    100.00  81    N/A       N/A        0.14      N/A        65.25    N/A           32.56    47.82    1.903    2.794    59    3    0     0     86.44  96.61  N/A         N/A          0.34         N/A          96.61  91.005   1.32     5.18        9           57       1.3      1.67          0.60    82.20     0.57    0.68    0.92    0.23    0.92     39.30   4.58    83.53   69.65   0.76    276.50     4.35     92.00    0.36      0.00          3.57          5.26           78.95        
86   R1002-D2TS196_5     196     84.32    100.00  81    N/A       N/A        0.14      N/A        65.25    N/A           34.12    48.26    1.918    2.743    59    4    0     0     86.44  96.61  N/A         N/A          0.34         N/A          96.61  90.908   1.33     5.18        9           57       1.3      1.65          0.61    82.20     0.58    0.68    0.92    0.19    0.92     48.00   4.58    83.45   70.40   0.76    277.30     4.16     91.57    0.38      0.00          3.57          5.26           80.70        
87   R1002-D2TS112_4     112     83.90    100.00  87    N/A       N/A        0.09      N/A        67.38    N/A           45.45    56.89    2.134    2.854    59    0    0     0     88.14  98.31  N/A         N/A          0.47         N/A          98.31  92.47    1.19     5.01        10.4        57       1.2      1.25          0.69    82.20     0.68    0.73    0.90    0.18    0.91     92.30   4.74    86.63   78.57   0.77    312.30     4.02     93.63    0.54      0.00          1.79          3.51           89.47        
88   R1002-D2TS190_3     190     83.90    100.00  87    N/A       N/A        0.09      N/A        65.25    N/A           29.58    47.80    2.065    2.793    59    0    0     0     88.14  96.61  N/A         N/A          0.47         N/A          96.61  92.165   1.21     4.84        10.3        57       1.2      2.48          0.65    81.36     0.63    0.72    0.90    0.23    0.91     86.90   4.74    82.46   75.00   0.76    308.00     4.05     35.54    0.46      15.69         3.57          0.00           94.74        
89   R1002-D2TS270_1     270     83.47    100.00  89    0.04      N/A        0.05      N/A        67.37    N/A           35.58    48.55    2.111    2.843    59    0    0     0     88.14  98.31  0.49        N/A          0.47         N/A          98.31  91.525   1.37     5.01        10.1        57       1.4      1.81          0.67    83.05     0.66    0.73    0.90    0.22    0.91     88.40   4.58    82.83   75.52   0.75    304.40     4.65     N/A      0.53      2.09          1.79          0.00           85.96        
90   R1002-D2TS190_4     190     83.05    100.00  90    N/A       N/A        0.01      N/A        66.10    N/A           36.36    49.55    2.134    3.076    59    0    0     0     88.14  96.61  N/A         N/A          0.47         N/A          96.61  92.269   1.27     4.84        10.1        57       1.3      1.92          0.66    79.66     0.65    0.72    0.90    0.16    0.91     89.30   4.58    82.34   75.37   0.77    304.10     4.69     34.48    0.48      16.74         1.79          0.00           98.25        
91   R1002-D2TS217_3     217     83.05    100.00  90    N/A       N/A        0.01      N/A        65.25    N/A           33.67    46.97    2.192    2.868    59    0    0     0     81.36  94.92  N/A         N/A          -0.05        N/A          94.92  90.812   1.46     4.66        9.1         57       1.5      3.51          0.55    79.66     0.60    0.73    0.89    0.30    0.91     82.10   4.42    83.69   72.35   0.75    279.40     5.35     84.10    0.44      186.19        3.57          3.51           94.74        
92   R1002-D2TS359_3     359s    82.63    100.00  92    N/A       N/A        -0.04     -1.38      63.13    N/A           30.75    46.89    1.924    2.867    59    6    0     0     88.14  96.61  N/A         N/A          0.47         0.65         96.61  90.76    1.30     5.01        8.9         57       1.3      2.13          0.60    80.51     0.57    0.68    0.92    0.24    0.92     41.10   4.58    83.26   69.06   0.76    275.70     4.57     90.54    0.35      1.05          5.36          3.51           77.19        
93   R1002-D2TS196_3     196     82.63    100.00  92    N/A       N/A        -0.04     N/A        63.13    N/A           30.75    46.89    1.924    2.867    59    6    0     0     88.14  96.61  N/A         N/A          0.47         N/A          96.61  90.76    1.30     5.01        8.9         57       1.3      2.13          0.60    80.51     0.57    0.68    0.92    0.24    0.92     41.10   4.58    83.26   69.06   0.76    275.70     4.57     90.54    0.35      1.05          5.36          3.51           77.19        
94   R1002-D2TS217_2     217     82.20    100.00  94    N/A       N/A        -0.08     N/A        63.56    N/A           31.79    46.41    2.282    2.93     59    0    0     0     81.36  93.22  N/A         N/A          -0.05        N/A          93.22  90.998   1.48     4.49        9.1         56       1.3      3.80          0.54    77.97     0.59    0.73    0.87    0.32    0.90     64.00   4.58    82.28   69.09   0.75    279.50     5.70     84.02    0.43      190.38        3.57          1.75           85.96        
95   R1002-D2TS112_3     112     82.20    100.00  94    N/A       N/A        -0.08     N/A        66.10    N/A           38.15    50.17    2.276    2.778    59    0    0     0     88.14  96.61  N/A         N/A          0.47         N/A          96.61  91.332   1.30     4.84        9.7         57       1.3      2.02          0.65    81.36     0.63    0.71    0.88    0.24    0.90     86.80   4.58    81.91   74.49   0.75    295.60     5.69     93.36    0.48      1.04          7.14          1.75           89.47        
96   R1002-D2TS344_5     344     81.78    100.00  96    N/A       N/A        -0.12     N/A        63.56    N/A           38.34    51.45    2.016    3.01     59    0    0     0     84.75  98.31  N/A         N/A          0.21         N/A          98.31  90.143   1.44     5.87        9.5         57       1.4      1.36          0.65    82.20     0.65    0.71    0.92    0.20    0.92     88.50   4.58    84.95   76.60   0.75    289.60     3.87     90.98    0.49      0.00          1.79          1.75           84.21        
97   R1002-D2TS344_4     344     81.78    100.00  96    N/A       N/A        -0.12     N/A        63.56    N/A           38.34    51.45    2.016    3.01     59    0    0     0     84.75  98.31  N/A         N/A          0.21         N/A          98.31  90.143   1.44     5.87        9.5         57       1.4      1.36          0.65    82.20     0.65    0.71    0.92    0.20    0.92     88.50   4.58    84.95   76.60   0.75    289.60     3.87     90.98    0.49      0.00          1.79          1.75           84.21        
98   R1002-D2TS190_1     190     81.78    100.00  96    -0.15     N/A        -0.12     N/A        64.83    N/A           33.80    50.17    2.153    2.95     59    0    0     0     84.75  96.61  0.19        N/A          0.21         N/A          96.61  90.804   1.46     4.84        10.1        57       1.3      2.02          0.65    78.81     0.61    0.70    0.88    0.23    0.91     86.90   4.74    80.45   73.78   0.75    304.40     5.74     33.52    0.44      11.51         0.00          0.00           92.98        
99   R1002-D2TS196_2     196     81.36    100.00  99    N/A       N/A        -0.16     N/A        62.29    N/A           27.86    43.90    2.092    3.054    59    8    0     0     84.75  94.92  N/A         N/A          0.21         N/A          94.92  90.202   1.47     5.01        8.9         57       1.5      2.30          0.59    75.42     0.56    0.67    0.91    0.27    0.91     34.70   4.42    82.88   67.99   0.74    274.80     5.31     89.46    0.32      2.09          5.36          1.75           77.19        
100  R1002-D2TS359_2     359s    81.36    100.00  99    N/A       N/A        -0.16     -1.76      62.29    N/A           27.86    43.90    2.092    3.054    59    8    0     0     84.75  94.92  N/A         N/A          0.21         -2.38        94.92  90.202   1.47     5.01        8.9         57       1.5      2.30          0.59    75.42     0.56    0.67    0.91    0.27    0.91     34.70   4.42    82.88   67.99   0.74    274.80     5.31     89.46    0.32      2.09          5.36          1.75           77.19        
101  R1002-D2TS431_4     431     81.36    100.00  99    N/A       N/A        -0.16     N/A        70.34    N/A           46.66    61.98    6.028    6.593    59    0    0     0     79.66  79.66  N/A         N/A          -0.18        N/A          79.66  81.594   1.01     3.98        7.7         47       0.7      1.15          0.62    59.32     0.65    0.59    0.57    0.58    0.78     76.40   4.74    60.70   70.81   0.76    243.90     35.50    86.45    0.48      0.00          3.57          0.00           96.49        
102  R1002-D2TS344_3     344     80.51    100.00  102   N/A       N/A        -0.25     N/A        63.98    N/A           33.38    47.69    2.315    3.251    59    0    0     0     79.66  93.22  N/A         N/A          -0.18        N/A          93.22  89.912   1.58     5.18        9           56       1.5      1.42          0.62    72.88     0.62    0.67    0.87    0.25    0.90     72.60   4.58    79.94   72.50   0.73    277.60     6.41     90.17    0.46      0.00          1.79          3.51           80.70        
103  R1002-D2TS270_5     270     79.66    100.00  103   N/A       N/A        -0.34     N/A        61.02    N/A           29.22    42.95    2.348    3.11     59    0    0     0     81.36  93.22  N/A         N/A          -0.05        N/A          93.22  88.924   1.68     4.66        9.4         57       1.8      1.60          0.63    80.51     0.66    0.72    0.90    0.21    0.89     91.10   4.58    79.70   73.52   0.69    285.40     4.76     N/A      0.51      1.05          1.79          1.75           87.72        
104  R1002-D2TS112_5     112     79.66    100.00  103   N/A       N/A        -0.34     N/A        63.14    N/A           35.91    48.84    2.345    3.155    59    0    0     0     77.97  94.92  N/A         N/A          -0.31        N/A          94.92  88.329   1.59     4.49        9.1         57       1.8      1.78          0.63    77.97     0.64    0.70    0.89    0.25    0.90     91.90   4.58    83.51   74.22   0.72    279.80     4.58     92.16    0.50      2.09          1.79          7.02           87.72        
105  R1002-D2TS344_2     344     79.24    100.00  105   N/A       N/A        -0.38     N/A        59.74    N/A           31.27    43.56    2.267    3.089    59    0    0     0     77.97  93.22  N/A         N/A          -0.31        N/A          93.22  87.496   1.60     4.66        7.8         56       1.6      1.65          0.57    77.97     0.63    0.68    0.89    0.24    0.91     86.40   4.42    79.87   70.54   0.69    247.60     5.47     90.10    0.45      0.00          3.57          0.00           80.70        
106  R1002-D2TS356_1     356     79.24    100.00  105   -0.44     N/A        -0.38     N/A        59.74    N/A           32.73    46.56    2.279    3.097    59    0    0     0     81.36  94.92  -0.10       N/A          -0.05        N/A          94.92  89.622   1.58     5.52        9.6         57       1.6      0.50          0.64    78.81     0.64    0.69    0.87    0.25    0.90     85.50   4.58    80.79   73.21   0.71    292.10     5.51     89.44    0.49      0.00          0.00          0.00           98.25        
107  R1002-D2TS270_4     270     78.81    100.00  107   N/A       N/A        -0.42     N/A        59.75    N/A           33.05    45.54    2.385    3.184    59    0    0     0     81.36  94.92  N/A         N/A          -0.05        N/A          94.92  89.384   1.68     4.66        9.4         57       1.7      1.67          0.65    80.51     0.64    0.71    0.89    0.21    0.89     83.40   4.58    79.69   74.41   0.71    287.60     5.13     N/A      0.49      0.00          3.57          3.51           78.95        
108  R1002-D2TS356_3     356     78.39    100.00  108   N/A       N/A        -0.46     N/A        58.48    N/A           32.53    45.28    2.337    3.149    59    0    0     0     81.36  94.92  N/A         N/A          -0.05        N/A          94.92  89.199   1.65     5.52        9.4         57       1.7      0.50          0.64    77.97     0.64    0.69    0.87    0.26    0.89     84.70   4.58    80.19   72.35   0.69    285.50     5.89     89.04    0.46      0.00          0.00          0.00           98.25        
109  R1002-D2TS431_2     431     77.97    100.00  109   N/A       N/A        -0.51     N/A        62.71    N/A           40.20    53.80    3.761    4.425    59    0    0     0     74.58  84.75  N/A         N/A          -0.57        N/A          84.75  81.713   1.47     3.46        7.3         49       1.5      1.14          0.62    62.71     0.64    0.63    0.77    0.38    0.88     74.00   4.25    71.16   71.76   0.71    236.10     14.47    88.69    0.45      0.00          1.79          1.75           92.98        
110  R1002-D2TS196_1     196     77.97    100.00  109   -0.58     N/A        -0.51     N/A        57.20    N/A           26.23    41.35    2.207    3.144    59    14   0     0     84.75  94.92  0.19        N/A          0.21         N/A          94.92  88.797   1.65     5.01        8.2         57       1.7      2.20          0.57    72.03     0.57    0.66    0.90    0.25    0.90     44.70   4.42    81.76   65.89   0.71    257.40     5.85     89.18    0.33      1.05          7.14          1.75           78.95        
111  R1002-D2TS359_1     359s    77.97    100.00  109   -0.58     -1.87      -0.51     -2.78      57.20    -1.91         26.23    41.35    2.207    3.144    59    14   0     0     84.75  94.92  0.19        -2.00        0.21         -2.38        94.92  88.797   1.65     5.01        8.2         57       1.7      2.20          0.57    72.03     0.57    0.66    0.90    0.25    0.90     44.70   4.42    81.76   65.89   0.71    257.40     5.85     89.18    0.33      1.05          7.14          1.75           78.95        
112  R1002-D2TS270_2     270     77.97    100.00  109   N/A       N/A        -0.51     N/A        59.32    N/A           31.27    44.34    2.392    3.123    59    0    0     0     81.36  93.22  N/A         N/A          -0.05        N/A          93.22  87.809   1.66     4.49        9.3         57       1.9      1.37          0.63    80.51     0.65    0.71    0.90    0.23    0.89     90.30   4.58    80.12   73.82   0.69    283.10     5.12     N/A      0.48      0.00          3.57          3.51           92.98        
113  R1002-D2TS217_1     217     77.54    100.00  113   -0.63     N/A        -0.55     N/A        57.63    N/A           29.74    42.17    2.503    3.116    59    0    0     0     77.97  94.92  -0.40       N/A          -0.31        N/A          94.92  86.716   1.62     5.35        7.9         57       1.8      4.25          0.45    73.73     0.57    0.68    0.86    0.29    0.90     82.80   4.42    75.94   68.21   0.69    248.90     6.73     83.56    0.40      193.51        8.93          10.53          75.44        
114  R1002-D2TS356_4     356     76.69    100.00  114   N/A       N/A        -0.64     N/A        59.74    N/A           26.49    38.82    2.51     3.328    59    0    0     0     77.97  91.53  N/A         N/A          -0.31        N/A          91.53  87.281   1.78     5.35        8.6         57       1.9      0.50          0.61    75.42     0.61    0.66    0.86    0.29    0.89     73.20   4.42    77.92   70.38   0.66    267.30     6.63     86.24    0.44      0.00          0.00          0.00           98.25        
115  R1002-D2TS195_1     195     72.88    100.00  115   -1.16     N/A        -1.02     N/A        52.54    N/A           25.32    36.13    2.811    3.566    59    0    0     0     76.27  91.53  -0.55       N/A          -0.44        N/A          91.53  78.749   2.08     5.18        7.6         57       2.3      1.23          0.57    73.73     0.59    0.63    0.83    0.30    0.87     71.20   4.42    76.08   67.63   0.62    241.00     6.97     N/A      0.41      1.05          1.79          0.00           96.49        
116  R1002-D2TS356_5     356     70.76    100.00  116   N/A       N/A        -1.24     N/A        51.27    N/A           24.97    37.87    2.77     3.665    59    0    0     0     74.58  91.53  N/A         N/A          -0.57        N/A          91.53  81.042   1.90     5.01        7.6         57       2.3      0.73          0.57    66.10     0.59    0.61    0.84    0.34    0.87     68.50   4.42    74.49   66.01   0.63    240.60     7.50     85.21    0.40      0.00          0.00          0.00           96.49        
117  R1002-D2TS208_5     208     67.37    100.00  117   N/A       N/A        -1.58     N/A        45.34    N/A           15.75    32.86    3.085    4.449    59    0    0     0     67.80  89.83  N/A         N/A          -1.09        N/A          89.83  69.956   1.91     4.84        6.1         55       2.6      1.91          0.50    53.39     0.50    0.56    0.87    0.41    0.85     45.00   3.89    76.17   60.10   0.60    204.40     6.81     89.06    0.26      0.00          5.36          7.02           68.42        
118  R1002-D2TS208_4     208     67.37    100.00  117   N/A       N/A        -1.58     N/A        48.30    N/A           21.01    31.51    4.262    5.318    59    0    0     0     61.02  79.66  N/A         N/A          -1.61        N/A          79.66  68.568   1.63     4.15        5.6         49       2.3      1.44          0.48    41.52     0.49    0.49    0.69    0.71    0.80     62.90   3.89    64.19   55.30   0.57    192.50     13.40    83.12    0.29      0.00          1.79          7.02           78.95        
119  R1002-D2TS208_1     208     67.37    100.00  117   -1.78     N/A        -1.58     N/A        48.30    N/A           21.01    31.51    4.262    5.318    59    0    0     0     61.02  79.66  -1.89       N/A          -1.61        N/A          79.66  68.568   1.63     4.15        5.6         49       2.3      1.44          0.48    41.52     0.49    0.49    0.69    0.71    0.80     62.90   3.89    64.19   55.30   0.57    192.50     13.40    83.04    0.29      0.00          1.79          7.02           78.95        
120  R1002-D2TS492_2     492     64.83    100.00  120   N/A       N/A        -1.84     N/A        44.91    N/A           22.82    31.14    3.696    4.369    59    0    0     0     52.54  77.97  N/A         N/A          -2.27        N/A          77.97  63.688   2.11     3.98        4.4         50       2.4      1.75          0.49    57.63     0.51    0.55    0.81    0.42    0.86     75.30   3.70    71.43   60.36   0.55    161.30     9.07     85.97    0.27      0.00          5.36          1.75           82.46        
121  R1002-D2TS208_3     208     62.71    100.00  121   N/A       N/A        -2.05     N/A        42.37    N/A           14.71    28.89    4.713    6.244    59    0    0     0     59.32  76.27  N/A         N/A          -1.75        N/A          76.27  65.174   2.10     3.46        0           0        N/A      1.39          0.44    32.20     0.48    0.45    0.70    0.78    0.78     16.50   3.29    60.71   51.15   0.54    N/A        18.76    82.28    0.22      0.00          0.00          5.26           63.16        
122  R1002-D2TS208_2     208     61.02    100.00  122   N/A       N/A        -2.22     N/A        40.25    N/A           16.30    26.73    4.289    5.536    59    0    0     0     57.63  83.05  N/A         N/A          -1.88        N/A          83.05  60.714   2.05     4.15        5           53       2.5      1.46          0.46    35.59     0.49    0.49    0.78    0.67    0.78     47.70   3.89    64.64   54.87   0.53    181.10     12.61    83.31    0.23      0.00          1.79          5.26           77.19        
123  R1002-D2TS492_4     492     61.02    100.00  122   N/A       N/A        -2.22     N/A        40.68    N/A           15.71    28.09    4.404    5.228    59    0    0     0     49.15  81.36  N/A         N/A          -2.53        N/A          81.36  64.535   2.40     4.32        5           52       2.5      1.75          0.47    53.39     0.49    0.50    0.75    0.48    0.80     81.50   3.50    69.00   56.99   0.52    177.40     14.95    81.39    0.24      1.05          1.79          0.00           78.95        
124  R1002-D2TS288_1     288     60.17    100.00  124   -2.59     N/A        -2.31     N/A        39.83    N/A           17.24    27.02    4.303    4.969    59    0    0     0     47.46  83.05  -3.08       N/A          -2.66        N/A          84.75  63.465   2.30     3.98        4.2         51       2.3      1.06          0.47    52.54     0.50    0.52    0.77    0.51    0.80     73.20   3.50    69.60   57.00   0.51    156.10     12.24    85.05    0.28      0.00          0.00          1.75           89.47        
125  R1002-D2TS288_2     288     56.36    100.00  125   N/A       N/A        -2.69     N/A        36.02    N/A           10.52    23.02    5.685    6.503    59    0    0     0     42.37  69.49  N/A         N/A          -3.05        N/A          69.49  57.43    2.42     3.29        3.2         50       3.3      2.03          0.42    40.68     0.47    0.47    0.72    0.60    0.80     76.70   1.99    68.73   54.12   0.45    128.80     16.18    81.43    0.21      1.05          5.36          1.75           84.21        
126  R1002-D2TS492_1     492     55.93    100.00  126   -3.07     N/A        -2.74     N/A        36.02    N/A           13.34    23.34    4.694    5.453    59    0    0     0     44.07  72.88  -3.37       N/A          -2.92        N/A          72.88  58.625   2.43     3.12        3.3         50       3        1.52          0.43    46.61     0.47    0.47    0.70    0.58    0.78     63.60   3.07    62.45   52.50   0.45    135.70     17.10    80.12    0.25      0.00          3.57          3.51           87.72        
127  R1002-D2TS492_3     492     55.51    100.00  127   N/A       N/A        -2.78     N/A        34.32    N/A           8.28     20.19    4.738    5.977    59    0    0     0     42.37  72.88  N/A         N/A          -3.05        N/A          72.88  55.862   2.25     3.80        4.1         52       3.2      1.44          0.44    40.68     0.47    0.47    0.79    0.57    0.78     65.10   2.83    71.55   56.66   0.46    153.60     11.92    84.25    0.21      0.00          1.79          3.51           78.95        
128  R1002-D2TS288_5     288     51.27    100.00  128   N/A       N/A        -3.21     N/A        34.32    N/A           13.54    24.42    8.31     9.389    59    0    0     0     49.15  61.02  N/A         N/A          -2.53        N/A          66.10  52.843   2.00     1.40        1.6         36       2.7      1.52          0.38    27.12     0.44    0.33    0.25    1.19    0.63     70.50   2.58    50.02   46.12   0.44    114.00     52.65    70.81    0.19      0.00          3.57          3.51           87.72        
129  R1002-D2TS288_4     288     50.85    100.00  129   N/A       N/A        -3.25     N/A        29.23    N/A           5.33     15.21    5.412    6.331    59    0    0     0     23.73  59.32  N/A         N/A          -4.49        N/A          61.02  45.408   2.38     2.26        1.4         44       3.1      1.79          0.39    37.29     0.45    0.44    0.66    0.72    0.76     73.40   1.64    59.36   51.36   0.36    89.30      17.29    73.60    0.19      0.00          7.14          3.51           85.96        
130  R1002-D2TS288_3     288     50.42    100.00  130   N/A       N/A        -3.29     N/A        31.78    N/A           13.41    22.22    5.972    6.855    59    0    0     0     33.90  67.80  N/A         N/A          -3.70        N/A          67.80  53.519   2.06     2.26        2.7         45       3.5      1.14          0.38    22.03     0.44    0.37    0.55    0.71    0.76     56.30   3.07    55.72   49.95   0.41    118.50     28.63    81.07    0.20      0.00          0.00          3.51           85.96        
131  R1002-D2TS492_5     492     47.03    100.00  131   N/A       N/A        -3.64     N/A        29.24    N/A           12.50    21.39    6.49     7.745    59    0    0     0     37.29  52.54  N/A         N/A          -3.44        N/A          61.02  48.528   2.25     1.23        1.6         37       3.3      1.56          0.38    22.03     0.42    0.31    0.46    1.29    0.64     83.30   2.30    49.28   48.78   0.39    75.60      23.93    69.20    0.11      0.00          3.57          1.75           85.96        

