#    Model               GR#     GDT_TS   NP_P    RANK  Z-M1-GDT  Z-M1s-GDT  Z-MA-GDT  Z-MAs-GDT  GDT_HA   Z-M1s-GDT-HA  GDC_SC   GDC_ALL  RMS_CA   RMS_ALL  NP    err  PC01  PC05  AL0_P  AL4_P  Z-M1-AL0_p  Z-M1s-AL0_p  Z-MA-AL0_p   Z-MAs-AL0_p  ALI_P  LGA_S    RMSD[L]  Z-score[M]  Z-Score[D]  Al.Res.  RMSD[D]  MolPrb_Score  LDDT    SphGr     CAD_AA  RPF     CODM    DFM     Handed.  SOV     CE      QCS     CONTS   TMscore  Dali(raw)  FlexE    QSE      CAD_SS    MolPrb_clash  MolPrb_rotout  MolPrb_ramout  MolPrb_ramfv 

1    T0978TS324_1-D1     324s    50.37    100.00  1     1.66      1.66       1.73      1.73       32.88    1.64          18.43    28.18    10.824   11.29    409   6    0     0     52.32  66.26  1.49        1.49         1.57         1.57         68.46  52.204   2.04     8.51        27          330      4.6      3.58          0.49    53.06     0.53    0.51    0.81    0.61    0.80     75.50   6.47    75.68   67.51   0.69    3228.70    13.11    84.53    0.26      29.33         18.58         6.28           84.54        
2    T0978TS324_2-D1     324s    50.12    100.00  2     N/A       N/A        1.71      1.71       32.88    N/A           19.64    28.66    11.213   11.671   409   1    0     0     51.59  64.55  N/A         N/A          1.53         1.53         65.53  50.795   1.98     7.97        27.6        338      4.4      3.70          0.50    56.36     0.52    0.53    0.79    0.56    0.80     69.10   6.70    74.50   68.47   0.70    3290.90    12.99    84.60    0.25      34.54         21.31         5.80           84.54        
3    T0978TS324_3-D1     324s    48.35    100.00  3     N/A       N/A        1.57      1.57       31.36    N/A           17.38    26.62    13.1     13.52    409   4    0     0     51.34  61.86  N/A         N/A          1.51         1.51         64.06  50.282   2.03     8.17        26.1        318      3.6      3.46          0.48    52.32     0.53    0.50    0.70    0.69    0.75     71.00   7.02    75.14   67.25   0.68    3122.90    23.83    85.41    0.25      26.05         18.03         5.56           87.92        
4    T0978TS221_1-D1     221s    48.04    100.00  4     1.47      1.47       1.54      1.54       30.68    1.38          16.49    26.47    11.232   11.765   409   4    0     0     49.39  61.61  1.31        1.31         1.39         1.39         65.53  45.754   2.17     7.97        26.9        320      3.9      3.28          0.47    54.03     0.51    0.50    0.79    0.66    0.79     68.50   5.99    73.64   66.82   0.68    3110.90    18.59    85.75    0.25      65.39         3.55          4.11           88.89        
5    T0978TS221_2-D1     221s    47.86    100.00  5     N/A       N/A        1.53      1.53       30.81    N/A           14.57    26.02    10.59    11.204   409   11   0     0     51.59  62.59  N/A         N/A          1.53         1.53         65.77  49.226   2.00     8.34        25.1        311      3.1      3.93          0.47    50.86     0.48    0.47    0.72    0.76    0.78     64.30   6.35    70.93   63.28   0.68    3037.40    20.60    86.12    0.22      195.47        4.64          6.76           84.30        
6    T0978TS368_2-D1     368s    47.43    100.00  6     N/A       N/A        1.49      1.49       32.03    N/A           17.08    27.26    13.015   13.589   409   10   0     0     49.88  59.41  N/A         N/A          1.42         1.42         63.57  51.149   1.95     7.80        26.8        298      5.7      0.90          0.44    48.04     0.52    0.46    0.62    0.92    0.76     67.20   5.73    70.27   65.37   0.65    3009.60    40.98    72.54    0.24      0.45          0.00          0.48           96.38        
7    T0978TS221_3-D1     221s    47.19    100.00  7     N/A       N/A        1.47      1.47       29.40    N/A           14.05    25.10    10.187   10.689   409   2    0     0     50.37  60.88  N/A         N/A          1.45         1.45         62.59  46.541   2.05     7.67        25.9        332      5.4      2.66          0.48    55.75     0.52    0.53    0.84    0.58    0.81     60.10   6.23    72.86   67.85   0.69    3019.10    12.54    85.30    0.24      49.89         0.82          2.66           92.03        
8    T0978TS324_4-D1     324s    46.52    100.00  8     N/A       N/A        1.42      1.42       30.07    N/A           16.26    25.60    13.568   14.036   409   3    0     0     47.92  59.66  N/A         N/A          1.30         1.30         63.33  45.938   2.17     7.88        23.9        302      3.3      3.49          0.46    50.24     0.51    0.49    0.69    0.75    0.74     72.30   6.47    73.76   65.30   0.66    2876.70    27.11    86.60    0.24      24.56         18.58         5.07           85.75        
9    T0978TS149_1-D1     149s    46.33    100.00  9     1.34      1.34       1.40      1.40       29.52    1.24          13.36    24.82    21.705   22.102   409   1    0     0     48.66  61.12  1.26        1.26         1.35         1.35         62.10  48.715   2.03     7.76        24.3        295      3.2      3.75          0.43    47.68     0.48    0.48    0.54    0.77    0.82     56.70   6.92    63.79   61.13   0.64    2923.60    72.64    86.62    0.21      139.67        7.10          2.90           91.79        
10   T0978TS124_2-D1     124s    45.42    100.00  10    N/A       N/A        1.33      1.33       26.04    N/A           11.26    18.22    9.177    9.926    409   0    0     0     38.14  63.08  N/A         N/A          0.71         0.71         64.06  41.713   2.47     7.63        21.3        355      4.4      3.33          0.44    50.86     0.50    0.49    0.81    0.72    0.79     60.40   6.47    78.52   66.59   0.69    2592.40    18.16    68.19    0.21      126.99        3.01          1.93           93.96        
11   T0978TS261_3-D1     261s    45.35    100.00  11    N/A       N/A        1.33      1.33       28.79    N/A           14.88    24.34    11.779   12.286   409   1    0     0     48.90  61.12  N/A         N/A          1.36         1.36         65.77  47.773   2.14     8.42        24.9        317      5.4      3.67          0.43    44.13     0.48    0.43    0.66    0.83    0.75     65.50   6.81    66.96   66.41   0.66    3004.60    19.16    73.74    0.20      24.87         20.22         9.66           75.60        
12   T0978TS221_4-D1     221s    45.29    100.00  12    N/A       N/A        1.32      1.32       29.46    N/A           15.78    25.14    13.692   14.157   409   3    0     0     47.92  59.17  N/A         N/A          1.30         1.30         65.53  46.226   2.06     8.38        24.6        304      3.5      2.91          0.45    48.66     0.50    0.47    0.77    0.68    0.74     61.60   6.70    72.94   64.07   0.65    2961.50    23.29    86.96    0.22      51.39         2.19          2.42           92.51        
13   T0978TS145_5-D1     145s    44.19    100.00  13    N/A       N/A        1.23      1.23       27.81    N/A           12.84    22.44    10.195   10.701   409   0    0     0     45.72  55.50  N/A         N/A          1.17         1.17         62.84  45.184   2.19     7.63        24.1        303      3.6      4.37          0.43    48.04     0.47    0.44    0.63    0.89    0.79     58.90   6.92    70.10   65.83   0.65    2902.60    13.44    85.87    0.19      88.47         25.14         14.25          63.29        
14   T0978TS149_3-D1     149s    43.95    100.00  14    N/A       N/A        1.21      1.21       28.91    N/A           13.39    23.57    11.557   12.334   409   4    0     0     44.74  56.97  N/A         N/A          1.11         1.11         65.53  46.796   2.09     8.42        24.6        314      4.3      3.93          0.43    42.91     0.45    0.44    0.68    0.85    0.75     60.70   6.81    67.19   59.11   0.62    2960.10    27.77    83.48    0.18      154.75        7.65          5.56           87.68        
15   T0978TS368_5-D1     368s    43.15    100.00  15    N/A       N/A        1.15      1.15       29.04    N/A           14.79    23.48    17.849   18.393   409   4    0     0     43.28  53.30  N/A         N/A          1.02         1.02         56.97  42.689   2.01     6.96        23.6        307      15.8     1.02          0.43    47.43     0.52    0.47    0.58    1.03    0.64     67.00   7.02    65.70   65.42   0.57    2773.80    38.78    65.55    0.24      1.19          0.00          0.72           96.86        
16   T0978TS368_3-D1     368s    42.91    100.00  16    N/A       N/A        1.13      1.13       29.16    N/A           15.82    24.13    15.276   15.808   409   5    0     0     44.01  54.52  N/A         N/A          1.07         1.07         58.44  43.231   2.04     6.76        23.3        284      7.3      1.02          0.42    46.09     0.52    0.46    0.56    0.98    0.70     64.70   6.81    65.17   63.80   0.59    2653.60    48.42    65.99    0.24      1.19          0.27          0.72           96.86        
17   T0978TS149_2-D1     149s    42.79    100.00  17    N/A       N/A        1.12      1.12       27.93    N/A           13.34    23.21    11.293   11.942   409   5    0     0     46.94  55.75  N/A         N/A          1.24         1.24         63.57  46.505   2.05     7.92        23.5        307      4.3      3.58          0.43    43.89     0.46    0.44    0.69    0.88    0.75     58.60   6.35    66.75   59.93   0.62    2835.70    29.82    85.10    0.19      158.92        3.01          3.62           89.61        
18   T0978TS221_5-D1     221s    42.60    100.00  18    N/A       N/A        1.10      1.10       27.14    N/A           15.38    22.55    11.13    11.837   409   2    0     0     45.72  58.19  N/A         N/A          1.17         1.17         61.61  42.345   2.23     7.67        22.5        297      3.8      2.60          0.44    45.97     0.50    0.46    0.76    0.74    0.77     71.50   6.11    71.43   63.25   0.63    2721.00    23.76    87.24    0.22      54.36         1.09          1.45           94.69        
19   T0978TS266_3-D1     266s    41.69    100.00  19    N/A       N/A        1.03      1.03       26.29    N/A           12.67    21.73    15.788   16.384   409   1    0     0     41.56  55.01  N/A         N/A          0.92         0.92         61.12  46.08    2.06     7.59        22          308      4        3.51          0.39    37.77     0.45    0.40    0.49    1.12    0.70     48.50   6.35    58.50   55.70   0.62    2654.10    69.95    N/A      0.18      124.63        4.37          1.93           92.51        
20   T0978TS266_1-D1     266s    41.44    100.00  20    0.94      0.94       1.01      1.01       25.06    0.71          11.45    21.09    14.044   14.849   409   7    0     0     41.56  56.72  0.83        0.83         0.92         0.92         62.59  39.854   2.16     7.59        21.6        312      4        3.38          0.38    37.16     0.45    0.39    0.48    1.13    0.73     53.20   6.23    58.80   55.25   0.63    2632.70    72.47    N/A      0.17      103.04        3.55          1.45           92.03        
21   T0978TS266_4-D1     266s    41.32    100.00  21    N/A       N/A        1.00      1.00       25.86    N/A           12.61    21.36    15.38    16.114   409   4    0     0     40.83  57.46  N/A         N/A          0.88         0.88         63.81  44.037   2.16     7.59        21.7        303      3.6      3.34          0.38    36.43     0.45    0.39    0.45    1.16    0.71     54.40   6.23    59.76   54.99   0.62    2635.20    95.57    N/A      0.18      101.55        3.01          2.66           91.55        
22   T0978TS266_2-D1     266s    41.20    100.00  22    N/A       N/A        0.99      0.99       25.98    N/A           13.17    21.58    16.736   17.501   409   5    0     0     37.41  55.50  N/A         N/A          0.67         0.67         61.12  42.9     2.23     7.63        21.2        294      3.5      3.50          0.38    35.09     0.45    0.38    0.44    1.15    0.71     50.80   5.46    59.40   54.62   0.60    2587.60    88.19    N/A      0.17      123.59        3.55          2.66           90.82        
23   T0978TS368_1-D1     368s    41.20    100.00  22    0.92      0.92       0.99      0.99       28.55    1.13          17.71    26.02    15.93    16.454   409   6    0     0     43.52  51.59  0.95        0.95         1.04         1.04         61.12  50.44    1.97     7.63        24          278      3.5      1.31          0.42    46.58     0.52    0.45    0.44    1.02    0.69     64.90   6.70    62.52   62.91   0.56    2708.30    89.42    72.62    0.25      1.94          0.00          0.72           94.93        
24   T0978TS441_2-D1     441s    41.02    100.00  24    N/A       N/A        0.98      0.98       25.98    N/A           13.36    21.88    16.472   17.277   409   8    0     0     39.61  55.99  N/A         N/A          0.80         0.80         60.88  46.51    1.98     7.63        21.6        291      3.2      4.04          0.38    37.77     0.45    0.39    0.42    1.02    0.70     49.70   6.58    60.84   54.99   0.60    2623.60    70.07    66.39    0.18      155.82        10.11         6.04           86.96        
25   T0978TS337_4-D1     337s    41.02    100.00  24    N/A       N/A        0.98      0.98       25.98    N/A           13.36    21.88    16.472   17.277   409   8    0     0     39.61  55.99  N/A         N/A          0.80         0.80         60.88  46.51    1.98     7.63        21.6        291      3.2      4.04          0.38    37.77     0.45    0.39    0.42    1.02    0.70     49.70   6.58    60.84   54.99   0.60    2623.60    70.07    66.39    0.18      155.82        10.11         6.04           86.96        
26   T0978TS368_4-D1     368s    40.83    100.00  26    N/A       N/A        0.96      0.96       27.45    N/A           15.60    23.70    17.678   18.223   409   10   0     0     43.03  52.32  N/A         N/A          1.01         1.01         56.72  44.513   2.05     6.96        21.5        217      2.7      1.04          0.43    47.80     0.53    0.48    0.47    0.89    0.72     69.90   6.58    68.54   65.72   0.56    2047.70    114.08   70.57    0.24      1.04          0.00          0.48           96.38        
27   T0978TS004_2-D1     004s    40.71    100.00  27    N/A       N/A        0.95      0.95       27.20    N/A           15.11    23.20    15.975   16.488   409   2    0     0     44.25  52.32  N/A         N/A          1.08         1.08         62.10  48.288   2.01     7.42        26.2        298      3.4      1.65          0.40    43.28     0.50    0.41    0.41    1.11    0.69     58.70   6.70    61.44   60.90   0.56    2958.30    73.79    59.38    0.21      0.74          4.64          0.97           93.96        
28   T0978TS266_5-D1     266s    40.65    100.00  28    N/A       N/A        0.95      0.95       25.49    N/A           12.68    21.36    15.947   16.567   409   3    0     0     40.83  55.01  N/A         N/A          0.88         0.88         62.10  43.759   2.10     7.55        20.7        295      3.3      3.45          0.38    34.84     0.44    0.37    0.45    1.17    0.69     51.70   6.47    56.69   54.08   0.61    2534.80    77.67    N/A      0.17      122.69        3.55          2.90           92.27        
29   T0978TS498_3-D1     498s    40.10    100.00  29    N/A       N/A        0.90      0.90       24.27    N/A           13.27    18.91    15.226   15.747   409   9    0     0     38.39  53.30  N/A         N/A          0.73         0.73         57.21  37.406   2.43     7.05        19.7        297      3.7      3.92          0.42    46.58     0.49    0.46    0.62    0.81    0.71     80.00   6.23    69.38   60.96   0.59    2417.50    25.63    88.22    0.21      50.92         20.77         7.73           79.47        
30   T0978TS498_2-D1     498s    39.73    100.00  30    N/A       N/A        0.87      0.87       25.12    N/A           13.74    19.79    13.872   14.434   409   8    0     0     41.08  51.34  N/A         N/A          0.89         0.89         53.06  37.713   2.29     6.13        19          282      6.2      3.93          0.43    48.66     0.49    0.46    0.63    0.91    0.71     73.30   6.81    69.06   60.72   0.58    2212.70    23.89    87.19    0.21      52.71         21.31         7.49           80.92        
31   T0978TS156_2-D1     156s    39.61    100.00  31    N/A       N/A        0.86      0.86       26.59    N/A           16.33    23.34    15.927   16.533   409   0    0     0     42.54  51.34  N/A         N/A          0.98         0.98         55.26  42.458   2.05     6.55        23.2        212      2.9      1.26          0.41    41.93     0.51    0.42    0.52    1.09    0.69     62.40   6.58    61.33   61.78   0.56    2086.80    65.15    67.01    0.23      0.89          0.00          0.72           92.03        
32   T0978TS004_1-D1     004s    39.36    100.00  32    0.77      0.77       0.84      0.84       25.79    0.80          13.85    20.51    15.808   16.333   409   2    0     0     43.03  50.86  0.92        0.92         1.01         1.01         60.64  43.465   2.30     7.34        24.5        293      3.6      1.10          0.39    42.91     0.49    0.40    0.43    1.10    0.68     55.80   6.70    60.76   59.32   0.55    2771.20    69.18    57.59    0.18      0.00          3.01          0.24           96.38        
33   T0978TS164_1-D1     164s    39.18    100.00  33    0.76      0.76       0.83      0.83       26.04    0.83          14.49    22.74    17.213   17.778   409   0    0     0     42.05  49.39  0.86        0.86         0.95         0.95         60.88  46.311   2.12     7.97        24.3        300      3.3      3.17          0.35    38.63     0.49    0.42    0.51    1.17    0.62     56.80   6.47    58.61   61.00   0.56    2756.90    62.35    68.44    0.19      98.38         1.37          3.38           87.44        
34   T0978TS149_5-D1     149s    39.12    100.00  34    N/A       N/A        0.83      0.83       25.31    N/A           11.99    21.25    12.7     13.292   409   18   0     0     39.61  51.83  N/A         N/A          0.80         0.80         55.75  42.709   2.01     6.21        18.5        248      4.8      4.42          0.31    42.54     0.44    0.44    0.51    1.00    0.71     80.30   6.81    65.51   63.68   0.58    2270.90    23.93    73.57    0.17      344.26        14.75         2.90           90.34        
35   T0978TS156_4-D1     156s    39.12    100.00  34    N/A       N/A        0.83      0.83       26.83    N/A           15.74    23.01    19.191   19.691   409   0    0     0     40.83  49.14  N/A         N/A          0.88         0.88         54.52  41.068   2.02     6.34        22.3        257      4.7      1.10          0.40    40.83     0.51    0.41    0.43    1.20    0.73     59.50   6.58    59.15   61.48   0.54    2357.10    108.54   67.23    0.23      0.30          0.27          0.72           91.79        
36   T0978TS124_3-D1     124s    38.94    100.00  36    N/A       N/A        0.81      0.81       23.41    N/A           9.46     18.05    11.269   11.827   409   0    0     0     35.21  48.90  N/A         N/A          0.54         0.54         52.81  35.814   2.26     5.50        17.5        319      6.4      3.40          0.41    45.72     0.48    0.45    0.72    0.79    0.77     65.90   6.70    74.85   63.26   0.58    2165.10    28.78    58.32    0.18      122.23        3.55          2.42           93.24        
37   T0978TS498_4-D1     498s    38.88    100.00  37    N/A       N/A        0.81      0.81       24.21    N/A           13.26    19.70    14.109   14.687   409   9    0     0     38.39  49.14  N/A         N/A          0.73         0.73         51.59  37.187   2.25     5.75        19.4        214      3.5      3.72          0.42    47.80     0.50    0.45    0.69    0.91    0.71     81.70   7.02    66.44   60.07   0.59    1803.20    24.49    87.98    0.22      34.09         20.22         7.73           81.64        
38   T0978TS156_3-D1     156s    38.63    100.00  38    N/A       N/A        0.79      0.79       26.41    N/A           15.42    22.63    14.958   15.54    409   0    0     0     41.32  49.39  N/A         N/A          0.91         0.91         54.77  40.935   1.99     6.34        22.2        207      2.6      1.10          0.40    40.95     0.50    0.41    0.54    1.07    0.69     55.00   7.02    61.86   61.25   0.54    1991.50    54.05    64.50    0.22      0.30          0.00          0.97           92.03        
39   T0978TS156_1-D1     156s    38.51    100.00  39    0.70      0.70       0.78      0.78       26.28    0.86          15.71    22.94    13.605   14.22    409   0    0     0     40.10  48.66  0.74        0.74         0.83         0.83         53.79  40.89    1.99     6.42        22.4        215      3.2      1.14          0.40    40.10     0.51    0.41    0.57    0.98    0.69     61.00   6.35    62.02   60.87   0.54    2051.60    48.08    65.44    0.22      0.30          0.00          1.45           90.82        
40   T0978TS145_2-D1     145s    38.45    100.00  40    N/A       N/A        0.77      0.77       25.49    N/A           13.70    20.96    14.905   15.405   409   0    0     0     39.85  47.43  N/A         N/A          0.82         0.82         52.32  43.319   2.01     6.05        20.4        307      11.9     3.26          0.46    55.13     0.52    0.51    0.68    0.68    0.66     62.30   6.81    69.16   68.54   0.55    2439.70    26.50    75.06    0.24      9.98          16.67         12.32          73.19        
41   T0978TS498_5-D1     498s    38.33    100.00  41    N/A       N/A        0.76      0.76       23.78    N/A           13.16    19.86    14.278   15.007   409   10   0     0     40.10  49.14  N/A         N/A          0.83         0.83         52.08  37.391   2.19     5.75        19.4        222      3.2      4.10          0.42    44.99     0.48    0.44    0.64    0.91    0.73     79.20   7.02    66.26   59.78   0.59    1905.70    22.00    87.70    0.20      60.00         24.04         9.90           74.15        
42   T0978TS261_2-D1     261s    38.33    100.00  41    N/A       N/A        0.76      0.76       24.09    N/A           12.35    19.91    14.17    14.582   409   1    0     0     40.10  48.17  N/A         N/A          0.83         0.83         64.30  44.454   2.20     7.84        23.4        293      2.9      4.36          0.41    41.08     0.45    0.39    0.54    1.17    0.66     55.40   6.23    63.04   63.16   0.57    2828.90    18.78    76.78    0.17      86.52         28.96         12.08          69.32        
43   T0978TS261_4-D1     261s    38.33    100.00  41    N/A       N/A        0.76      0.76       24.45    N/A           11.78    20.45    12.232   12.667   409   0    0     0     39.12  48.17  N/A         N/A          0.77         0.77         52.08  40.39    2.01     5.75        19.9        309      8.2      3.35          0.45    54.52     0.51    0.51    0.68    0.67    0.73     63.80   6.92    70.14   68.37   0.57    2310.70    19.75    69.89    0.23      12.66         18.03         8.45           75.60        
44   T0978TS124_5-D1     124s    38.26    100.00  44    N/A       N/A        0.76      0.76       22.80    N/A           8.97     16.48    9.634    10.155   409   0    0     0     33.99  48.41  N/A         N/A          0.46         0.46         50.61  36.187   2.32     5.63        18.9        331      6.7      3.33          0.43    49.02     0.49    0.47    0.78    0.64    0.79     62.70   6.11    76.18   64.52   0.61    2323.60    18.10    60.26    0.20      116.72        3.55          1.93           94.44        
45   T0978TS156_5-D1     156s    38.20    100.00  45    N/A       N/A        0.75      0.75       25.85    N/A           15.15    22.39    20.223   20.709   409   0    0     0     40.10  49.14  N/A         N/A          0.83         0.83         54.03  41.459   2.00     6.46        22          249      3.9      1.11          0.40    40.95     0.51    0.42    0.41    1.21    0.74     57.40   7.02    60.04   61.49   0.54    2344.40    124.15   67.42    0.23      0.30          0.00          0.48           91.55        
46   T0978TS124_1-D1     124s    38.02    100.00  46    0.66      0.66       0.74      0.74       24.20    0.61          9.39     18.57    10.67    11.319   409   0    0     0     36.43  47.92  0.52        0.52         0.61         0.61         51.83  39.615   2.11     5.55        17.9        313      7.4      3.52          0.42    47.07     0.48    0.45    0.78    0.77    0.73     64.00   5.46    74.61   63.56   0.58    2212.00    16.29    58.73    0.18      135.03        3.83          2.66           92.03        
47   T0978TS498_1-D1     498s    37.96    100.00  47    0.66      0.66       0.73      0.73       23.71    0.55          13.09    19.35    13.828   14.348   409   8    0     0     37.90  49.39  0.61        0.61         0.70         0.70         51.34  36.369   2.26     5.88        19.2        269      4        3.84          0.42    45.97     0.48    0.44    0.68    0.89    0.72     79.50   6.35    67.95   59.36   0.57    2219.90    25.28    87.80    0.21      39.60         20.22         7.25           76.81        
48   T0978TS145_1-D1     145s    37.16    100.00  48    0.59      0.59       0.67      0.67       24.51    0.65          11.95    20.30    17.907   18.196   409   0    0     0     40.34  48.66  0.76        0.76         0.85         0.85         55.99  42.183   2.17     6.42        22.4        323      14.7     3.07          0.44    53.30     0.52    0.49    0.57    0.73    0.62     56.40   6.81    63.36   69.78   0.53    2448.80    41.52    70.95    0.23      7.15          16.12         7.73           77.78        
49   T0978TS261_1-D1     261s    37.04    100.00  49    0.58      0.58       0.66      0.66       24.51    0.65          11.63    20.63    17.574   17.846   409   0    0     0     39.85  47.68  0.73        0.73         0.82         0.82         54.28  42.767   2.08     6.30        22.3        257      3.4      3.29          0.44    51.34     0.51    0.48    0.53    0.83    0.62     66.00   6.70    63.27   69.48   0.53    2387.00    32.75    66.66    0.22      12.66         15.57         8.45           77.05        
50   T0978TS149_4-D1     149s    36.49    100.00  50    N/A       N/A        0.61      0.61       24.64    N/A           11.01    20.04    16.717   17.338   409   9    0     0     40.34  46.94  N/A         N/A          0.85         0.85         47.43  38.778   1.96     5.30        20.7        236      4.8      4.31          0.31    42.91     0.44    0.45    0.52    1.00    0.60     80.10   6.47    64.96   64.10   0.51    2070.80    30.05    73.85    0.17      302.26        12.57         4.83           90.10        
51   T0978TS004_3-D1     004s    35.94    100.00  51    N/A       N/A        0.57      0.57       23.29    N/A           13.40    19.83    17.671   18.221   409   2    0     0     36.43  46.94  N/A         N/A          0.61         0.61         61.61  42.217   2.18     7.84        22.5        296      3.2      1.62          0.37    34.72     0.47    0.36    0.45    1.09    0.65     50.80   6.92    58.56   58.05   0.53    2727.90    75.84    56.20    0.17      0.45          4.64          0.97           92.75        
52   T0978TS124_4-D1     124s    35.94    100.00  51    N/A       N/A        0.57      0.57       22.37    N/A           9.40     18.14    10.736   11.355   409   0    0     0     31.78  44.74  N/A         N/A          0.33         0.33         49.88  34.52    2.21     4.84        17.5        329      7.9      3.23          0.41    44.99     0.48    0.44    0.75    0.71    0.74     75.30   5.73    76.76   63.18   0.56    2167.00    20.23    55.39    0.18      131.16        2.73          1.69           95.41        
53   T0978TS058_3-D1     058s    35.58    100.00  53    N/A       N/A        0.54      0.54       23.78    N/A           11.75    19.23    18.941   19.548   409   3    0     0     34.96  44.50  N/A         N/A          0.52         0.52         62.10  41.879   2.27     7.76        24.6        285      2.8      3.40          0.37    33.01     0.47    0.38    0.38    1.32    0.60     54.40   6.58    54.26   58.13   0.50    2795.80    75.65    62.06    0.19      131.01        2.19          3.86           89.61        
54   T0978TS160_3-D1     160s    35.58    100.00  53    N/A       N/A        0.54      0.54       23.59    N/A           13.23    20.09    15.667   16.09    409   0    0     0     36.67  45.97  N/A         N/A          0.62         0.62         65.28  45.473   2.24     8.30        24.1        298      2.9      3.24          0.32    35.09     0.46    0.35    0.46    1.31    0.63     49.40   6.23    56.92   55.98   0.52    2901.50    59.60    77.51    0.17      99.91         1.37          4.83           84.30        
55   T0978TS023_4-D1     023s    35.58    100.00  53    N/A       N/A        0.54      0.54       23.72    N/A           10.51    18.75    17.948   18.44    409   6    0     0     33.50  44.01  N/A         N/A          0.43         0.43         61.86  41.145   2.21     7.76        23          290      3.1      3.75          0.36    34.23     0.45    0.35    0.39    1.37    0.60     60.40   6.47    54.07   56.69   0.50    2779.90    68.17    64.98    0.17      177.76        4.37          2.90           89.86        
56   T0978TS058_4-D1     058s    35.51    100.00  56    N/A       N/A        0.54      0.54       23.77    N/A           12.03    19.06    18.929   19.505   409   4    0     0     35.21  44.25  N/A         N/A          0.54         0.54         61.12  41.417   2.22     7.84        24.7        286      2.9      3.38          0.37    33.25     0.47    0.37    0.38    1.32    0.60     59.20   6.58    54.14   58.13   0.50    2797.40    74.84    62.11    0.18      124.46        2.46          3.38           90.82        
57   T0978TS160_1-D1     160s    35.45    100.00  57    0.46      0.46       0.53      0.53       23.78    0.56          12.46    19.22    16.058   16.462   409   0    0     0     36.43  44.99  0.52        0.52         0.61         0.61         63.33  44.838   2.11     7.97        23.7        297      3        3.33          0.33    31.66     0.45    0.33    0.49    1.29    0.61     53.50   6.70    58.55   55.86   0.52    2868.00    44.96    72.85    0.16      99.33         2.19          4.11           87.68        
58   T0978TS243_4-D1     243s    35.45    100.00  57    N/A       N/A        0.53      0.53       23.66    N/A           12.12    18.87    18.823   19.413   409   6    0     0     33.74  44.74  N/A         N/A          0.45         0.45         61.86  40.843   2.21     7.84        24.3        290      3.2      3.42          0.37    34.11     0.47    0.37    0.38    1.32    0.60     63.30   6.47    54.11   57.79   0.50    2768.90    82.33    63.70    0.18      132.95        2.19          3.62           88.89        
59   T0978TS023_3-D1     023s    35.45    100.00  57    N/A       N/A        0.53      0.53       23.66    N/A           11.77    19.18    18.452   18.941   409   2    0     0     36.43  45.48  N/A         N/A          0.61         0.61         62.10  41.451   2.16     7.84        23          287      2.9      3.54          0.37    33.98     0.47    0.38    0.38    1.33    0.60     61.10   6.70    54.12   58.13   0.50    2782.00    70.91    64.85    0.18      155.28        3.01          3.62           90.82        
60   T0978TS243_5-D1     243s    35.39    100.00  60    N/A       N/A        0.53      0.53       23.66    N/A           11.96    19.32    19.133   19.733   409   5    0     0     33.74  44.25  N/A         N/A          0.45         0.45         62.59  41.521   2.16     7.67        24.5        287      2.9      3.21          0.35    33.37     0.47    0.37    0.38    1.30    0.60     64.50   6.70    54.05   58.04   0.50    2780.70    78.51    62.77    0.19      163.02        0.27          1.93           90.34        
61   T0978TS164_2-D1     164s    35.33    100.00  61    N/A       N/A        0.52      0.52       22.68    N/A           12.04    19.55    13.767   14.297   409   0    0     0     35.94  46.21  N/A         N/A          0.58         0.58         63.81  44.237   2.20     8.05        22.2        298      3        3.29          0.34    33.62     0.46    0.35    0.49    1.26    0.67     52.80   6.81    57.83   56.81   0.52    2694.40    55.86    80.19    0.16      110.95        1.37          4.59           83.82        
62   T0978TS145_4-D1     145s    35.33    100.00  61    N/A       N/A        0.52      0.52       21.88    N/A           12.21    18.42    14.312   14.81    409   0    0     0     37.65  45.97  N/A         N/A          0.68         0.68         63.57  44.496   2.22     7.72        22.9        295      3        4.42          0.39    37.90     0.45    0.38    0.55    1.21    0.65     63.20   6.23    60.98   61.18   0.55    2775.00    19.91    74.69    0.16      96.78         26.23         15.94          63.04        
63   T0978TS243_2-D1     243s    35.33    100.00  61    N/A       N/A        0.52      0.52       23.53    N/A           12.24    19.31    18.624   19.184   409   2    0     0     34.96  45.23  N/A         N/A          0.52         0.52         62.35  41.739   2.18     7.67        24.4        286      2.9      3.33          0.37    32.27     0.47    0.37    0.39    1.31    0.60     65.30   6.58    53.95   58.17   0.50    2771.70    72.65    62.92    0.18      139.65        1.91          4.11           91.30        
64   T0978TS058_2-D1     058s    35.27    100.00  64    N/A       N/A        0.52      0.52       23.35    N/A           11.94    18.75    17.718   18.242   409   8    0     0     34.47  44.99  N/A         N/A          0.49         0.49         61.61  41.693   2.22     7.63        23.1        289      2.9      3.86          0.37    34.23     0.46    0.36    0.36    1.38    0.61     56.00   6.70    53.49   58.00   0.51    2789.20    63.51    64.62    0.17      187.58        5.19          4.11           88.41        
65   T0978TS116_1-D1     116s    35.21    100.00  65    0.44      0.44       0.51      0.51       23.23    0.50          11.69    19.22    17.098   17.623   409   8    0     0     37.16  44.01  0.57        0.57         0.65         0.65         61.61  44.784   2.00     7.34        22.9        284      3.1      3.64          0.34    29.22     0.45    0.32    0.37    1.47    0.61     52.00   6.47    51.79   53.62   0.51    2766.40    84.90    62.80    0.15      130.56        4.64          3.14           89.61        
66   T0978TS058_1-D1     058s    35.09    100.00  66    0.43      0.43       0.50      0.50       23.47    0.53          10.44    18.64    18.67    19.148   409   4    0     0     34.23  44.50  0.39        0.39         0.48         0.48         61.86  41.602   2.19     7.76        24.3        286      2.9      3.60          0.37    33.01     0.46    0.37    0.37    1.34    0.60     64.30   6.70    53.77   57.71   0.50    2766.00    78.16    63.72    0.18      152.45        4.10          1.93           91.79        
67   T0978TS243_1-D1     243s    35.02    100.00  67    0.42      0.42       0.50      0.50       23.23    0.50          11.66    18.92    18.283   18.821   409   6    0     0     34.72  45.48  0.42        0.42         0.51         0.51         62.59  43.54    2.21     7.59        23          289      3        3.63          0.37    34.11     0.47    0.38    0.38    1.37    0.60     55.90   6.58    54.15   57.84   0.50    2788.60    71.05    64.02    0.18      147.54        4.37          3.14           91.06        
68   T0978TS023_1-D1     023s    34.96    100.00  68    0.42      0.42       0.49      0.49       23.11    0.48          11.72    18.94    17.934   18.456   409   6    0     0     35.21  45.72  0.45        0.45         0.54         0.54         63.08  41.859   2.23     7.63        24.5        290      3        3.38          0.36    33.62     0.46    0.36    0.39    1.39    0.60     53.00   6.70    52.46   56.23   0.50    2780.00    69.09    64.27    0.17      150.36        2.19          2.90           92.03        
69   T0978TS023_2-D1     023s    34.90    100.00  69    N/A       N/A        0.49      0.49       23.11    N/A           10.96    18.50    18.365   18.883   409   6    0     0     34.96  44.01  N/A         N/A          0.52         0.52         61.37  41.472   2.16     7.67        24.3        285      2.9      3.64          0.36    32.40     0.46    0.35    0.39    1.36    0.60     62.00   6.47    53.22   56.27   0.50    2754.10    69.93    64.00    0.17      160.93        4.10          2.66           91.30        
70   T0978TS337_5-D1     337s    34.84    100.00  70    N/A       N/A        0.48      0.48       23.41    N/A           10.32    18.77    34.629   35.734   409   9    0     0     35.70  44.25  N/A         N/A          0.57         0.57         60.64  44.158   2.09     7.17        21.5        281      3        3.68          0.33    31.91     0.43    0.33    0.16    1.47    0.62     53.00   6.70    52.24   53.26   0.50    2619.80    476.58   63.33    0.14      144.11        4.37          3.62           89.13        
71   T0978TS441_3-D1     441s    34.84    100.00  70    N/A       N/A        0.48      0.48       23.41    N/A           10.32    18.77    34.629   35.734   409   9    0     0     35.70  44.25  N/A         N/A          0.57         0.57         60.64  44.158   2.09     7.17        21.5        281      3        3.68          0.33    31.91     0.43    0.33    0.16    1.47    0.62     53.00   6.70    52.24   53.26   0.50    2619.80    476.58   63.33    0.14      144.11        4.37          3.62           89.13        
72   T0978TS243_3-D1     243s    34.84    100.00  70    N/A       N/A        0.48      0.48       23.35    N/A           11.47    19.05    17.699   18.201   409   11   0     0     36.19  45.72  N/A         N/A          0.60         0.60         62.35  40.701   2.12     7.59        23          287      2.9      3.92          0.37    34.11     0.46    0.36    0.33    1.39    0.59     67.00   6.47    53.65   57.42   0.50    2778.90    56.19    65.48    0.18      232.69        5.46          2.42           90.58        
73   T0978TS058_5-D1     058s    34.84    100.00  70    N/A       N/A        0.48      0.48       23.47    N/A           11.79    18.96    17.651   18.171   409   16   0     0     33.99  44.50  N/A         N/A          0.46         0.46         61.61  42.892   2.18     7.67        22.8        286      3        3.88          0.37    34.84     0.46    0.36    0.35    1.44    0.60     57.30   6.47    53.40   56.98   0.51    2766.00    50.64    65.24    0.18      215.57        4.37          3.14           87.68        
74   T0978TS023_5-D1     023s    34.72    100.00  74    N/A       N/A        0.47      0.47       22.92    N/A           11.17    18.93    16.43    16.917   409   9    0     0     33.74  44.74  N/A         N/A          0.45         0.45         62.10  43.271   2.19     7.72        22.9        286      3        4.00          0.36    34.11     0.45    0.35    0.39    1.45    0.61     59.40   6.47    53.58   55.97   0.50    2775.50    65.17    65.74    0.17      210.36        6.83          2.90           88.65        
75   T0978TS110_1-D1     110s    34.66    100.00  75    0.39      0.39       0.47      0.47       22.43    0.40          12.67    19.72    17.875   18.545   409   54   0     0     35.94  43.77  0.49        0.49         0.58         0.58         59.90  43.571   2.17     7.26        21.7        270      2.8      3.68          0.23    33.01     0.43    0.35    0.20    1.25    0.62     46.10   6.23    54.52   56.77   0.50    2490.40    73.93    N/A      0.15      301.17        0.82          10.39          78.99        
76   T0978TS246_2-D1     246s    34.60    100.00  76    N/A       N/A        0.46      0.46       23.11    N/A           12.88    19.88    16.74    17.174   409   0    0     0     36.67  43.28  N/A         N/A          0.62         0.62         60.64  44.719   2.11     7.72        21.9        289      3        3.61          0.32    32.03     0.44    0.32    0.47    1.46    0.59     51.40   6.70    55.43   54.67   0.50    2659.60    53.97    78.94    0.15      93.66         4.37          5.80           83.33        
77   T0978TS110_4-D1     110s    34.53    100.00  77    N/A       N/A        0.46      0.46       22.68    N/A           12.58    19.40    16.599   17.156   409   17   0     0     35.70  44.01  N/A         N/A          0.57         0.57         59.41  43.875   2.14     7.13        20          272      3.1      3.80          0.24    33.62     0.43    0.34    0.41    1.37    0.59     47.10   6.47    53.58   55.88   0.50    2455.00    65.99    N/A      0.15      339.33        1.09          13.59          75.49        
78   T0978TS110_2-D1     110s    34.41    100.00  78    N/A       N/A        0.45      0.45       22.80    N/A           11.81    18.75    19.549   20.139   409   14   0     0     34.72  42.79  N/A         N/A          0.51         0.51         57.70  42.759   2.19     7.01        18.9        263      2.8      3.60          0.24    32.03     0.45    0.36    0.38    1.31    0.60     51.80   6.47    53.84   55.23   0.49    2320.60    117.87   N/A      0.16      238.54        0.00          9.71           77.67        
79   T0978TS441_1-D1     441s    34.23    100.00  79    0.36      0.36       0.43      0.43       23.05    0.48          11.17    18.73    35.5     36.515   409   4    0     0     35.21  42.05  0.45        0.45         0.54         0.54         61.12  44.303   2.10     7.67        22.6        285      2.9      3.73          0.33    31.66     0.43    0.33    0.16    1.42    0.62     54.20   6.70    50.27   52.97   0.49    2737.30    480.80   64.47    0.14      138.75        6.28          2.66           90.82        
80   T0978TS337_1-D1     337s    34.23    100.00  79    0.36      0.36       0.43      0.43       23.05    0.48          11.17    18.73    35.5     36.515   409   4    0     0     35.21  42.05  0.45        0.45         0.54         0.54         61.12  44.303   2.10     7.67        22.6        285      2.9      3.73          0.33    31.66     0.43    0.33    0.16    1.42    0.62     54.20   6.70    50.27   52.97   0.49    2737.30    480.80   64.47    0.14      138.75        6.28          2.66           90.82        
81   T0978TS337_3-D1     337s    34.17    100.00  81    N/A       N/A        0.43      0.43       23.17    N/A           11.88    19.17    35.077   36.119   409   6    0     0     35.70  43.28  N/A         N/A          0.57         0.57         61.37  44.742   2.09     7.55        22.6        284      2.9      3.62          0.33    29.71     0.43    0.32    0.15    1.39    0.62     54.00   6.11    50.05   52.13   0.49    2737.60    481.80   64.12    0.13      141.58        4.64          3.86           91.55        
82   T0978TS488_4-D1     488s    34.11    100.00  82    N/A       N/A        0.42      0.42       23.35    N/A           13.41    20.82    16.896   17.612   409   5    0     0     38.14  42.79  N/A         N/A          0.71         0.71         60.15  42.728   2.06     7.38        20.5        282      4        1.04          0.34    34.23     0.46    0.34    0.41    1.34    0.61     45.30   6.23    50.99   54.56   0.49    2502.30    80.38    N/A      0.18      1.64          0.00          0.24           97.34        
83   T0978TS337_2-D1     337s    33.98    100.00  83    N/A       N/A        0.41      0.41       23.16    N/A           10.87    19.20    34.962   35.954   409   6    0     0     35.70  43.03  N/A         N/A          0.57         0.57         60.39  44.473   2.04     7.09        22.3        283      3        3.42          0.33    30.32     0.43    0.32    0.15    1.36    0.62     52.90   6.47    50.70   52.03   0.49    2695.00    457.09   64.26    0.14      130.42        3.01          2.42           92.27        
84   T0978TS160_4-D1     160s    33.86    100.00  84    N/A       N/A        0.40      0.40       21.70    N/A           11.46    17.94    13.585   14.086   409   0    0     0     32.76  43.28  N/A         N/A          0.39         0.39         59.66  40.854   2.22     7.30        21.9        292      3.3      3.31          0.33    33.25     0.45    0.35    0.50    1.33    0.68     49.60   6.23    59.42   55.48   0.52    2666.20    50.15    82.68    0.16      94.40         1.91          5.80           85.02        
85   T0978TS110_5-D1     110s    33.74    100.00  85    N/A       N/A        0.39      0.39       21.52    N/A           11.54    18.41    17.664   18.282   409   36   0     0     34.96  42.79  N/A         N/A          0.52         0.52         57.70  42.488   2.09     6.84        20          260      2.9      3.80          0.20    32.27     0.42    0.33    0.35    1.43    0.60     50.48   6.58    52.92   54.87   0.49    2309.70    71.72    N/A      0.14      378.53        0.27          11.41          77.18        
86   T0978TS246_1-D1     246s    33.74    100.00  85    0.32      0.32       0.39      0.39       22.50    0.41          12.48    18.89    17.876   18.445   409   0    0     0     36.43  42.05  0.52        0.52         0.61         0.61         56.23  41.335   2.18     6.55        18.9        271      3.3      3.42          0.32    33.98     0.46    0.34    0.45    1.34    0.58     58.90   5.86    55.50   54.26   0.49    2323.80    54.89    80.67    0.16      85.91         2.46          4.59           80.68        
87   T0978TS110_3-D1     110s    33.68    100.00  87    N/A       N/A        0.39      0.39       22.43    N/A           11.60    18.67    23.903   24.717   409   18   0     0     34.47  42.79  N/A         N/A          0.49         0.49         57.46  43.231   2.08     7.09        19          263      2.8      3.60          0.24    32.64     0.44    0.36    0.34    1.28    0.59     49.10   6.47    50.66   55.28   0.48    2338.40    148.23   N/A      0.15      235.78        0.55          8.74           76.94        
88   T0978TS116_5-D1     116s    33.62    100.00  88    N/A       N/A        0.38      0.38       21.39    N/A           9.23     17.36    17.129   17.744   409   4    0     0     36.43  45.23  N/A         N/A          0.61         0.61         61.61  42.622   2.18     7.63        23.3        289      3.1      3.65          0.34    30.07     0.45    0.32    0.36    1.42    0.61     50.50   5.99    52.86   55.39   0.51    2634.40    81.21    63.53    0.14      157.81        4.10          4.83           90.82        
89   T0978TS488_3-D1     488s    33.50    100.00  89    N/A       N/A        0.37      0.37       21.70    N/A           12.47    18.15    17.997   18.819   409   6    0     0     33.99  43.03  N/A         N/A          0.46         0.46         59.66  41.421   2.13     7.38        20.6        269      3.6      1.42          0.35    35.82     0.46    0.35    0.34    1.23    0.63     59.90   6.11    54.15   54.68   0.49    2344.10    140.14   N/A      0.18      2.08          0.00          0.97           93.24        
90   T0978TS441_4-D1     441s    33.37    100.00  90    N/A       N/A        0.36      0.36       22.00    N/A           11.55    19.13    34.56    35.666   409   7    0     0     35.94  43.52  N/A         N/A          0.58         0.58         60.15  41.626   2.17     7.42        20.4        275      2.9      3.59          0.33    29.95     0.41    0.32    0.14    1.42    0.63     51.60   6.58    51.17   51.77   0.49    2492.40    469.51   64.41    0.13      147.54        3.01          3.62           88.16        
91   T0978TS246_4-D1     246s    33.31    100.00  91    N/A       N/A        0.36      0.36       21.70    N/A           11.61    18.74    31.45    32.43    409   3    0     0     35.45  43.77  N/A         N/A          0.55         0.55         60.15  41.357   2.19     7.80        19.7        273      2.9      3.68          0.34    31.42     0.43    0.33    0.19    1.39    0.63     54.90   6.58    52.07   53.87   0.49    2421.10    350.24   79.23    0.15      147.68        4.10          3.38           88.41        
92   T0978TS246_3-D1     246s    33.31    100.00  91    N/A       N/A        0.36      0.36       21.70    N/A           11.61    18.74    31.45    32.43    409   3    0     0     35.45  43.77  N/A         N/A          0.55         0.55         60.15  41.357   2.19     7.80        19.7        273      2.9      3.68          0.34    31.42     0.43    0.33    0.19    1.39    0.63     54.90   6.58    52.07   53.87   0.49    2421.10    350.24   79.23    0.15      147.68        4.10          3.38           88.41        
93   T0978TS116_4-D1     116s    33.25    100.00  93    N/A       N/A        0.35      0.35       21.09    N/A           8.79     16.53    17.143   17.683   409   12   0     0     35.21  43.28  N/A         N/A          0.54         0.54         61.37  41.22    2.17     7.55        22.8        286      3.1      3.62          0.33    30.07     0.44    0.33    0.36    1.46    0.62     64.30   6.23    51.87   55.80   0.50    2604.90    82.88    63.90    0.14      168.08        2.73          5.07           87.68        
94   T0978TS164_4-D1     164s    33.19    100.00  94    N/A       N/A        0.35      0.35       21.64    N/A           12.03    18.64    15.832   16.281   409   0    0     0     35.45  44.01  N/A         N/A          0.55         0.55         64.55  44.216   2.20     7.97        22.5        296      3        3.48          0.30    28.48     0.44    0.30    0.44    1.43    0.62     53.20   6.70    51.57   51.68   0.50    2731.90    61.31    79.85    0.14      102.90        3.01          5.56           85.75        
95   T0978TS160_2-D1     160s    33.13    100.00  95    N/A       N/A        0.34      0.34       21.33    N/A           10.31    17.38    16.904   17.426   409   0    0     0     35.94  44.25  N/A         N/A          0.58         0.58         63.57  42.069   2.27     7.88        22.3        297      3        3.17          0.29    29.46     0.43    0.30    0.41    1.47    0.60     53.60   6.70    51.71   52.12   0.50    2710.70    65.92    77.96    0.13      110.33        0.82          3.88           84.47        
96   T0978TS004_5-D1     004s    33.07    100.00  96    N/A       N/A        0.34      0.34       20.41    N/A           10.44    15.63    17.186   17.76    409   2    0     0     30.32  48.41  N/A         N/A          0.24         0.24         62.35  42.144   2.18     8.01        23.1        295      3        1.65          0.35    34.84     0.45    0.34    0.42    1.19    0.66     51.30   6.70    56.27   54.10   0.52    2790.90    80.65    55.13    0.15      0.30          5.19          1.21           91.79        
97   T0978TS164_5-D1     164s    33.07    100.00  96    N/A       N/A        0.34      0.34       21.39    N/A           10.82    17.73    16.77    17.319   409   0    0     0     31.05  43.77  N/A         N/A          0.29         0.29         66.75  44.155   2.32     8.55        22.8        298      3        3.43          0.29    27.63     0.43    0.30    0.44    1.45    0.59     60.40   6.81    51.30   51.27   0.49    2753.70    66.64    79.25    0.14      93.81         2.73          5.80           84.78        
98   T0978TS488_1-D1     488s    32.64    100.00  98    0.23      0.23       0.30      0.30       21.64    0.31          12.73    17.22    17.344   18.064   409   6    0     0     28.85  40.59  0.06        0.06         0.15         0.15         57.46  39.909   2.32     6.96        20.2        278      4        1.29          0.36    36.06     0.47    0.36    0.37    1.26    0.62     56.90   6.23    54.74   55.16   0.47    2467.60    104.34   N/A      0.20      1.94          0.00          0.97           95.17        
99   T0978TS261_5-D1     261s    32.58    100.00  99    N/A       N/A        0.30      0.30       20.84    N/A           9.99     16.49    14.867   15.436   409   0    0     0     32.52  39.12  N/A         N/A          0.37         0.37         45.72  33.886   2.10     4.59        14.9        190      3.2      3.48          0.41    45.97     0.49    0.44    0.61    0.88    0.68     58.60   6.58    61.10   62.52   0.51    1482.90    28.41    71.22    0.19      13.10         21.31         14.98          69.32        
100  T0978TS246_5-D1     246s    32.52    100.00  100   N/A       N/A        0.29      0.29       20.78    N/A           10.27    17.61    17.517   18.083   409   1    0     0     32.76  41.56  N/A         N/A          0.39         0.39         55.50  37.629   2.25     6.38        17.9        264      3.3      3.54          0.32    31.54     0.44    0.33    0.42    1.31    0.60     50.10   5.73    54.04   53.88   0.49    2212.60    64.55    79.91    0.16      84.13         3.28          6.52           78.74        
101  T0978TS145_3-D1     145s    32.40    100.00  101   N/A       N/A        0.29      0.29       19.68    N/A           8.61     15.49    11.629   12.415   409   0    0     0     30.56  37.90  N/A         N/A          0.26         0.26         48.66  35.735   2.14     5.13        16.2        315      7.4      3.36          0.39    42.91     0.48    0.41    0.67    0.89    0.71     75.60   6.58    61.85   60.85   0.49    2031.20    32.72    76.56    0.19      9.38          20.77         12.80          67.87        
102  T0978TS164_3-D1     164s    32.34    100.00  102   N/A       N/A        0.28      0.28       20.90    N/A           11.09    17.63    16.09    16.644   409   0    0     0     33.01  43.03  N/A         N/A          0.40         0.40         65.53  43.817   2.24     8.51        23.1        301      2.9      3.49          0.30    28.24     0.43    0.29    0.45    1.48    0.60     50.30   6.35    52.04   50.22   0.50    2796.40    54.72    78.89    0.14      93.36         3.01          4.83           82.85        
103  T0978TS116_2-D1     116s    32.27    100.00  103   N/A       N/A        0.27      0.27       21.27    N/A           10.97    17.95    17.561   18.127   409   9    0     0     33.50  41.56  N/A         N/A          0.43         0.43         62.59  44.746   2.14     8.09        23.4        293      3        3.84          0.33    30.68     0.44    0.31    0.30    1.51    0.59     50.70   6.70    49.42   53.94   0.48    2809.20    99.04    65.40    0.14      164.36        5.46          4.83           87.68        
104  T0978TS402_4-D1     402s    32.21    100.00  104   N/A       N/A        0.27      0.27       19.74    N/A           8.82     13.75    13.965   14.562   409   14   0     0     24.94  38.63  N/A         N/A          -0.08        -0.08        43.77  31.616   2.14     4.46        16.8        175      3        4.11          0.38    35.58     0.44    0.36    0.39    1.27    0.67     60.90   5.99    55.86   56.60   0.51    1439.90    69.19    66.96    0.15      218.85        7.10          5.31           84.78        
105  T0978TS402_2-D1     402s    31.66    100.00  105   N/A       N/A        0.23      0.23       18.95    N/A           7.83     12.67    14.046   14.745   409   12   0     0     24.94  38.63  N/A         N/A          -0.08        -0.08        44.01  31.681   2.27     4.54        15.7        182      3.2      3.90          0.37    33.62     0.43    0.35    0.44    1.28    0.67     61.90   5.86    55.75   55.29   0.50    1443.10    66.74    67.62    0.16      196.22        4.37          4.11           85.02        
106  T0978TS085_1-D1     085s    31.60    100.00  106   0.14      0.14       0.22      0.22       19.68    0.08          10.49    16.84    15.934   16.481   409   0    0     0     34.23  44.25  0.39        0.39         0.48         0.48         65.53  42.823   2.23     8.38        22.3        297      3        3.31          0.29    28.00     0.43    0.28    0.41    1.48    0.61     47.30   6.58    50.03   48.78   0.49    2698.00    69.08    N/A      0.13      94.54         1.64          6.04           82.37        
107  T0978TS402_3-D1     402s    31.54    100.00  107   N/A       N/A        0.22      0.22       19.32    N/A           7.54     13.65    15.182   15.924   409   9    0     0     26.41  38.88  N/A         N/A          0.01         0.01         43.03  32.735   2.11     4.42        16          156      2.5      3.94          0.36    32.40     0.43    0.35    0.42    1.22    0.67     60.20   6.23    52.84   55.40   0.49    1285.40    74.43    68.36    0.15      173.59        6.01          4.11           85.51        
108  T0978TS402_1-D1     402s    31.23    100.00  108   0.11      0.11       0.19      0.19       18.95    -0.01         6.88     13.45    15.03    15.734   409   19   0     0     27.63  38.14  -0.01       -0.01        0.08         0.08         45.23  31.059   2.35     3.84        16          177      3.1      4.14          0.36    34.47     0.42    0.34    0.37    1.36    0.66     54.10   5.60    53.02   55.20   0.49    1390.30    71.74    68.56    0.15      228.38        6.56          6.52           82.37        
109  T0978TS116_3-D1     116s    31.05    100.00  109   N/A       N/A        0.18      0.18       20.05    N/A           9.78     16.71    17.425   17.929   409   9    0     0     33.01  41.08  N/A         N/A          0.40         0.40         61.86  41.795   2.13     7.80        22.5        293      3.3      3.61          0.32    28.61     0.44    0.30    0.31    1.55    0.60     52.40   6.35    48.59   52.99   0.47    2729.70    97.08    66.43    0.14      148.88        3.28          3.38           88.65        
110  T0978TS004_4-D1     004s    30.68    100.00  110   N/A       N/A        0.15      0.15       17.73    N/A           10.35    14.90    17.662   18.296   409   2    0     0     26.65  46.94  N/A         N/A          0.02         0.02         59.90  39.004   2.18     7.34        22.1        289      3.7      1.56          0.33    29.83     0.45    0.32    0.43    1.20    0.65     56.70   6.47    56.68   52.27   0.50    2533.80    77.28    52.63    0.15      0.30          4.64          1.69           93.24        
111  T0978TS402_5-D1     402s    30.26    100.00  111   N/A       N/A        0.11      0.11       18.40    N/A           7.22     12.75    15.266   15.837   409   14   0     0     26.65  37.65  N/A         N/A          0.02         0.02         42.30  31.838   2.27     4.13        15.5        232      5        4.07          0.36    34.35     0.43    0.35    0.39    1.30    0.66     57.80   6.11    53.18   55.54   0.47    1646.50    73.61    69.99    0.15      210.36        6.56          5.80           84.54        
112  T0978TS085_2-D1     085s    30.26    100.00  111   N/A       N/A        0.11      0.11       19.99    N/A           8.31     15.39    16.783   17.297   409   0    0     0     29.34  38.39  N/A         N/A          0.18         0.18         61.61  42.125   2.23     7.55        20.7        286      3.4      3.55          0.27    25.43     0.41    0.27    0.40    1.59    0.59     48.80   6.47    48.14   48.73   0.46    2546.10    69.17    N/A      0.12      99.61         3.28          5.31           83.09        
113  T0978TS160_5-D1     160s    28.97    100.00  113   N/A       N/A        0.01      0.01       18.59    N/A           9.08     15.65    16.79    17.243   409   0    0     0     29.10  38.88  N/A         N/A          0.17         0.17         60.39  40.594   2.23     7.38        19.9        286      3.3      3.50          0.28    24.57     0.42    0.27    0.47    1.52    0.57     47.50   6.35    47.44   49.25   0.47    2441.20    46.37    78.68    0.13      101.88        2.73          5.80           82.85        
114  T0978TS085_4-D1     085s    28.79    100.00  114   N/A       N/A        -0.00     -0.00      18.77    N/A           9.69     15.80    22.334   22.824   409   0    0     0     29.34  36.43  N/A         N/A          0.18         0.18         58.92  39.734   2.27     7.30        20.5        286      3.5      3.10          0.28    27.38     0.45    0.30    0.36    1.44    0.57     50.80   6.35    47.00   51.73   0.44    2365.90    110.72   N/A      0.14      103.55        1.64          1.45           92.75        
115  T0978TS085_3-D1     085s    28.00    100.00  115   N/A       N/A        -0.07     -0.07      17.97    N/A           9.47     14.86    17.295   17.763   409   0    0     0     28.61  36.92  N/A         N/A          0.14         0.14         60.88  40.156   2.27     7.26        19.8        287      3.8      3.61          0.27    24.69     0.41    0.26    0.37    1.57    0.59     59.00   5.86    44.58   47.70   0.44    2431.20    85.33    N/A      0.11      102.43        3.83          6.76           83.09        
116  T0978TS085_5-D1     085s    27.87    100.00  116   N/A       N/A        -0.08     -0.08      18.40    N/A           8.74     14.82    21.585   22.029   409   0    0     0     28.12  37.16  N/A         N/A          0.11         0.11         49.14  34.662   2.23     5.75        14.3        215      2.7      3.14          0.28    25.67     0.43    0.29    0.41    1.61    0.54     55.80   6.23    46.47   48.62   0.41    1684.50    115.36   N/A      0.12      97.74         2.19          0.97           93.48        
117  T0978TS441_5-D1     441s    26.65    100.00  117   N/A       N/A        -0.18     -0.18      18.28    N/A           8.06     14.29    24.231   24.626   409   10   0     0     25.92  32.76  N/A         N/A          -0.02        -0.02        48.66  34.605   2.31     5.38        17.8        201      3        4.06          0.31    29.09     0.42    0.30    0.23    1.60    0.52     50.30   6.11    45.44   50.63   0.38    1788.90    106.13   73.50    0.14      198.69        6.56          6.28           83.33        
118  T0978TS365_4-D1     365s    26.22    100.00  118   N/A       N/A        -0.21     -0.21      13.63    N/A           4.56     9.73     21.482   22.246   409   2    0     0     22.00  34.96  N/A         N/A          -0.26        -0.26        37.90  24.281   2.53     3.46        7.7         212      4.1      2.39          0.29    26.53     0.41    0.29    0.27    1.44    0.67     46.20   5.99    43.40   44.94   0.46    996.40     274.42   N/A      0.13      1.49          7.65          10.14          71.50        
119  T0978TS152_1-D1     152s    25.80    100.00  119   -0.33     -0.33      -0.25     -0.25      14.79    -0.50         6.78     11.01    25.153   25.936   409   7    0     0     20.78  32.27  -0.43       -0.43        -0.33        -0.33        36.43  25.085   2.35     3.25        10.6        233      5.6      3.54          0.31    30.81     0.43    0.32    0.20    1.45    0.66     64.80   5.99    51.81   52.14   0.43    1404.90    343.80   79.31    0.13      28.14         11.48         11.35          74.40        
120  T0978TS348_3-D1     348s    24.57    100.00  120   N/A       N/A        -0.34     -0.34      10.94    N/A           3.18     6.36     16.235   16.797   409   41   0     0     14.91  37.41  N/A         N/A          -0.69        -0.69        46.21  25.887   2.67     -1.63       9.5         247      4        4.23          0.26    18.94     0.34    0.27    0.38    1.44    0.64     22.50   6.11    49.13   40.78   0.47    1287.40    74.40    77.58    0.08      251.68        3.01          24.64          41.06        
121  T0978TS348_1-D1     348s    24.02    100.00  121   -0.47     -0.47      -0.39     -0.39      10.27    -1.03         2.79     6.20     16.288   16.822   409   45   0     0     11.74  37.65  -0.98       -0.98        -0.88        -0.88        45.72  26.603   2.66     1.17        9           242      4        4.16          0.26    14.91     0.34    0.27    0.38    1.53    0.64     25.50   6.11    48.12   40.21   0.46    1290.70    71.46    77.78    0.06      245.84        2.46          22.95          41.30        
122  T0978TS365_3-D1     365s    24.02    100.00  121   N/A       N/A        -0.39     -0.39      12.47    N/A           3.60     8.48     20.381   21.069   409   3    0     0     18.34  33.50  N/A         N/A          -0.48        -0.48        37.65  23.684   2.60     2.71        6           169      4.4      2.52          0.28    24.82     0.41    0.28    0.25    1.59    0.66     47.00   6.11    42.90   43.86   0.43    707.60     258.32   N/A      0.12      1.79          9.29          11.11          69.57        
123  T0978TS152_3-D1     152s    24.02    100.00  121   N/A       N/A        -0.39     -0.39      13.32    N/A           5.96     10.28    22.708   23.473   409   6    0     0     20.54  27.38  N/A         N/A          -0.35        -0.35        33.25  22.118   2.36     2.75        7.8         164      5.4      3.81          0.30    27.26     0.42    0.28    0.20    1.51    0.64     58.40   5.99    49.21   48.26   0.41    747.40     298.42   78.52    0.12      35.88         16.39         15.46          69.08        
124  T0978TS348_4-D1     348s    23.66    100.00  124   N/A       N/A        -0.42     -0.42      9.72     N/A           3.69     6.32     16.243   16.791   409   35   0     0     11.98  34.96  N/A         N/A          -0.87        -0.87        44.50  25.957   2.57     4.34        0           0        N/A      3.81          0.25    16.01     0.34    0.27    0.39    1.57    0.64     20.50   5.73    47.97   38.48   0.46    N/A        72.61    76.92    0.07      225.46        0.55          24.64          43.24        
125  T0978TS365_2-D1     365s    23.53    100.00  125   N/A       N/A        -0.43     -0.43      11.68    N/A           4.11     8.20     21.438   22.106   409   3    0     0     19.07  33.74  N/A         N/A          -0.44        -0.44        36.19  22.231   2.59     2.88        5.9         167      3.5      2.26          0.27    24.82     0.41    0.26    0.29    1.57    0.61     50.20   6.11    41.06   41.98   0.43    711.80     137.14   N/A      0.13      0.89          7.65          10.14          72.46        
126  T0978TS365_1-D1     365s    23.29    100.00  126   -0.53     -0.53      -0.45     -0.45      11.61    -0.87         4.92     8.43     20.471   21.156   409   4    0     0     17.36  32.76  -0.63       -0.63        -0.54        -0.54        35.94  22.09    2.54     2.38        5.8         211      8.5      2.42          0.27    22.86     0.40    0.26    0.30    1.50    0.60     46.30   6.23    43.45   42.79   0.42    860.10     110.47   N/A      0.12      1.64          7.92          9.18           71.74        
127  T0978TS365_5-D1     365s    22.80    100.00  127   N/A       N/A        -0.49     -0.49      11.62    N/A           4.60     8.39     17.442   17.995   409   4    0     0     16.87  28.85  N/A         N/A          -0.57        -0.57        33.01  20.547   2.49     2.42        6.1         173      4.1      2.66          0.28    25.31     0.41    0.27    0.30    1.51    0.61     49.40   6.23    42.46   44.80   0.43    685.00     113.83   N/A      0.12      4.17          7.65          9.66           75.60        
128  T0978TS348_2-D1     348s    22.62    100.00  128   N/A       N/A        -0.50     -0.50      8.86     N/A           3.06     5.62     16.243   16.765   409   36   0     0     11.25  35.70  N/A         N/A          -0.91        -0.91        44.25  24.964   2.77     3.13        0           0        N/A      4.11          0.26    14.44     0.35    0.26    0.39    1.57    0.64     10.40   6.23    46.81   39.28   0.46    N/A        71.57    77.86    0.08      221.10        2.73          21.74          48.79        
129  T0978TS152_5-D1     152s    21.09    100.00  129   N/A       N/A        -0.62     -0.62      11.55    N/A           4.37     7.86     24.53    25.282   409   9    0     0     16.14  27.63  N/A         N/A          -0.62        -0.62        32.27  21.05    2.52     2.46        8.3         184      5.8      3.68          0.30    28.73     0.42    0.30    0.19    1.44    0.60     70.00   5.86    48.95   51.06   0.38    954.80     271.91   77.88    0.11      30.07         13.93         14.98          69.08        
130  T0978TS152_2-D1     152s    20.84    100.00  130   N/A       N/A        -0.64     -0.64      11.12    N/A           3.35     7.70     25.692   26.492   409   9    0     0     14.18  26.41  N/A         N/A          -0.73        -0.73        32.76  19.865   2.45     2.79        8.8         182      5.5      3.68          0.29    28.61     0.43    0.29    0.16    1.48    0.63     70.80   5.60    46.33   50.15   0.39    896.10     352.15   75.85    0.11      33.79         13.39         14.49          72.71        
131  T0978TS152_4-D1     152s    19.87    100.00  131   N/A       N/A        -0.72     -0.72      10.27    N/A           4.11     7.15     25.951   26.674   409   7    0     0     2.93   18.34  N/A         N/A          -1.41        -1.41        29.58  16.57    2.46     2.25        5.3         156      4.2      3.73          0.28    26.16     0.41    0.28    0.19    1.58    0.57     65.10   5.46    46.31   48.65   0.37    673.70     348.55   78.13    0.10      37.81         13.11         12.80          71.50        
132  T0978TS497_1-D1     497s    19.68    100.00  132   -0.82     -0.82      -0.74     -0.74      9.96     -1.07         3.03     5.74     25.279   25.986   409   7    0     0     6.36   19.07  -1.30       -1.30        -1.21        -1.21        31.54  19.67    2.52     2.67        6           201      5.1      3.21          0.27    21.39     0.41    0.27    0.30    1.71    0.63     58.60   5.19    44.38   45.28   0.38    844.60     296.55   80.43    0.09      15.19         8.47          10.39          72.46        
133  T0978TS282_2-D1     282s    18.70    100.00  133   N/A       N/A        -0.82     -0.82      10.63    N/A           3.98     7.94     19.724   20.141   409   4    0     0     15.65  24.21  N/A         N/A          -0.64        -0.64        31.05  20.034   2.46     2.50        6           203      5.3      3.67          0.29    25.18     0.43    0.29    0.45    1.30    0.57     56.60   5.60    47.53   47.61   0.34    886.60     58.68    38.92    0.13      27.24         15.30         9.66           69.57        
134  T0978TS407_5-D1     407s    18.09    100.00  134   N/A       N/A        -0.86     -0.86      10.82    N/A           3.97     6.54     21.11    21.605   409   0    0     0     13.20  21.27  N/A         N/A          -0.79        -0.79        25.43  18.368   2.26     1.42        6.1         134      4.5      3.12          0.28    33.37     0.46    0.31    0.56    1.47    0.54     57.10   3.50    47.99   52.56   0.31    589.90     69.96    56.47    0.14      53.45         6.83          0.72           95.89        
135  T0978TS282_1-D1     282s    16.99    100.00  135   -1.04     -1.04      -0.95     -0.95      9.29     -1.15         4.34     6.69     19.578   20.111   409   3    0     0     12.22  20.54  -0.95       -0.95        -0.85        -0.85        31.05  19.889   2.47     2.38        4.3         188      4.5      3.58          0.27    23.47     0.41    0.26    0.41    1.51    0.55     51.20   4.74    42.33   44.69   0.33    705.70     68.27    41.07    0.10      25.90         14.48         9.90           74.64        
136  T0978TS407_3-D1     407s    16.75    100.00  136   N/A       N/A        -0.97     -0.97      10.57    N/A           4.37     7.07     27.342   27.609   409   2    0     0     0.00   0.49   N/A         N/A          -1.59        -1.59        22.74  13.823   2.59     1.29        7           123      4.5      3.08          0.27    29.71     0.47    0.33    0.28    1.75    0.53     61.50   4.07    45.51   52.85   0.25    633.00     302.38   54.55    0.15      52.11         7.10          0.72           96.38        
137  T0978TS407_4-D1     407s    16.69    100.00  137   N/A       N/A        -0.98     -0.98      10.52    N/A           5.41     8.27     21.172   21.652   409   0    0     0     0.00   0.24   N/A         N/A          -1.59        -1.59        24.69  16.142   2.42     0.79        5.5         90       9.9      2.89          0.27    28.48     0.46    0.30    0.36    1.64    0.55     67.40   4.25    42.98   51.16   0.28    407.40     128.52   52.29    0.14      54.68         7.92          0.00           98.07        
138  T0978TS407_2-D1     407s    16.63    100.00  138   N/A       N/A        -0.98     -0.98      10.57    N/A           4.19     8.04     27.922   28.319   409   2    0     0     14.18  20.78  N/A         N/A          -0.73        -0.73        26.41  17.874   2.51     1.42        5.3         120      5.6      3.29          0.28    29.09     0.46    0.31    0.30    1.67    0.55     69.60   5.19    44.93   51.72   0.29    527.80     190.29   51.29    0.14      84.59         10.38         0.72           97.34        
139  T0978TS497_5-D1     497s    15.65    100.00  139   N/A       N/A        -1.06     -1.06      7.64     N/A           2.47     4.73     24.14    24.891   409   3    0     0     0.24   0.24   N/A         N/A          -1.58        -1.58        25.43  15.323   2.68     0.96        3.9         170      8.2      2.99          0.27    22.49     0.42    0.28    0.32    1.75    0.62     64.20   3.89    43.38   46.03   0.33    615.40     250.53   76.72    0.09      15.04         5.19          11.35          77.78        
140  T0978TS282_3-D1     282s    15.34    100.00  140   N/A       N/A        -1.09     -1.09      7.95     N/A           2.85     4.90     32.449   33.368   409   5    0     0     11.25  19.07  N/A         N/A          -0.91        -0.91        24.45  14.334   2.72     1.33        3.1         160      10.8     3.18          0.26    22.62     0.42    0.27    0.22    1.84    0.56     68.50   4.25    46.08   45.43   0.28    529.30     446.02   40.45    0.10      15.93         9.02          9.66           78.50        
141  T0978TS282_4-D1     282s    15.16    100.00  141   N/A       N/A        -1.10     -1.10      7.46     N/A           3.22     4.92     18.483   19.018   409   7    0     0     9.78   20.54  N/A         N/A          -1.00        -1.00        30.32  17.666   2.69     2.00        3.1         139      4.4      3.88          0.28    21.88     0.41    0.25    0.43    1.44    0.56     61.50   4.89    40.29   43.71   0.33    628.80     52.39    41.35    0.11      43.32         16.67         11.59          70.53        
142  T0978TS497_4-D1     497s    14.67    100.00  142   N/A       N/A        -1.14     -1.14      7.46     N/A           2.61     4.26     28.999   29.555   409   9    0     0     9.29   17.85  N/A         N/A          -1.03        -1.03        21.27  12.281   2.66     0.92        2.5         170      8.9      3.11          0.26    20.66     0.41    0.26    0.29    1.81    0.45     62.20   4.07    39.90   45.84   0.29    496.20     241.82   72.43    0.10      16.53         6.01          10.14          74.88        
143  T0978TS497_3-D1     497s    14.12    100.00  143   N/A       N/A        -1.18     -1.18      7.88     N/A           2.64     5.41     30.185   30.825   409   5    0     0     9.54   15.16  N/A         N/A          -1.01        -1.01        19.32  12.665   2.62     0.54        1.1         135      17.4     3.30          0.26    18.70     0.41    0.26    0.28    1.81    0.41     71.70   3.07    37.26   46.22   0.27    328.50     290.22   69.99    0.09      15.48         12.02         10.14          75.60        
144  T0978TS282_5-D1     282s    11.92    100.00  144   N/A       N/A        -1.36     -1.36      7.33     N/A           3.23     5.25     54.917   56.327   409   9    0     0     0.24   1.47   N/A         N/A          -1.58        -1.58        17.36  10.847   2.84     -0.46       1.8         97       8        3.03          0.23    20.29     0.42    0.25    0.24    2.30    0.46     68.60   4.07    39.12   43.12   0.20    278.20     1419.91  38.50    0.09      11.31         9.02          8.94           80.19        
145  T0978TS378_2-D1     378s    11.49    100.00  145   N/A       N/A        -1.40     -1.40      5.75     N/A           0.88     2.11     32.936   33.857   409   1    0     0     1.22   1.96   N/A         N/A          -1.52        -1.52        17.85  11.419   2.57     -0.34       2.1         144      21.5     4.21          0.16    20.66     0.38    0.24    0.35    2.11    0.54     56.40   4.07    35.19   41.80   0.22    400.00     426.63   22.13    0.07      246.28        12.57         3.38           90.82        
146  T0978TS497_2-D1     497s    11.43    100.00  146   N/A       N/A        -1.40     -1.40      5.68     N/A           1.74     2.73     30.143   30.772   409   6    0     0     0.24   0.00   N/A         N/A          -1.58        -1.58        18.34  11.099   2.60     -0.29       2.3         156      12.5     3.26          0.25    16.87     0.40    0.24    0.31    2.03    0.43     66.00   3.89    36.71   43.11   0.24    446.10     287.05   67.86    0.08      13.55         12.57         11.11          75.85        
147  T0978TS407_1-D1     407s    11.19    100.00  147   -1.51     -1.51      -1.42     -1.42      7.03     -1.41         2.09     3.59     25.066   25.611   409   0    0     0     6.11   11.74  -1.32       -1.32        -1.22        -1.22        17.11  11.168   2.50     -0.54       1.2         119      14.1     2.98          0.24    21.52     0.44    0.27    0.34    1.98    0.52     68.20   3.07    35.90   48.58   0.20    302.80     243.80   43.53    0.12      46.45         6.01          0.24           96.38        
148  T0978TS488_2-D1     488s    11.12    100.00  148   N/A       N/A        -1.42     -1.42      6.84     N/A           2.93     4.41     24.435   24.745   409   2    0     0     3.18   10.27  N/A         N/A          -1.40        -1.40        18.83  11.687   2.65     -0.54       2.6         134      11.7     0.92          0.27    27.02     0.45    0.29    0.36    1.75    0.47     60.00   2.58    35.43   50.47   0.21    386.80     124.90   N/A      0.14      1.19          0.00          0.24           97.58        
149  T0978TS312_2-D1     312s    10.45    100.00  149   N/A       N/A        -1.48     -1.48      5.20     N/A           1.65     3.05     61.186   63.189   409   3    0     0     0.00   0.49   N/A         N/A          -1.59        -1.59        16.14  9.367    2.73     -0.71       15.3        262      15.6     5.00          0.08    8.68      0.37    0.31    0.16    2.28    0.29     40.10   6.35    37.72   45.36   0.24    1926.70    2355.95  N/A      0.10      358.39        20.22         29.71          44.44        
150  T0978TS312_1-D1     312s    10.33    100.00  150   -1.58     -1.58      -1.49     -1.49      5.07     -1.64         1.90     3.14     61.255   63.299   409   21   0     0     0.00   0.24   -1.69       -1.69        -1.59        -1.59        16.87  9.188    2.68     -0.84       14.7        256      15.5     5.09          0.07    9.17      0.36    0.31    0.16    2.22    0.30     38.30   5.86    37.15   44.33   0.24    1857.70    2358.72  N/A      0.11      401.73        20.77         33.01          35.44        
151  T0978TS488_5-D1     488s    10.27    100.00  151   N/A       N/A        -1.49     -1.49      6.24     N/A           1.40     2.90     22.844   23.43    409   5    0     0     0.24   0.98   N/A         N/A          -1.58        -1.58        19.32  11.989   2.52     -0.75       1.4         105      4.6      1.31          0.23    20.78     0.41    0.22    0.26    1.76    0.53     57.40   2.83    36.75   43.61   0.23    305.60     159.04   N/A      0.10      1.34          0.00          0.72           93.00        
152  T0978TS378_5-D1     378s    10.27    100.00  151   N/A       N/A        -1.49     -1.49      6.42     N/A           2.22     4.26     36.425   36.869   409   0    0     0     0.49   2.20   N/A         N/A          -1.56        -1.56        13.69  8.804    2.44     -0.46       0.9         79       4        4.12          0.15    15.77     0.39    0.21    0.39    2.37    0.46     58.70   2.58    33.36   39.74   0.19    213.00     266.04   21.87    0.07      186.99        12.02         4.59           89.37        
153  T0978TS312_3-D1     312s    10.21    100.00  153   N/A       N/A        -1.50     -1.50      5.01     N/A           1.52     2.98     61.135   63.174   409   24   0     0     0.73   1.96   N/A         N/A          -1.55        -1.55        14.18  8.174    2.83     -0.54       15.1        260      15.4     5.17          0.06    8.80      0.36    0.31    0.16    2.21    0.30     37.80   5.99    37.29   45.14   0.24    1900.20    2356.34  N/A      0.11      417.65        24.32         34.39          31.95        
154  T0978TS312_4-D1     312s    10.15    100.00  154   N/A       N/A        -1.50     -1.50      4.83     N/A           1.62     2.96     61.254   63.267   409   11   0     0     0.00   0.00   N/A         N/A          -1.59        -1.59        16.38  8.44     2.83     -0.71       14.8        256      15.2     5.09          0.07    9.54      0.36    0.30    0.16    2.29    0.29     30.30   6.23    37.28   44.27   0.24    1867.90    2359.25  N/A      0.10      392.52        22.95         30.92          41.06        
155  T0978TS348_5-D1     348s    10.02    100.00  155   N/A       N/A        -1.51     -1.51      4.52     N/A           0.83     2.16     22.251   22.627   409   40   0     0     0.00   0.00   N/A         N/A          -1.59        -1.59        16.14  9.269    2.69     -0.71       0           0        N/A      3.93          0.25    12.98     0.34    0.26    0.40    2.20    0.36     18.70   6.23    37.00   39.39   0.25    N/A        71.99    74.22    0.07      243.23        1.37          22.71          46.86        
156  T0978TS312_5-D1     312s    9.96     100.00  156   N/A       N/A        -1.52     -1.52      4.71     N/A           1.57     2.99     61.896   63.905   409   8    0     0     0.00   0.00   N/A         N/A          -1.59        -1.59        16.38  8.972    2.57     -0.75       14.4        255      15.4     5.05          0.09    8.80      0.35    0.29    0.16    2.27    0.30     28.70   6.35    36.92   43.08   0.24    1827.90    2407.66  N/A      0.09      403.08        19.13         30.43          38.16        
157  T0978TS378_4-D1     378s    9.60     100.00  157   N/A       N/A        -1.55     -1.55      5.75     N/A           1.23     3.19     32.131   32.748   409   0    0     0     0.24   0.00   N/A         N/A          -1.58        -1.58        14.67  9.205    2.59     -0.75       1           148      29.4     4.12          0.16    17.73     0.39    0.23    0.41    2.16    0.48     57.70   2.83    37.10   40.86   0.19    339.10     330.87   21.02    0.08      233.69        10.93         1.93           91.55        
158  T0978TS458_2-D1     458s    9.41     100.00  158   N/A       N/A        -1.56     -1.56      5.50     N/A           0.88     2.71     66.86    68.037   409   3    0     0     0.00   0.00   N/A         N/A          -1.59        -1.59        12.71  9.169    2.23     -0.92       0           0        N/A      3.54          0.21    16.38     0.40    0.20    0.12    2.05    0.52     61.70   2.30    30.34   40.95   0.18    N/A        1598.09  58.99    0.08      38.71         8.47          12.08          77.29        
159  T0978TS458_5-D1     458s    9.17     100.00  159   N/A       N/A        -1.58     -1.58      5.01     N/A           0.78     2.30     66.432   67.721   409   8    0     0     0.00   0.24   N/A         N/A          -1.59        -1.59        16.14  9.469    2.88     -0.13       0.3         137      77.6     4.15          0.20    14.91     0.38    0.18    0.10    2.08    0.53     58.50   2.83    30.59   39.30   0.19    258.40     1647.18  57.46    0.08      58.36         24.32         14.98          67.39        
160  T0978TS458_3-D1     458s    8.98     100.00  160   N/A       N/A        -1.60     -1.60      4.95     N/A           1.29     3.48     67.727   68.981   409   8    0     0     0.24   0.00   N/A         N/A          -1.58        -1.58        13.45  7.637    2.72     -1.04       0.7         144      74.3     3.40          0.21    14.43     0.39    0.19    0.13    2.18    0.51     57.70   2.30    31.34   41.33   0.19    302.80     1633.14  60.63    0.07      29.18         7.65          10.87          76.57        
161  T0978TS458_1-D1     458s    8.92     100.00  161   -1.69     -1.69      -1.60     -1.60      5.32     -1.61         0.97     3.13     68.084   69.225   409   6    0     0     0.73   2.44   -1.64       -1.64        -1.55        -1.55        12.22  7.057    2.92     -1.13       0           0        N/A      3.33          0.21    14.79     0.40    0.19    0.12    2.09    0.48     62.70   2.58    29.55   41.27   0.19    N/A        1700.73  56.96    0.07      23.97         8.47          9.42           78.02        
162  T0978TS378_3-D1     378s    8.92     100.00  161   N/A       N/A        -1.60     -1.60      5.62     N/A           0.73     2.13     28.842   29.473   409   1    0     0     0.00   0.00   N/A         N/A          -1.59        -1.59        13.20  8.561    2.60     -0.46       0.7         132      29.2     4.21          0.16    16.26     0.39    0.22    0.34    2.22    0.48     59.70   4.07    35.73   41.68   0.19    300.80     265.61   19.17    0.07      220.88        10.93         4.35           87.20        
163  T0978TS007_1-D1     007s    8.86     100.00  163   -1.70     -1.70      -1.61     -1.61      5.32     -1.61         1.57     3.22     25.697   26.344   409   10   0     0     0.00   0.24   -1.69       -1.69        -1.59        -1.59        15.89  8.963    2.76     -0.09       0.1         85       4.3      3.91          0.17    7.70      0.32    0.08    0.00    2.38    0.51     34.50   1.24    29.33   28.81   0.20    208.20     139.33   90.60    0.04      198.15        4.37          5.31           84.30        
164  T0978TS007_2-D1     007s    8.74     100.00  164   N/A       N/A        -1.62     -1.62      5.20     N/A           0.79     3.19     58.62    59.749   409   53   0     0     0.73   2.44   N/A         N/A          -1.55        -1.55        16.38  10.259   2.53     -0.46       0.3         60       3        4.77          0.07    6.11      0.27    0.06    0.02    2.55    0.50     32.20   1.99    24.85   22.32   0.17    163.60     1966.09  91.13    0.04      309.34        16.94         16.92          63.13        
165  T0978TS041_3-D1     041s    8.50     100.00  165   N/A       N/A        -1.64     -1.64      5.44     N/A           1.22     3.72     34.667   35.013   409   7    0     0     0.00   8.07   N/A         N/A          -1.59        -1.59        11.25  7.853    2.44     -1.21       1.5         66       10.7     2.97          0.21    16.87     0.42    0.21    0.33    2.18    0.53     68.30   3.07    30.10   43.33   0.14    179.90     437.55   N/A      0.08      10.72         7.10          9.18           76.81        
166  T0978TS041_5-D1     041s    8.37     100.00  166   N/A       N/A        -1.65     -1.65      5.99     N/A           1.88     3.93     35.15    35.528   409   4    0     0     0.00   0.00   N/A         N/A          -1.59        -1.59        10.51  7.496    2.64     -1.17       1.1         67       7.5      2.91          0.21    16.02     0.41    0.21    0.35    2.31    0.45     63.00   2.58    30.30   42.80   0.13    158.00     482.81   N/A      0.07      10.42         6.83          10.39          79.95        
167  T0978TS041_4-D1     041s    8.37     100.00  166   N/A       N/A        -1.65     -1.65      5.44     N/A           1.89     3.75     34.461   34.712   409   7    0     0     0.49   8.07   N/A         N/A          -1.56        -1.56        12.71  8.318    2.51     -0.92       1.4         70       5.9      2.76          0.21    16.14     0.42    0.23    0.38    2.10    0.54     65.10   3.50    32.46   43.91   0.15    184.00     472.18   N/A      0.09      8.19          5.74          8.94           79.95        
168  T0978TS458_4-D1     458s    8.01     100.00  168   N/A       N/A        -1.67     -1.67      5.01     N/A           1.51     3.87     67.257   68.515   409   9    0     0     0.00   0.00   N/A         N/A          -1.59        -1.59        16.38  9.435    2.82     -1.21       0           0        N/A      3.56          0.20    13.69     0.40    0.18    0.10    2.19    0.49     57.50   1.64    28.92   40.10   0.17    N/A        1616.91  60.07    0.07      29.63         12.02         12.56          76.09        
169  T0978TS041_1-D1     041s    7.95     100.00  169   -1.77     -1.77      -1.68     -1.68      5.62     -1.58         1.70     3.93     34.594   34.997   409   4    0     0     0.00   0.49   -1.69       -1.69        -1.59        -1.59        12.71  7.762    2.59     -0.96       0.3         53       4.6      3.03          0.21    17.60     0.42    0.21    0.35    2.24    0.54     70.20   1.24    32.32   44.12   0.13    129.40     481.02   N/A      0.08      10.13         8.20          12.08          73.19        
170  T0978TS041_2-D1     041s    7.52     100.00  170   N/A       N/A        -1.71     -1.71      5.32     N/A           1.10     3.61     33.591   33.779   409   7    0     0     0.00   1.71   N/A         N/A          -1.59        -1.59        14.43  9.783    2.61     -1.55       0.1         56       4.4      3.03          0.21    14.79     0.41    0.22    0.38    2.07    0.54     69.20   1.64    32.27   43.35   0.13    209.60     429.37   N/A      0.07      10.42         8.74          10.14          76.33        
171  T0978TS257_5-D1     257s    7.40     100.00  171   N/A       N/A        -1.72     -1.72      6.24     N/A           1.96     3.88     170.591  173.569  409   7    0     0     0.00   0.00   N/A         N/A          -1.59        -1.59        10.76  6.372    2.93     -1.34       0.4         97       47.2     2.20          0.16    14.55     0.41    0.21    0.42    2.76    0.42     64.10   1.24    25.62   41.64   0.09    195.00     8140.06  82.72    0.07      2.08          4.64          10.87          81.40        
172  T0978TS257_2-D1     257s    7.21     100.00  172   N/A       N/A        -1.74     -1.74      5.87     N/A           1.83     3.58     170.574  173.544  409   6    0     0     0.00   0.00   N/A         N/A          -1.59        -1.59        9.29   7.476    2.20     -1.38       0           0        N/A      2.16          0.16    12.84     0.41    0.20    0.42    2.89    0.45     58.90   1.64    23.79   40.90   0.08    N/A        8137.35  82.63    0.07      2.23          3.83          9.90           81.16        
173  T0978TS257_1-D1     257s    7.09     100.00  173   -1.84     -1.84      -1.75     -1.75      5.99     -1.54         2.06     4.02     170.327  173.353  409   7    0     0     0.00   0.00   -1.69       -1.69        -1.59        -1.59        9.29   7.257    2.19     -1.38       0           0        N/A      2.31          0.16    13.08     0.40    0.19    0.42    2.88    0.55     61.90   1.99    23.35   40.29   0.08    N/A        8043.99  83.47    0.06      2.68          5.19          12.80          81.88        
174  T0978TS257_3-D1     257s    7.09     100.00  173   N/A       N/A        -1.75     -1.75      6.05     N/A           1.57     3.47     170.725  173.617  409   8    0     0     0.00   0.00   N/A         N/A          -1.59        -1.59        8.80   7.103    2.24     -1.38       0           0        N/A      2.25          0.16    12.59     0.40    0.21    0.43    2.65    0.58     63.70   2.58    25.53   40.91   0.08    N/A        8102.38  84.19    0.06      2.53          4.64          9.90           82.37        
175  T0978TS257_4-D1     257s    6.97     100.00  175   N/A       N/A        -1.76     -1.76      5.81     N/A           2.13     4.21     171.22   174.119  409   5    0     0     0.00   6.85   N/A         N/A          -1.59        -1.59        9.05   7.828    2.21     -1.29       0           0        N/A      2.23          0.17    13.57     0.40    0.20    0.42    2.84    0.45     62.10   2.83    24.05   41.36   0.08    N/A        8123.41  84.60    0.06      1.94          4.92          11.59          79.23        
176  T0978TS378_1-D1     378s    6.85     100.00  176   -1.86     -1.86      -1.77     -1.77      4.22     -1.74         0.91     2.12     27.547   28.048   409   8    0     0     0.00   0.73   -1.69       -1.69        -1.59        -1.59        17.11  8.3      2.70     -1.25       0           0        N/A      4.50          0.12    13.20     0.37    0.13    0.09    2.27    0.50     53.90   2.58    27.60   35.82   0.18    N/A        178.26   16.53    0.05      316.91        9.29          16.67          72.71        
177  T0978TS007_5-D1     007s    4.52     100.00  177   N/A       N/A        -1.96     -1.96      3.12     N/A           0.25     1.00     58.512   58.691   409   120  0     0     0.00   0.49   N/A         N/A          -1.59        -1.59        11.00  7.251    2.80     -1.80       0           0        N/A      4.74          0.04    2.81      0.22    -0.03   -0.04   2.70    0.50     18.60   0.73    14.18   12.44   0.10    N/A        2498.11  95.58    0.03      328.77        14.75         12.79          65.27        
178  T0978TS007_4-D1     007s    3.54     100.00  178   N/A       N/A        -2.03     -2.03      2.26     N/A           0.50     1.12     213.478  215.514  409   0    0     0     0.00   0.00   N/A         N/A          -1.59        -1.59        7.33   4.812    2.55     -2.00       0           0        N/A      2.63          0.10    2.93      0.27    0.04    0.35    3.28    0.48     7.20    1.24    13.90   19.22   0.07    N/A        10180.42  97.15    0.03      36.18         4.10          0.48           97.34        
179  T0978TS007_3-D1     007s    3.18     100.00  179   N/A       N/A        -2.06     -2.06      2.02     N/A           0.16     1.23     160.361  160.621  409   42   0     0     0.00   0.00   N/A         N/A          -1.59        -1.59        7.58   4.917    2.78     -2.09       0           0        N/A      4.41          0.05    2.32      0.19    -0.04   0.29    3.26    0.55     7.60    0.00    9.79    9.66    0.05    N/A        11265.42  97.66    0.01      168.09        15.57         13.23          71.96        

