#    Model               GR#     GDT_TS   NP_P    RANK  Z-M1-GDT  Z-M1s-GDT  Z-MA-GDT  Z-MAs-GDT  GDT_HA   Z-M1s-GDT-HA  GDC_SC   GDC_ALL  RMS_CA   RMS_ALL  NP    err  PC01  PC05  AL0_P  AL4_P  Z-M1-AL0_p  Z-M1s-AL0_p  Z-MA-AL0_p   Z-MAs-AL0_p  ALI_P  LGA_S    RMSD[L]  Z-score[M]  Z-Score[D]  Al.Res.  RMSD[D]  MolPrb_Score  LDDT    SphGr     CAD_AA  RPF     CODM    DFM     Handed.  SOV     CE      QCS     CONTS   TMscore  Dali(raw)  FlexE    QSE      CAD_SS    MolPrb_clash  MolPrb_rotout  MolPrb_ramout  MolPrb_ramfv 

1    T0982TS023_4        023s    51.78    100.00  1     N/A       N/A        1.78      1.78       33.71    N/A           16.70    27.70    7.155    7.91     267   4    0     0     45.69  55.06  N/A         N/A          1.00         1.00         58.05  50.293   2.04     5.36        17.3        238      5.9      3.22          0.54    59.92     0.55    0.58    0.86    0.45    0.81     84.50   5.86    83.23   72.85   0.63    1717.40    10.11    73.55    0.31      120.74        2.55          0.71           94.66        
2    T0982TS261_3        261s    46.07    100.00  2     N/A       N/A        1.27      1.27       32.21    N/A           16.92    27.89    9.66     10.167   267   0    0     0     46.07  50.19  N/A         N/A          1.02         1.02         55.06  50.64    1.63     5.19        19.1        139      1.8      2.98          0.48    53.18     0.54    0.53    0.72    0.93    0.68     74.80   6.35    73.49   71.53   0.53    1192.30    19.51    77.63    0.26      5.91          14.04         8.19           75.44        
3    T0982TS085_1        085s    44.85    100.00  3     1.10      1.10       1.17      1.17       31.93    0.94          19.84    27.75    12.939   13.302   267   0    0     0     44.19  53.18  0.82        0.82         0.91         0.91         55.43  49.969   1.87     5.48        16.6        158      3.5      3.36          0.37    41.20     0.49    0.41    0.50    1.27    0.62     66.90   6.23    60.75   57.84   0.56    1174.90    61.34    N/A      0.23      95.12         2.13          6.76           84.34        
4    T0982TS243_1        243s    43.73    100.00  4     1.00      1.00       1.07      1.07       32.02    0.95          15.86    27.40    9.754    10.368   267   6    0     0     43.07  47.94  0.75        0.75         0.84         0.84         50.94  45.167   1.74     4.39        17.9        135      2        2.97          0.47    55.06     0.54    0.54    0.70    0.60    0.77     85.00   5.86    73.37   72.73   0.53    1116.50    16.68    67.42    0.28      97.59         0.00          2.85           91.10        
5    T0982TS023_1        023s    43.73    100.00  4     1.00      1.00       1.07      1.07       31.93    0.94          15.46    27.56    9.651    10.186   267   3    0     0     43.45  47.19  0.78        0.78         0.87         0.87         50.56  44.911   1.72     4.62        17.8        135      2        3.46          0.51    55.62     0.53    0.54    0.70    0.59    0.78     84.00   5.86    73.52   72.62   0.53    1111.90    16.76    66.52    0.28      122.79        3.40          2.85           91.46        
6    T0982TS145_2        145s    43.16    100.00  6     N/A       N/A        1.02      1.02       30.71    N/A           15.64    26.75    10.641   10.807   267   0    0     0     44.57  47.57  N/A         N/A          0.93         0.93         49.44  45.807   1.67     4.34        19          131      1.8      2.81          0.51    60.30     0.54    0.58    0.81    0.53    0.72     79.40   4.07    74.27   70.44   0.50    1108.60    15.25    77.48    0.29      3.63          14.04         9.61           76.16        
7    T0982TS324_5        324s    43.16    100.00  6     N/A       N/A        1.02      1.02       31.55    N/A           19.30    28.95    10.387   10.587   267   4    0     0     44.19  48.69  N/A         N/A          0.91         0.91         50.19  47.046   1.48     4.62        19.4        132      1.8      3.42          0.55    61.05     0.59    0.60    0.82    0.51    0.72     87.70   5.60    76.58   74.67   0.51    1142.40    15.28    56.13    0.34      18.61         20.43         6.41           85.05        
8    T0982TS145_3        145s    42.98    100.00  8     N/A       N/A        1.00      1.00       32.59    N/A           16.73    27.74    13.278   13.499   267   0    0     0     45.32  46.44  N/A         N/A          0.98         0.98         49.06  47.148   1.54     15.38       19.3        181      7.7      3.07          0.50    56.55     0.54    0.56    0.69    0.74    0.60     68.70   6.58    69.79   70.26   0.49    1187.00    30.59    75.73    0.29      5.22          16.60         14.95          66.90        
9    T0982TS058_5        058s    42.88    100.00  9     N/A       N/A        0.99      0.99       31.46    N/A           18.26    28.01    8.824    9.097    267   3    0     0     23.60  44.94  N/A         N/A          -0.33        -0.33        50.56  35.469   2.16     4.11        18.3        128      2        2.89          0.49    51.69     0.55    0.54    0.81    0.60    0.77     81.10   5.60    71.35   65.87   0.49    1083.90    18.73    72.34    0.31      82.61         0.00          2.14           91.46        
10   T0982TS324_4        324s    42.60    100.00  10    N/A       N/A        0.97      0.97       31.46    N/A           19.71    28.97    10.976   11.161   267   4    0     0     44.57  47.94  N/A         N/A          0.93         0.93         49.81  48.063   1.57     4.45        19.1        130      1.7      3.42          0.55    61.05     0.59    0.60    0.81    0.51    0.71     88.70   5.19    75.48   73.98   0.50    1128.90    16.67    55.50    0.34      18.84         20.00         7.12           85.05        
11   T0982TS243_4        243s    42.51    100.00  11    N/A       N/A        0.96      0.96       30.80    N/A           16.02    26.93    11.106   11.511   267   0    0     0     40.82  47.19  N/A         N/A          0.71         0.71         50.56  45.561   1.78     3.82        18.1        128      1.8      2.65          0.50    55.80     0.55    0.56    0.80    0.54    0.74     82.20   5.60    74.00   70.92   0.51    1065.30    21.65    67.69    0.28      59.93         0.00          1.07           93.95        
12   T0982TS004_5        004s    42.51    100.00  11    N/A       N/A        0.96      0.96       31.18    N/A           19.70    27.99    18.255   18.374   267   0    0     0     42.70  47.57  N/A         N/A          0.82         0.82         51.31  48.315   1.71     5.02        15          155      3.8      1.32          0.38    39.70     0.51    0.40    0.29    1.59    0.61     63.60   5.99    50.83   54.11   0.50    1146.60    204.99   55.27    0.25      0.00          2.55          1.78           91.10        
13   T0982TS261_1        261s    42.42    100.00  13    0.88      0.88       0.95      0.95       31.65    0.91          16.30    27.54    13.075   13.267   267   0    0     0     46.82  48.69  0.99        0.99         1.07         1.07         49.81  47.147   1.58     4.62        19.7        205      10.7     2.93          0.52    61.42     0.56    0.59    0.72    0.71    0.61     78.00   6.47    72.01   74.68   0.50    1275.80    26.51    64.43    0.31      5.68          12.77         7.83           76.51        
14   T0982TS243_2        243s    42.42    100.00  13    N/A       N/A        0.95      0.95       31.65    N/A           18.42    28.26    16.453   16.641   267   0    0     0     43.45  46.44  N/A         N/A          0.87         0.87         51.31  46.641   1.65     4.34        18.5        128      1.9      2.88          0.52    53.74     0.56    0.56    0.71    0.66    0.61     85.10   6.47    70.30   71.88   0.51    1084.30    35.65    67.81    0.30      79.89         0.00          0.71           91.46        
15   T0982TS347_4        347s    42.32    100.00  15    N/A       N/A        0.94      0.94       31.37    N/A           20.10    28.39    15.898   16.145   267   0    0     0     43.07  47.57  N/A         N/A          0.84         0.84         48.31  45.348   1.64     4.22        18.9        162      6.7      3.39          0.50    51.50     0.54    0.52    0.57    0.78    0.55     78.50   6.58    64.56   66.36   0.49    1135.60    43.37    56.58    0.28      43.43         8.33          2.19           89.05        
16   T0982TS261_4        261s    42.04    100.00  16    N/A       N/A        0.92      0.92       32.49    N/A           17.16    28.11    14.05    14.167   267   0    0     0     44.94  47.57  N/A         N/A          0.96         0.96         49.06  47.05    1.45     4.39        19.4        131      1.8      2.83          0.48    52.43     0.53    0.54    0.62    0.76    0.60     68.70   6.58    67.42   67.46   0.48    1131.80    37.18    75.44    0.29      3.86          13.19         8.54           73.31        
17   T0982TS324_2        324s    42.04    100.00  16    N/A       N/A        0.92      0.92       32.87    N/A           19.88    29.26    14.995   15.135   267   5    0     0     44.57  47.57  N/A         N/A          0.93         0.93         47.57  45.943   1.39     4.34        19.7        210      13.8     3.33          0.54    60.67     0.59    0.59    0.63    0.69    0.57     83.80   6.58    70.47   74.41   0.48    1240.30    42.82    54.85    0.34      14.30         20.00         7.47           83.63        
18   T0982TS368_4        368s    42.04    100.00  16    N/A       N/A        0.92      0.92       32.96    N/A           21.69    30.31    14.665   14.878   267   3    0     0     45.32  47.19  N/A         N/A          0.98         0.98         47.57  45.538   1.38     4.28        20.1        169      12.5     1.39          0.52    52.81     0.57    0.55    0.59    0.77    0.57     86.20   6.58    67.06   70.74   0.48    1181.20    44.70    60.43    0.32      2.27          0.00          1.07           94.31        
19   T0982TS368_5        368s    42.04    100.00  16    N/A       N/A        0.92      0.92       31.93    N/A           19.67    29.57    15.027   15.316   267   1    0     0     46.07  47.94  N/A         N/A          1.02         1.02         48.31  45.604   1.46     4.39        19.5        155      8.7      1.14          0.52    53.37     0.58    0.56    0.58    0.77    0.57     76.90   6.58    66.56   69.12   0.48    1145.60    43.05    59.67    0.33      0.91          0.00          0.36           94.66        
20   T0982TS145_4        145s    42.04    100.00  16    N/A       N/A        0.92      0.92       28.37    N/A           16.03    24.18    10.246   10.805   267   0    0     0     41.57  50.19  N/A         N/A          0.75         0.75         55.06  45.315   1.93     5.25        17.3        138      2.2      3.27          0.48    51.12     0.54    0.55    0.68    0.93    0.67     83.80   6.23    72.08   71.22   0.51    1094.20    21.67    74.29    0.29      11.12         17.45         8.90           77.94        
21   T0982TS246_1        246s    41.95    100.00  21    0.84      0.84       0.91      0.91       33.71    1.15          18.24    29.53    14.619   14.955   267   0    0     0     43.07  46.44  0.75        0.75         0.84         0.84         46.44  45.267   1.48     4.28        19.6        161      11.1     2.84          0.51    52.62     0.55    0.54    0.57    0.79    0.55     82.70   6.58    67.65   70.23   0.48    1160.70    44.06    90.52    0.29      86.93         0.85          0.71           93.24        
22   T0982TS347_1        347s    41.85    100.00  22    0.83      0.83       0.90      0.90       31.27    0.87          18.96    28.03    15.782   15.952   267   1    0     0     43.07  46.82  0.75        0.75         0.84         0.84         47.19  45.331   1.60     4.11        18.9        145      4.8      3.56          0.49    51.12     0.53    0.52    0.58    0.80    0.55     80.40   6.47    64.96   66.63   0.48    1136.40    45.33    57.35    0.26      47.63         11.40         3.28           87.59        
23   T0982TS058_2        058s    41.85    100.00  22    N/A       N/A        0.90      0.90       32.21    N/A           17.16    28.21    19.985   19.881   267   1    0     0     44.57  46.82  N/A         N/A          0.93         0.93         46.82  44.878   1.45     4.22        19          191      21.6     2.73          0.51    51.87     0.54    0.56    0.53    0.71    0.66     86.20   6.58    67.67   71.10   0.46    1256.50    90.15    69.11    0.30      61.51         0.00          1.78           92.53        
24   T0982TS243_3        243s    41.85    100.00  22    N/A       N/A        0.90      0.90       32.21    N/A           17.16    28.21    19.985   19.881   267   1    0     0     44.57  46.82  N/A         N/A          0.93         0.93         46.82  44.878   1.45     4.22        19          191      21.6     2.73          0.51    51.87     0.54    0.56    0.53    0.71    0.66     86.20   6.58    67.67   71.10   0.46    1256.50    90.15    66.70    0.30      61.51         0.00          1.78           92.53        
25   T0982TS023_2        023s    41.67    100.00  25    N/A       N/A        0.88      0.88       31.46    N/A           18.35    27.75    15.069   15.197   267   1    0     0     43.07  46.82  N/A         N/A          0.84         0.84         46.82  44.574   1.50     4.28        18.3        128      2        3.32          0.51    54.12     0.55    0.57    0.69    0.59    0.68     88.80   6.47    71.21   70.79   0.48    1079.90    40.05    66.94    0.31      105.08        2.55          3.20           90.75        
26   T0982TS058_3        058s    41.57    100.00  26    N/A       N/A        0.88      0.88       32.02    N/A           18.88    28.89    13.062   13.354   267   0    0     0     44.19  47.19  N/A         N/A          0.91         0.91         47.19  44.558   1.47     4.17        19.1        181      13.3     2.89          0.50    52.62     0.55    0.56    0.69    0.61    0.71     84.20   5.33    73.99   71.67   0.47    1212.80    37.34    68.52    0.30      86.02         0.00          0.71           91.81        
27   T0982TS149_3        149s    41.48    100.00  27    N/A       N/A        0.87      0.87       31.37    N/A           17.24    27.61    19.114   19.24    267   3    0     0     43.45  46.82  N/A         N/A          0.87         0.87         47.94  46.017   1.55     4.17        17.8        146      8.3      4.22          0.31    38.76     0.47    0.42    0.28    1.22    0.57     65.10   6.58    57.35   57.46   0.47    1135.90    106.28   90.33    0.23      210.72        10.21         5.69           83.99        
28   T0982TS160_4        160s    41.48    100.00  27    N/A       N/A        0.87      0.87       27.81    N/A           12.71    23.75    15.535   15.764   267   0    0     0     42.32  48.31  N/A         N/A          0.80         0.80         52.81  44.817   1.88     4.68        16.5        141      3.2      3.05          0.34    41.20     0.48    0.43    0.46    1.41    0.61     70.90   6.35    60.54   56.55   0.53    1019.30    130.39   90.98    0.20      71.28         1.28          4.63           85.77        
29   T0982TS221_1        221s    41.29    100.00  29    0.78      0.78       0.85      0.85       31.75    0.92          19.17    28.62    14.906   15.095   267   6    0     0     43.82  46.82  0.80        0.80         0.89         0.89         46.82  44.55    1.47     4.11        18.7        128      1.7      2.96          0.52    56.37     0.57    0.58    0.59    0.71    0.57     88.60   6.47    70.45   74.19   0.47    1097.30    43.63    57.68    0.32      73.25         1.28          3.20           90.04        
30   T0982TS368_3        368s    41.29    100.00  29    N/A       N/A        0.85      0.85       32.12    N/A           21.50    29.38    15.333   15.536   267   3    0     0     43.45  45.32  N/A         N/A          0.87         0.87         45.69  44.477   1.52     4.17        18.7        144      8.4      1.23          0.50    50.00     0.56    0.52    0.55    0.79    0.57     81.00   6.58    65.57   67.15   0.47    1100.20    50.92    58.88    0.31      1.59          0.43          0.71           95.37        
31   T0982TS324_3        324s    41.29    100.00  29    N/A       N/A        0.85      0.85       32.02    N/A           20.41    28.87    14.58    14.768   267   3    0     0     43.45  47.57  N/A         N/A          0.87         0.87         47.57  45.213   1.46     4.28        19.4        213      13.4     3.37          0.55    59.74     0.59    0.60    0.63    0.70    0.58     88.10   6.58    70.82   74.62   0.48    1209.30    41.46    54.72    0.34      18.38         18.72         4.98           86.12        
32   T0982TS324_1        324s    41.29    100.00  29    0.78      0.78       0.85      0.85       31.84    0.93          19.91    29.07    14.789   14.915   267   4    0     0     43.82  47.57  0.80        0.80         0.89         0.89         47.94  45.417   1.47     4.28        19.4        130      1.6      3.45          0.55    59.18     0.58    0.59    0.62    0.71    0.57     85.00   6.58    70.67   73.85   0.48    1144.80    42.57    54.86    0.34      19.52         21.28         7.47           85.05        
33   T0982TS023_5        023s    41.29    100.00  29    N/A       N/A        0.85      0.85       32.12    N/A           17.61    28.18    17.402   17.695   267   0    0     0     43.82  47.19  N/A         N/A          0.89         0.89         47.19  44.784   1.50     4.17        18.9        128      1.6      2.99          0.51    54.68     0.54    0.56    0.60    0.85    0.59     81.20   6.58    68.43   71.43   0.47    1104.20    60.93    67.68    0.29      94.64         1.28          1.07           92.53        
34   T0982TS347_5        347s    41.10    100.00  34    N/A       N/A        0.83      0.83       32.12    N/A           19.51    28.69    15.44    15.678   267   0    0     0     43.07  45.69  N/A         N/A          0.84         0.84         46.07  44.683   1.48     4.05        18.8        141      6.8      3.63          0.49    50.19     0.53    0.52    0.57    0.84    0.55     74.50   6.47    64.87   65.70   0.48    1107.10    46.27    55.05    0.28      50.22         11.40         3.65           85.40        
35   T0982TS368_2        368s    41.10    100.00  34    N/A       N/A        0.83      0.83       31.27    N/A           19.64    27.73    15.541   15.695   267   1    0     0     44.94  47.19  N/A         N/A          0.96         0.96         47.57  45.637   1.49     4.17        19.1        148      8.4      1.10          0.50    51.12     0.54    0.53    0.57    0.83    0.57     82.60   6.58    66.29   67.95   0.47    1106.90    48.83    60.11    0.28      1.36          0.00          0.36           96.44        
36   T0982TS058_1        058s    41.10    100.00  34    0.76      0.76       0.83      0.83       31.55    0.90          17.93    27.88    18.729   18.663   267   1    0     0     43.82  46.07  0.80        0.80         0.89         0.89         46.07  44.494   1.56     4.05        18.5        138      18.3     2.77          0.48    53.00     0.54    0.55    0.55    0.85    0.45     85.10   6.58    67.40   71.74   0.46    1090.40    78.19    68.20    0.28      67.67         0.00          1.42           92.53        
37   T0982TS347_3        347s    41.10    100.00  34    N/A       N/A        0.83      0.83       31.18    N/A           19.19    28.60    15.728   15.895   267   0    0     0     43.82  46.82  N/A         N/A          0.89         0.89         47.19  45.116   1.49     4.17        18.8        154      7.9      3.65          0.49    50.00     0.54    0.53    0.57    0.77    0.55     80.90   6.58    64.82   65.88   0.48    1113.70    48.27    55.37    0.30      49.29         12.28         2.55           85.40        
38   T0982TS145_1        145s    41.10    100.00  34    0.76      0.76       0.83      0.83       31.37    0.88          15.60    26.96    14.121   14.459   267   0    0     0     44.94  47.94  0.87        0.87         0.96         0.96         49.81  46.45    1.60     4.39        19.3        169      9.6      2.89          0.50    58.80     0.56    0.59    0.68    0.78    0.59     79.40   6.58    70.54   73.24   0.48    1166.10    34.32    75.13    0.32      4.99          12.34         7.47           74.73        
39   T0982TS243_5        243s    40.92    100.00  39    N/A       N/A        0.82      0.82       31.46    N/A           17.50    27.50    19.691   19.868   267   0    0     0     43.45  46.82  N/A         N/A          0.87         0.87         46.82  44.226   1.56     4.22        18.4        178      19.7     2.84          0.49    50.19     0.53    0.55    0.57    0.74    0.66     82.00   6.47    67.43   69.35   0.46    1162.90    83.56    66.75    0.28      76.26         0.43          2.49           91.81        
40   T0982TS347_2        347s    40.92    100.00  39    N/A       N/A        0.82      0.82       31.74    N/A           18.89    28.45    15.567   15.817   267   2    0     0     42.70  46.82  N/A         N/A          0.82         0.82         47.19  44.895   1.48     4.22        19          154      8        3.64          0.49    48.31     0.54    0.52    0.57    0.84    0.55     83.40   6.58    64.82   66.58   0.48    1117.10    45.82    54.86    0.28      47.19         15.35         1.82           88.32        
41   T0982TS261_2        261s    40.92    100.00  39    N/A       N/A        0.82      0.82       30.52    N/A           14.74    26.58    13.838   14.05    267   0    0     0     44.19  47.57  N/A         N/A          0.91         0.91         48.31  46.013   1.70     4.22        18.9        131      1.8      2.57          0.53    64.61     0.56    0.61    0.66    0.64    0.59     76.80   6.58    71.43   75.14   0.47    1106.10    34.39    67.02    0.32      2.72          8.94          8.90           75.80        
42   T0982TS441_4        441s    40.82    100.00  42    N/A       N/A        0.81      0.81       31.27    N/A           16.84    26.52    16.398   16.608   267   6    0     0     43.45  45.32  N/A         N/A          0.87         0.87         45.32  44.591   1.59     4.05        18.2        129      2        4.17          0.43    42.88     0.49    0.46    0.57    1.03    0.58     63.20   6.47    62.13   61.78   0.47    1052.00    53.71    67.64    0.24      131.67        13.62         9.96           80.43        
43   T0982TS337_1        337s    40.82    100.00  42    0.73      0.73       0.81      0.81       31.27    0.87          16.84    26.52    16.398   16.608   267   6    0     0     43.45  45.32  0.78        0.78         0.87         0.87         45.32  44.591   1.59     4.05        18.2        129      2        4.17          0.43    42.88     0.49    0.46    0.57    1.03    0.58     63.20   6.47    62.13   61.78   0.47    1052.00    53.71    67.64    0.24      131.67        13.62         9.96           80.43        
44   T0982TS058_4        058s    40.64    100.00  44    N/A       N/A        0.79      0.79       30.80    N/A           16.83    27.30    20.517   20.371   267   0    0     0     43.45  46.82  N/A         N/A          0.87         0.87         46.82  44.129   1.59     4.22        18.4        172      22.2     2.93          0.49    53.93     0.54    0.56    0.54    0.72    0.63     76.00   6.47    67.70   70.80   0.46    1143.60    88.60    69.56    0.28      83.79         0.00          1.07           90.39        
45   T0982TS023_3        023s    40.64    100.00  44    N/A       N/A        0.79      0.79       30.71    N/A           16.52    26.59    18.958   18.9     267   32   0     0     43.45  47.19  N/A         N/A          0.87         0.87         47.19  44.458   1.51     4.17        12.9        129      1.7      4.47          0.45    52.25     0.47    0.46    0.13    1.51    0.53     68.60   5.19    65.63   68.86   0.46    1057.50    43.75    65.96    0.22      384.70        10.64         2.49           85.05        
46   T0982TS441_2        441s    40.54    100.00  46    N/A       N/A        0.78      0.78       31.09    N/A           16.50    26.81    14.321   14.602   267   0    0     0     42.70  44.94  N/A         N/A          0.82         0.82         44.94  44.083   1.45     3.99        18          126      1.9      3.33          0.48    53.00     0.53    0.54    0.66    0.71    0.67     74.80   6.47    65.43   69.00   0.46    1057.90    46.14    61.07    0.27      98.73         2.13          3.20           86.83        
47   T0982TS110_3        110s    40.54    100.00  46    N/A       N/A        0.78      0.78       30.34    N/A           14.04    24.66    16.589   16.669   267   2    0     0     42.32  45.69  N/A         N/A          0.80         0.80         49.44  46.73    1.82     4.05        13.1        144      2.3      3.77          0.25    38.76     0.44    0.36    0.20    1.37    0.58     59.50   6.47    57.48   55.67   0.48    1126.50    55.43    N/A      0.18      295.21        0.85          17.08          69.75        
48   T0982TS498_1        498s    40.45    100.00  48    0.70      0.70       0.78      0.78       28.00    0.50          14.92    23.45    10.974   11.051   267   4    0     0     40.07  48.31  0.56        0.56         0.66         0.66         49.44  43.835   1.99     4.17        16.6        206      10.7     3.57          0.51    59.74     0.56    0.56    0.79    0.52    0.70     75.90   5.86    72.99   67.74   0.50    1247.00    16.27    84.95    0.30      26.33         18.30         4.63           82.21        
49   T0982TS498_5        498s    40.45    100.00  48    N/A       N/A        0.78      0.78       28.18    N/A           16.83    24.11    11.276   11.339   267   6    0     0     40.45  47.94  N/A         N/A          0.69         0.69         48.69  43.752   1.80     4.17        17          204      11.1     3.67          0.52    62.73     0.56    0.59    0.78    0.50    0.69     79.20   6.47    72.95   68.99   0.49    1236.90    17.41    85.13    0.33      29.96         20.85         6.41           81.85        
50   T0982TS160_1        160s    40.45    100.00  48    0.70      0.70       0.78      0.78       28.27    0.53          16.93    25.95    12.348   12.417   267   0    0     0     43.07  49.06  0.75        0.75         0.84         0.84         50.94  46.316   1.83     4.45        18          134      2        3.13          0.45    60.49     0.54    0.59    0.74    0.57    0.64     77.70   6.35    70.77   70.10   0.49    1074.70    26.08    70.11    0.30      75.40         2.13          2.51           90.32        
51   T0982TS164_1        164s    40.45    100.00  48    0.70      0.70       0.78      0.78       28.56    0.56          16.93    25.95    12.474   12.549   267   0    0     0     42.70  49.06  0.73        0.73         0.82         0.82         51.31  46.583   1.80     4.51        18.2        134      1.9      3.16          0.44    60.49     0.54    0.59    0.73    0.58    0.63     77.70   6.35    70.59   70.17   0.50    1082.00    24.96    70.24    0.30      80.00         2.13          2.51           90.32        
52   T0982TS160_5        160s    40.36    100.00  52    N/A       N/A        0.77      0.77       27.16    N/A           14.50    23.94    15.37    15.715   267   0    0     0     44.19  47.94  N/A         N/A          0.91         0.91         52.06  45.542   1.86     4.34        12.8        157      4        3.47          0.34    40.64     0.48    0.42    0.45    1.18    0.63     65.20   6.47    59.91   57.10   0.52    1116.30    108.16   93.07    0.21      88.54         2.55          7.12           79.36        
53   T0982TS368_1        368s    40.26    100.00  53    0.68      0.68       0.76      0.76       30.62    0.80          20.51    27.84    15.167   15.371   267   3    0     0     44.57  47.57  0.85        0.85         0.93         0.93         47.94  44.546   1.59     4.17        18.5        159      8.6      1.13          0.51    53.93     0.56    0.55    0.57    0.79    0.58     91.40   6.58    66.51   68.18   0.47    1109.10    51.10    59.00    0.33      1.36          0.43          0.00           96.09        
54   T0982TS110_5        110s    40.17    100.00  54    N/A       N/A        0.75      0.75       29.87    N/A           15.79    25.59    15.285   15.656   267   1    0     0     42.32  46.07  N/A         N/A          0.80         0.80         46.07  44.356   1.69     4.17        17.6        164      11.9     3.62          0.32    41.39     0.48    0.42    0.46    1.17    0.59     51.20   6.47    57.09   56.58   0.47    1084.20    56.90    N/A      0.22      219.03        0.00          13.52          71.53        
55   T0982TS498_4        498s    40.08    100.00  55    N/A       N/A        0.74      0.74       28.66    N/A           16.10    24.27    13.187   13.109   267   2    0     0     40.07  48.31  N/A         N/A          0.66         0.66         48.31  43.646   1.91     3.82        16.9        201      12.8     3.62          0.51    59.92     0.56    0.56    0.71    0.54    0.65     78.00   6.47    71.55   68.31   0.49    1189.70    21.48    84.18    0.30      26.55         22.13         4.98           83.27        
56   T0982TS498_3        498s    39.98    100.00  56    N/A       N/A        0.73      0.73       27.34    N/A           16.20    23.64    11.581   11.641   267   5    0     0     25.84  40.07  N/A         N/A          -0.19        -0.19        46.07  30.452   2.39     4.28        17.3        209      11       3.78          0.51    60.30     0.55    0.56    0.77    0.51    0.68     79.40   5.46    72.44   68.00   0.49    1243.40    17.65    85.17    0.29      32.91         27.23         5.34           83.27        
57   T0982TS441_1        441s    39.98    100.00  56    0.66      0.66       0.73      0.73       30.34    0.76          16.31    26.98    17.559   17.668   267   0    0     0     42.32  46.07  0.70        0.70         0.80         0.80         46.07  43.671   1.51     3.99        18          173      14.5     3.36          0.48    51.87     0.53    0.53    0.60    0.82    0.59     83.00   6.47    62.99   68.27   0.46    1108.50    65.96    61.15    0.27      81.71         2.98          4.63           87.19        
58   T0982TS246_2        246s    39.98    100.00  56    N/A       N/A        0.73      0.73       29.59    N/A           17.60    26.36    14.489   14.78    267   0    0     0     42.32  46.07  N/A         N/A          0.80         0.80         46.07  43.909   1.70     4.05        17.9        155      9.2      3.17          0.50    53.18     0.53    0.53    0.59    0.79    0.56     80.70   6.47    67.42   70.14   0.47    1076.50    40.17    91.01    0.27      98.28         2.13          2.14           92.53        
59   T0982TS337_2        337s    39.89    100.00  59    N/A       N/A        0.73      0.73       28.37    N/A           16.42    24.66    69.859   69.876   267   4    0     0     40.07  47.19  N/A         N/A          0.66         0.66         48.31  45.311   1.90     4.22        12.2        143      2.7      3.26          0.34    36.70     0.44    0.36    0.16    2.13    0.74     46.20   5.73    45.94   49.40   0.47    1073.60    3207.93  60.72    0.18      94.64         2.55          2.14           91.46        
60   T0982TS337_3        337s    39.70    100.00  60    N/A       N/A        0.71      0.71       30.24    N/A           15.24    26.49    77.885   78.14    267   0    0     0     42.70  45.69  N/A         N/A          0.82         0.82         45.69  43.451   1.45     4.05        13.8        126      1.8      2.91          0.34    35.95     0.44    0.36    0.34    2.13    0.88     47.90   6.47    46.35   49.75   0.45    1050.50    3317.50  61.45    0.21      48.80         2.55          1.07           93.24        
61   T0982TS441_5        441s    39.70    100.00  60    N/A       N/A        0.71      0.71       30.24    N/A           15.24    26.49    77.885   78.14    267   0    0     0     42.70  45.69  N/A         N/A          0.82         0.82         45.69  43.451   1.45     4.05        13.8        126      1.8      2.91          0.34    35.95     0.44    0.36    0.34    2.13    0.88     47.90   6.47    46.35   49.75   0.45    1050.50    3317.50  61.45    0.21      48.80         2.55          1.07           93.24        
62   T0982TS441_3        441s    39.51    100.00  62    N/A       N/A        0.69      0.69       29.77    N/A           16.11    26.35    16.027   16.267   267   2    0     0     41.57  44.57  N/A         N/A          0.75         0.75         44.57  42.578   1.46     3.88        18          167      15.6     3.16          0.47    50.75     0.51    0.52    0.58    0.75    0.64     84.20   6.35    65.22   68.14   0.45    1096.30    71.67    61.65    0.26      111.44        0.43          5.34           85.77        
63   T0982TS246_5        246s    39.51    100.00  62    N/A       N/A        0.69      0.69       29.02    N/A           14.80    24.42    14.389   14.645   267   0    0     0     41.95  46.07  N/A         N/A          0.78         0.78         46.07  42.759   1.59     3.99        17.4        150      7.6      3.42          0.48    50.94     0.52    0.52    0.58    0.82    0.56     73.30   6.35    67.15   68.23   0.47    1018.30    40.76    91.42    0.25      109.40        2.98          2.85           89.68        
64   T0982TS110_4        110s    39.23    100.00  64    N/A       N/A        0.67      0.67       28.18    N/A           15.53    24.97    15.288   15.554   267   3    0     0     41.57  45.32  N/A         N/A          0.75         0.75         45.32  43.567   1.66     3.99        12.2        159      11.5     3.66          0.31    39.70     0.47    0.41    0.38    1.19    0.62     49.20   6.23    55.96   55.19   0.47    1024.40    70.50    N/A      0.22      237.57        0.00          12.81          71.53        
65   T0982TS246_4        246s    39.23    100.00  64    N/A       N/A        0.67      0.67       27.53    N/A           15.24    24.41    18.96    19.119   267   0    0     0     42.32  47.57  N/A         N/A          0.80         0.80         47.57  44.663   1.78     4.45        12.6        136      2        3.43          0.36    42.88     0.50    0.45    0.35    1.17    0.54     64.90   6.47    58.29   59.08   0.48    1066.50    121.44   86.28    0.22      88.76         2.55          4.98           82.21        
66   T0982TS110_2        110s    39.14    100.00  66    N/A       N/A        0.66      0.66       28.55    N/A           15.12    24.71    17.164   17.671   267   2    0     0     41.95  47.57  N/A         N/A          0.78         0.78         47.57  43.68    1.71     4.17        17.2        143      12.4     3.62          0.32    41.39     0.46    0.41    0.35    1.16    0.60     57.00   6.35    54.22   56.06   0.47    1027.30    78.86    N/A      0.21      227.84        0.00          14.59          73.31        
67   T0982TS498_2        498s    39.14    100.00  66    N/A       N/A        0.66      0.66       27.81    N/A           15.95    23.51    13.181   13.136   267   1    0     0     41.95  47.19  N/A         N/A          0.78         0.78         47.94  44.027   1.85     3.88        16.8        132      2.3      3.57          0.50    59.74     0.56    0.56    0.71    0.53    0.65     75.30   6.35    71.32   68.11   0.48    1017.10    22.36    84.01    0.30      24.74         21.28         7.12           83.63        
68   T0982TS261_5        261s    39.14    100.00  66    N/A       N/A        0.66      0.66       29.31    N/A           13.97    24.57    14.216   14.546   267   0    0     0     43.07  46.44  N/A         N/A          0.84         0.84         46.44  43.891   1.69     4.11        17.6        190      12.8     3.35          0.49    55.24     0.52    0.54    0.64    0.71    0.58     76.20   6.47    69.73   69.60   0.47    1043.20    38.05    63.83    0.26      12.94         19.15         6.76           78.29        
69   T0982TS116_1        116s    39.05    100.00  69    0.57      0.57       0.65      0.65       29.77    0.70          15.50    24.74    14.721   15.099   267   0    0     0     37.08  43.82  0.37        0.37         0.48         0.48         43.82  42.279   1.59     3.82        16.6        159      8.8      3.30          0.48    46.44     0.51    0.50    0.57    0.90    0.55     78.20   6.23    65.10   65.15   0.45    1014.30    42.13    62.76    0.26      93.28         2.98          3.56           91.46        
70   T0982TS110_1        110s    39.05    100.00  69    0.57      0.57       0.65      0.65       28.18    0.52          16.80    25.69    18.021   18.575   267   2    0     0     40.07  45.69  0.56        0.56         0.66         0.66         47.19  43.802   1.75     4.05        12.5        146      5.2      3.61          0.33    41.76     0.48    0.43    0.46    1.19    0.62     57.20   6.23    54.90   57.21   0.48    1063.40    77.42    N/A      0.22      228.93        0.43          12.10          74.73        
71   T0982TS402_1        402s    38.95    100.00  71    0.56      0.56       0.64      0.64       29.87    0.71          15.26    24.28    20.389   20.59    267   3    0     0     38.58  43.07  0.46        0.46         0.57         0.57         43.07  41.914   1.68     3.71        16.7        125      2.2      3.56          0.46    48.31     0.51    0.49    0.44    0.92    0.46     76.60   6.23    62.84   64.77   0.44    982.50     75.36    62.86    0.24      119.38        5.53          2.14           92.88        
72   T0982TS085_5        085s    38.95    100.00  71    N/A       N/A        0.64      0.64       27.81    N/A           15.98    24.02    17.74    17.65    267   0    0     0     40.07  46.44  N/A         N/A          0.66         0.66         46.82  42.434   1.75     4.28        15          151      6        3.40          0.34    39.51     0.46    0.39    0.35    1.40    0.60     65.80   6.35    52.00   52.20   0.49    1015.60    161.72   N/A      0.20      82.39         2.55          6.41           82.21        
73   T0982TS488_3        488s    38.76    100.00  73    N/A       N/A        0.63      0.63       28.84    N/A           16.16    24.71    18.828   18.993   267   3    0     0     38.58  44.19  N/A         N/A          0.57         0.57         49.81  42.884   1.83     4.17        16.6        144      3.3      1.20          0.44    47.57     0.53    0.49    0.52    1.05    0.53     83.10   6.35    -1.00   -1.00   0.47    1036.30    64.64    N/A      0.27      2.27          0.00          0.36           96.80        
74   T0982TS402_5        402s    38.67    100.00  74    N/A       N/A        0.62      0.62       29.12    N/A           13.33    23.51    21.936   21.839   267   6    0     0     37.08  45.32  N/A         N/A          0.48         0.48         45.32  41.775   1.67     3.77        16.6        142      16.2     3.36          0.46    45.88     0.50    0.49    0.38    0.92    0.46     79.20   6.35    62.41   64.47   0.44    991.30     93.24    62.87    0.23      132.09        2.55          2.85           92.53        
75   T0982TS402_4        402s    38.58    100.00  75    N/A       N/A        0.61      0.61       29.40    N/A           14.11    24.42    21.878   22.007   267   5    0     0     40.45  44.94  N/A         N/A          0.69         0.69         44.94  42.649   1.64     3.88        17          177      19.3     3.26          0.46    45.13     0.49    0.48    0.37    0.90    0.45     76.90   6.35    62.77   64.85   0.45    1036.10    97.48    62.23    0.21      119.38        1.70          2.14           90.04        
76   T0982TS004_4        004s    38.48    100.00  76    N/A       N/A        0.60      0.60       29.31    N/A           19.66    26.11    27.027   26.986   267   1    0     0     39.33  43.07  N/A         N/A          0.62         0.62         43.07  42.406   1.45     3.77        14.2        134      6.4      1.25          0.35    29.77     0.48    0.37    0.34    1.88    0.68     66.80   6.11    49.53   50.14   0.45    995.80     387.48   52.58    0.22      0.00          2.55          1.07           93.24        
77   T0982TS402_2        402s    38.30    100.00  77    N/A       N/A        0.59      0.59       29.77    N/A           14.43    24.44    22.101   22.056   267   3    0     0     39.70  44.19  N/A         N/A          0.64         0.64         44.19  42.13    1.71     3.71        16.7        174      18.3     3.52          0.46    45.51     0.50    0.48    0.37    0.93    0.47     67.80   6.35    62.58   64.06   0.44    999.10     100.51   62.83    0.23      121.65        3.83          3.20           90.75        
78   T0982TS337_5        337s    38.30    100.00  77    N/A       N/A        0.59      0.59       28.93    N/A           14.04    23.30    81.806   81.879   267   0    0     0     39.70  43.07  N/A         N/A          0.64         0.64         43.07  41.422   1.68     3.65        11.9        125      2.2      2.82          0.33    34.27     0.43    0.35    0.33    2.20    0.82     45.10   6.35    45.02   48.79   0.44    985.10     3551.54  63.03    0.19      51.75         2.55          0.36           95.37        
79   T0982TS145_5        145s    38.30    100.00  77    N/A       N/A        0.59      0.59       28.46    N/A           14.73    23.89    14.431   14.627   267   0    0     0     42.70  45.69  N/A         N/A          0.82         0.82         46.07  43.143   1.69     3.99        16.8        126      1.8      2.81          0.48    53.00     0.53    0.54    0.62    0.77    0.58     83.10   6.35    68.74   67.91   0.46    987.00     42.23    59.94    0.27      3.18          17.02         6.41           77.58        
80   T0982TS116_3        116s    38.20    100.00  80    N/A       N/A        0.58      0.58       29.03    N/A           12.00    22.03    15.478   15.858   267   5    0     0     35.96  43.45  N/A         N/A          0.42         0.42         43.45  41.254   1.61     3.54        16          124      2.3      3.35          0.45    46.07     0.50    0.47    0.56    0.85    0.55     85.00   6.23    64.18   63.42   0.45    957.90     45.37    63.71    0.20      105.08        2.55          1.42           89.68        
81   T0982TS160_2        160s    38.11    100.00  81    N/A       N/A        0.57      0.57       27.15    N/A           15.50    24.18    14.207   14.338   267   0    0     0     43.07  45.69  N/A         N/A          0.84         0.84         46.82  43.98    1.76     4.05        16.1        128      2        3.29          0.38    44.01     0.48    0.45    0.58    1.02    0.59     77.20   6.47    64.04   58.44   0.46    945.60     41.98    90.99    0.20      83.09         1.70          6.76           80.78        
82   T0982TS402_3        402s    37.92    100.00  82    N/A       N/A        0.55      0.55       28.46    N/A           15.13    23.87    20.491   20.475   267   5    0     0     37.08  44.19  N/A         N/A          0.48         0.48         44.19  42.169   1.56     3.71        16.6        160      17.7     3.50          0.45    44.20     0.49    0.47    0.39    0.94    0.48     66.50   6.23    60.63   62.25   0.44    995.40     97.98    63.10    0.24      138.67        2.98          4.27           90.39        
83   T0982TS149_4        149s    37.92    100.00  82    N/A       N/A        0.55      0.55       28.09    N/A           14.63    23.20    23.493   23.388   267   0    0     0     40.82  44.94  N/A         N/A          0.71         0.71         44.94  41.67    1.66     3.88        12.2        132      16.6     4.30          0.31    36.14     0.45    0.42    0.23    1.39    0.48     59.10   6.35    54.20   56.23   0.44    994.60     129.38   89.95    0.21      229.50        11.06         5.69           83.27        
84   T0982TS004_1        004s    37.83    100.00  84    0.46      0.46       0.54      0.54       28.18    0.52          18.58    25.68    21.479   21.444   267   0    0     0     40.82  44.94  0.61        0.61         0.71         0.71         46.82  43.607   1.71     4.11        16.2        154      19.6     0.78          0.37    38.95     0.49    0.38    0.38    1.61    0.65     62.60   6.23    49.70   54.31   0.45    1039.20    204.58   52.77    0.22      0.00          1.28          0.00           96.80        
85   T0982TS004_2        004s    37.83    100.00  84    N/A       N/A        0.54      0.54       28.56    N/A           18.01    24.45    21.222   21.249   267   0    0     0     41.20  44.19  N/A         N/A          0.73         0.73         46.07  42.947   1.82     3.99        16.3        158      19.2     1.13          0.37    37.83     0.50    0.38    0.37    1.57    0.66     61.80   6.23    50.11   54.64   0.45    1045.90    212.36   53.13    0.23      0.00          2.55          0.36           95.37        
86   T0982TS488_5        488s    37.83    100.00  84    N/A       N/A        0.54      0.54       27.91    N/A           14.53    23.13    15.376   15.26    267   2    0     0     37.83  43.45  N/A         N/A          0.53         0.53         43.45  38.497   1.86     3.31        15.9        150      12.2     0.85          0.43    49.25     0.53    0.48    0.56    0.98    0.61     79.90   6.23    62.65   61.89   0.45    970.20     61.37    N/A      0.26      0.45          0.00          0.36           96.80        
87   T0982TS160_3        160s    37.64    100.00  87    N/A       N/A        0.53      0.53       25.38    N/A           14.66    22.49    15.479   15.765   267   0    0     0     42.32  47.19  N/A         N/A          0.80         0.80         48.31  40.204   1.91     4.17        15.3        138      2.4      3.25          0.34    39.70     0.48    0.42    0.47    1.20    0.57     69.90   6.35    60.09   57.75   0.48    973.30     78.84    91.65    0.19      80.61         1.70          4.98           82.21        
88   T0982TS004_3        004s    37.36    52.06   88    N/A       N/A        0.50      0.50       28.09    N/A           30.86    22.87    7.268    8.555    139   0    0     0     35.58  46.07  N/A         N/A          0.39         0.39         46.07  43.779   1.53     7.51        17.9        127      1.7      0.83          0.27    35.27     0.31    0.28    0.21    1.51    0.53     51.70   6.47    37.34   38.76   0.43    1070.80    18.42    80.35    0.17      0.00          0.81          1.36           95.24        
89   T0982TS085_4        085s    37.36    100.00  88    N/A       N/A        0.50      0.50       26.12    N/A           13.11    22.04    18.358   18.722   267   0    0     0     37.08  43.45  N/A         N/A          0.48         0.48         46.82  41.745   1.80     3.94        10.8        147      3.6      3.33          0.31    36.89     0.44    0.34    0.32    1.45    0.56     59.70   5.60    49.05   52.66   0.48    965.00     92.77    N/A      0.16      96.01         1.28          6.05           74.73        
90   T0982TS246_3        246s    37.27    100.00  90    N/A       N/A        0.50      0.50       27.72    N/A           14.42    23.66    14.621   15.197   267   7    0     0     37.45  43.82  N/A         N/A          0.50         0.50         47.94  42.027   1.85     4.22        12.1        128      2.3      3.96          0.47    49.44     0.52    0.47    0.45    0.99    0.58     88.00   6.23    63.52   67.42   0.46    996.80     28.19    88.85    0.27      202.22        5.53          4.98           86.12        
91   T0982TS149_5        149s    37.27    100.00  90    N/A       N/A        0.50      0.50       27.34    N/A           11.59    22.60    20.853   20.859   267   4    0     0     39.70  44.94  N/A         N/A          0.64         0.64         45.69  39.084   1.81     3.88        12.3        154      11.4     4.08          0.28    38.95     0.45    0.39    0.32    1.37    0.59     55.30   5.86    53.09   54.89   0.45    1024.70    123.57   90.21    0.20      210.12        10.21         1.78           90.39        
92   T0982TS085_2        085s    37.17    100.00  92    N/A       N/A        0.49      0.49       25.66    N/A           14.66    21.40    15.46    16.069   267   0    0     0     35.58  44.19  N/A         N/A          0.39         0.39         47.94  37.339   1.83     4.28        11.9        148      3.3      3.00          0.34    33.90     0.47    0.37    0.51    1.26    0.61     57.40   5.99    55.03   52.14   0.49    906.50     69.48    N/A      0.21      66.50         1.28          3.91           86.48        
93   T0982TS164_3        164s    37.17    100.00  92    N/A       N/A        0.49      0.49       26.50    N/A           15.02    23.12    15.321   15.592   267   1    0     0     39.70  45.32  N/A         N/A          0.64         0.64         47.57  39.489   1.91     4.17        13.7        139      2.6      3.15          0.35    37.45     0.47    0.40    0.44    1.34    0.60     63.20   6.35    57.11   55.78   0.47    985.30     103.62   94.95    0.19      77.87         1.28          5.69           81.49        
94   T0982TS337_4        337s    36.61    100.00  94    N/A       N/A        0.44      0.44       26.68    N/A           11.88    20.30    83.018   83.198   267   0    0     0     37.08  42.32  N/A         N/A          0.48         0.48         42.32  33.128   2.12     3.37        15.5        126      2.4      2.59          0.32    36.52     0.43    0.34    0.26    2.10    0.81     50.80   6.23    45.65   46.74   0.44    927.00     4436.78  64.00    0.18      54.24         0.85          1.42           94.31        
95   T0982TS164_2        164s    36.52    100.00  95    N/A       N/A        0.43      0.43       25.75    N/A           15.42    23.45    14.681   14.841   267   0    0     0     43.82  46.82  N/A         N/A          0.89         0.89         47.19  42.606   1.77     4.22        16.3        170      11.4     3.10          0.41    49.25     0.51    0.50    0.59    0.88    0.58     78.80   6.47    67.71   63.97   0.46    1006.20    42.77    88.55    0.25      72.00         1.28          6.41           82.92        
96   T0982TS164_5        164s    36.52    100.00  95    N/A       N/A        0.43      0.43       25.28    N/A           12.99    21.53    18.147   18.323   267   0    0     0     40.07  46.07  N/A         N/A          0.66         0.66         49.06  39.855   2.00     4.11        15.5        144      6.5      3.02          0.34    37.64     0.46    0.40    0.39    1.28    0.57     64.40   6.35    57.13   56.22   0.47    965.00     92.75    93.25    0.18      69.03         0.85          4.63           81.85        
97   T0982TS164_4        164s    36.42    100.00  97    N/A       N/A        0.42      0.42       25.19    N/A           12.12    21.44    14.181   14.621   267   0    0     0     40.45  46.44  N/A         N/A          0.69         0.69         48.69  38.654   1.92     4.11        15.5        153      6.2      3.28          0.36    40.26     0.47    0.43    0.60    1.27    0.59     65.50   6.35    59.64   57.96   0.47    983.20     30.05    92.50    0.18      82.63         2.13          6.41           85.77        
98   T0982TS488_1        488s    36.05    100.00  98    0.30      0.30       0.39      0.39       25.18    0.18          14.59    21.52    16.846   17.238   267   1    0     0     38.58  46.07  0.46        0.46         0.57         0.57         49.06  39.172   2.07     3.94        14.5        131      2.5      1.04          0.44    51.12     0.54    0.50    0.47    0.98    0.55     80.70   5.73    62.84   63.50   0.47    897.50     71.15    N/A      0.29      1.82          0.00          0.71           97.51        
99   T0982TS124_2        124s    35.49    100.00  99    N/A       N/A        0.34      0.34       25.66    N/A           13.36    18.84    14.992   15.222   267   0    0     0     33.33  42.32  N/A         N/A          0.26         0.26         42.70  36.822   1.89     3.94        15          164      12.4     3.26          0.46    49.25     0.50    0.51    0.61    0.84    0.57     83.40   6.23    68.24   67.97   0.44    916.00     44.72    54.74    0.22      105.54        2.55          2.85           92.53        
100  T0982TS312_1        312s    35.30    100.00  100   0.23      0.23       0.32      0.32       25.47    0.21          10.94    20.21    15.495   15.886   267   0    0     0     37.08  44.19  0.37        0.37         0.48         0.48         44.94  35.707   1.76     3.71        14.8        121      2.1      4.45          0.32    38.20     0.47    0.44    0.57    0.89    0.57     91.90   6.23    64.82   60.28   0.43    869.30     48.02    N/A      0.19      229.42        14.04         11.74          77.58        
101  T0982TS149_2        149s    35.30    100.00  100   N/A       N/A        0.32      0.32       25.28    N/A           11.08    20.64    14.487   14.65    267   3    0     0     33.33  42.32  N/A         N/A          0.26         0.26         44.94  34.779   1.83     3.48        14.9        132      6        3.32          0.44    44.76     0.49    0.49    0.58    0.85    0.60     89.30   6.23    68.83   65.38   0.44    902.80     44.06    65.65    0.22      114.67        2.98          1.78           93.24        
102  T0982TS085_3        085s    35.02    100.00  102   N/A       N/A        0.30      0.30       24.16    N/A           13.89    20.97    15.572   15.684   267   0    0     0     35.96  41.57  N/A         N/A          0.42         0.42         47.19  35.641   1.98     3.82        11.8        127      2.6      3.23          0.31    32.96     0.46    0.36    0.43    1.40    0.59     52.70   5.46    52.99   52.27   0.46    804.90     86.33    N/A      0.18      76.49         1.70          4.63           82.56        
103  T0982TS124_3        124s    34.55    100.00  103   N/A       N/A        0.25      0.25       24.62    N/A           11.78    17.98    14.95    15.2     267   0    0     0     34.08  43.82  N/A         N/A          0.30         0.30         44.19  37.323   2.00     3.88        14.5        182      12       3.22          0.45    49.25     0.51    0.51    0.61    0.86    0.57     85.30   6.23    68.16   67.11   0.43    912.70     48.38    53.61    0.22      122.11        2.13          3.20           93.59        
104  T0982TS312_5        312s    34.27    100.00  104   N/A       N/A        0.23      0.23       23.22    N/A           11.06    19.44    143.846  143.686  267   8    0     0     34.08  42.32  N/A         N/A          0.30         0.30         42.32  33.309   1.95     3.37        8.6         122      2.7      4.62          0.17    29.77     0.38    0.27    0.25    1.36    0.78     38.90   5.73    41.23   38.34   0.42    749.20     12248.89  N/A      0.12      177.57        24.68         12.81          68.33        
105  T0982TS124_4        124s    34.18    100.00  105   N/A       N/A        0.22      0.22       23.50    N/A           12.66    18.34    15.117   15.335   267   0    0     0     33.33  43.07  N/A         N/A          0.26         0.26         44.19  33.561   1.97     3.94        15          143      5.3      2.98          0.45    48.88     0.51    0.51    0.61    0.84    0.56     84.90   6.23    67.78   66.97   0.44    922.10     46.49    55.12    0.22      96.23         1.28          3.56           92.88        
106  T0982TS312_4        312s    33.99    100.00  106   N/A       N/A        0.21      0.21       24.06    N/A           10.42    19.19    14.638   14.937   267   1    0     0     34.08  42.70  N/A         N/A          0.30         0.30         43.07  34.598   1.79     3.60        13.7        143      13.8     4.42          0.30    39.70     0.46    0.44    0.58    0.89    0.59     67.40   6.11    63.62   54.44   0.43    831.70     56.16    N/A      0.19      210.33        12.34         12.46          72.95        
107  T0982TS007_4        007s    33.80    100.00  107   N/A       N/A        0.19      0.19       23.41    N/A           9.12     17.74    81.925   81.738   267   0    0     0     22.85  37.08  N/A         N/A          -0.38        -0.38        37.45  45.395   1.57     4.17        13.4        139      3.5      2.80          0.27    26.78     0.39    0.27    0.23    2.13    0.84     45.60   6.11    43.33   40.32   0.42    1124.40    4071.54  66.59    0.14      49.93         1.70          1.42           92.88        
108  T0982TS156_2        156s    33.80    100.00  107   N/A       N/A        0.19      0.19       23.88    N/A           13.07    20.29    14.102   14.496   267   0    0     0     34.46  42.70  N/A         N/A          0.32         0.32         43.07  39.645   1.84     3.65        14.5        123      2.2      1.23          0.45    44.94     0.52    0.49    0.61    0.80    0.57     81.70   6.23    66.81   64.35   0.43    873.70     40.06    61.28    0.24      1.13          0.43          1.42           93.95        
109  T0982TS149_1        149s    33.80    100.00  107   0.09      0.09       0.19      0.19       23.22    -0.04         9.40     18.68    14       14.253   267   1    0     0     35.58  43.07  0.27        0.27         0.39         0.39         43.45  33.282   2.06     3.82        14          164      10.9     3.36          0.43    45.69     0.50    0.50    0.62    0.85    0.60     85.80   6.11    69.00   65.83   0.44    883.50     38.50    65.75    0.23      121.74        2.55          3.56           91.46        
110  T0982TS156_5        156s    33.52    100.00  110   N/A       N/A        0.16      0.16       23.97    N/A           13.01    20.24    14.109   14.507   267   0    0     0     33.71  42.32  N/A         N/A          0.28         0.28         42.70  39.455   1.87     3.65        14.6        123      2.2      1.16          0.45    44.01     0.52    0.49    0.61    0.80    0.57     82.60   6.23    66.93   64.41   0.43    880.80     40.13    60.59    0.24      0.68          0.43          1.42           93.24        
111  T0982TS124_1        124s    33.52    100.00  110   0.07      0.07       0.16      0.16       22.57    -0.12         11.84    17.66    14.774   14.955   267   0    0     0     32.58  43.45  0.08        0.08         0.21         0.21         44.57  33.095   2.14     3.88        14.2        128      2.5      3.31          0.44    47.19     0.50    0.49    0.60    0.91    0.58     87.10   6.23    66.78   64.11   0.43    858.00     45.80    54.46    0.22      95.10         2.55          5.69           89.68        
112  T0982TS156_1        156s    33.43    100.00  112   0.06      0.06       0.16      0.16       23.22    -0.04         13.36    20.21    14.073   14.466   267   0    0     0     33.71  42.70  0.15        0.15         0.28         0.28         43.07  36.496   1.90     3.71        14.6        156      7.8      1.37          0.45    45.13     0.52    0.49    0.61    0.79    0.58     82.30   6.23    66.99   64.30   0.43    926.10     40.08    60.22    0.24      1.59          0.43          1.42           92.53        
113  T0982TS156_4        156s    33.24    100.00  113   N/A       N/A        0.14      0.14       22.94    N/A           13.26    20.32    14.102   14.492   267   0    0     0     33.71  42.32  N/A         N/A          0.28         0.28         42.70  39.461   1.88     3.60        14.6        154      9.1      1.43          0.45    44.76     0.52    0.49    0.61    0.80    0.57     84.60   6.23    66.97   64.27   0.43    892.00     40.28    62.18    0.24      1.82          0.43          1.42           91.81        
114  T0982TS156_3        156s    33.24    100.00  113   N/A       N/A        0.14      0.14       22.94    N/A           13.07    20.42    14.109   14.507   267   0    0     0     34.08  42.32  N/A         N/A          0.30         0.30         42.70  36.885   1.87     3.60        14.6        127      3.1      1.48          0.45    45.32     0.52    0.49    0.61    0.80    0.57     82.70   6.23    66.78   64.15   0.43    886.90     39.68    60.18    0.24      2.04          0.43          1.42           91.46        
115  T0982TS124_5        124s    32.49    100.00  115   N/A       N/A        0.07      0.07       21.91    N/A           8.88     14.34    14.581   14.823   267   0    0     0     29.21  41.95  N/A         N/A          0.01         0.01         42.32  33.901   1.89     3.37        12.6        134      8.7      3.56          0.44    46.44     0.50    0.49    0.61    0.85    0.58     83.80   5.99    66.83   64.65   0.41    782.30     45.90    53.15    0.20      125.06        5.53          3.56           93.24        
116  T0982TS116_4        116s    31.84    100.00  116   N/A       N/A        0.02      0.02       22.47    N/A           11.68    18.50    15.566   15.981   267   1    0     0     30.34  43.07  N/A         N/A          0.08         0.08         43.45  40.491   1.85     3.37        14.1        150      8.3      3.36          0.38    31.46     0.45    0.38    0.52    1.03    0.56     72.80   6.11    58.72   51.49   0.41    878.20     57.13    67.99    0.15      97.82         3.40          1.42           91.46        
117  T0982TS312_3        312s    31.46    100.00  117   N/A       N/A        -0.02     -0.02      21.35    N/A           8.79     16.56    13.762   14.165   267   13   0     0     31.46  40.07  N/A         N/A          0.14         0.14         40.45  29.637   1.98     3.08        12.9        119      2.5      4.62          0.28    40.82     0.45    0.43    0.62    0.91    0.58     70.20   5.99    63.44   54.91   0.42    755.40     47.48    N/A      0.16      256.25        14.47         12.46          66.19        
118  T0982TS266_3        266s    30.99    100.00  118   N/A       N/A        -0.06     -0.06      19.20    N/A           10.65    15.75    14.341   14.723   267   6    0     0     22.47  38.95  N/A         N/A          -0.40        -0.40        46.44  32.384   2.23     2.40        9.8         122      2.3      2.90          0.41    36.89     0.47    0.41    0.55    0.98    0.62     77.30   4.58    63.42   57.76   0.43    832.50     32.60    N/A      0.19      112.83        0.85          1.78           94.31        
119  T0982TS312_2        312s    30.43    100.00  119   N/A       N/A        -0.11     -0.11      20.51    N/A           6.41     11.45    14.566   14.896   267   0    0     0     27.72  40.82  N/A         N/A          -0.08        -0.08        41.20  30.175   2.01     3.31        11.7        155      10.9     4.43          0.29    40.08     0.46    0.43    0.58    0.90    0.55     80.50   5.99    62.77   56.59   0.40    788.10     45.30    N/A      0.18      216.36        12.77         12.81          74.73        
120  T0982TS266_1        266s    29.87    100.00  120   -0.26     -0.26      -0.16     -0.16      19.10    -0.51         9.29     14.20    14.517   14.726   267   4    0     0     19.85  37.83  -0.74       -0.74        -0.56        -0.56        44.94  32.373   2.16     3.03        11.9        121      2.2      3.20          0.41    36.52     0.45    0.41    0.49    1.10    0.61     70.70   4.74    63.27   57.17   0.42    847.00     32.70    N/A      0.17      152.78        0.85          2.85           89.68        
121  T0982TS116_2        116s    29.59    100.00  121   N/A       N/A        -0.18     -0.18      20.13    N/A           8.51     15.25    14.421   14.896   267   2    0     0     27.34  40.45  N/A         N/A          -0.10        -0.10        41.20  32.819   1.99     3.25        12          159      10.1     3.32          0.39    34.64     0.46    0.41    0.59    0.94    0.57     73.90   5.86    60.93   53.74   0.40    804.50     42.58    69.50    0.17      105.54        2.55          2.14           90.75        
122  T0982TS266_2        266s    29.40    100.00  122   N/A       N/A        -0.20     -0.20      18.63    N/A           6.69     12.73    15.731   16.107   267   9    0     0     22.47  37.83  N/A         N/A          -0.40        -0.40        41.95  30.417   2.16     3.03        9.4         122      2.4      3.22          0.42    39.51     0.46    0.40    0.44    1.18    0.58     67.10   5.86    62.45   58.07   0.42    807.40     30.52    N/A      0.19      206.58        0.85          2.49           92.88        
123  T0982TS152_3        152s    29.40    100.00  122   N/A       N/A        -0.20     -0.20      18.35    N/A           7.00     12.44    25.786   26.039   267   9    0     0     25.09  37.08  N/A         N/A          -0.24        -0.24        37.08  25.59    2.24     2.63        8.4         122      5.2      3.40          0.32    29.21     0.45    0.35    0.32    1.83    0.56     69.00   5.99    48.87   51.19   0.39    626.80     296.91   82.20    0.14      24.97         11.49         7.83           81.85        
124  T0982TS266_4        266s    29.31    100.00  124   N/A       N/A        -0.21     -0.21      18.26    N/A           9.80     14.16    14.687   15.194   267   8    0     0     23.60  38.58  N/A         N/A          -0.33        -0.33        44.19  31.419   2.09     3.08        9.9         123      2.3      3.29          0.40    37.64     0.47    0.40    0.52    1.06    0.60     76.60   4.58    61.48   57.51   0.43    840.40     33.15    N/A      0.19      119.86        2.55          2.14           93.24        
125  T0982TS266_5        266s    28.84    100.00  125   N/A       N/A        -0.25     -0.25      19.48    N/A           10.68    15.61    17.508   17.814   267   1    0     0     0.00   0.00   N/A         N/A          -1.75        -1.75        40.82  29.807   2.02     2.85        11.7        123      2.9      3.24          0.40    40.45     0.47    0.45    0.47    1.03    0.54     69.20   5.73    61.11   59.76   0.38    724.10     76.20    N/A      0.21      100.34        2.55          1.42           92.53        
126  T0982TS116_5        116s    28.75    100.00  126   N/A       N/A        -0.26     -0.26      19.01    N/A           8.99     15.29    14.364   14.796   267   3    0     0     27.72  41.57  N/A         N/A          -0.08        -0.08        42.32  30.821   2.04     3.37        12.1        151      7.3      3.28          0.39    33.90     0.45    0.41    0.59    0.88    0.57     78.80   5.60    61.51   54.49   0.40    796.00     43.19    69.47    0.15      102.59        2.13          3.56           89.68        
127  T0982TS152_1        152s    28.00    100.00  127   -0.43     -0.43      -0.32     -0.32      18.54    -0.58         7.35     11.42    24.536   24.807   267   3    0     0     25.47  35.21  -0.38       -0.38        -0.22        -0.22        36.33  24.999   2.14     2.34        8.1         106      2.9      3.26          0.31    29.77     0.45    0.33    0.25    1.75    0.58     73.10   5.33    47.00   50.46   0.37    603.60     271.85   84.17    0.15      18.84         10.21         9.25           81.14        
128  T0982TS152_4        152s    26.12    100.00  128   N/A       N/A        -0.49     -0.49      16.01    N/A           8.01     11.08    25.991   26.379   267   5    0     0     0.00   0.00   N/A         N/A          -1.75        -1.75        32.96  22.852   2.15     1.60        8.4         109      3.6      3.69          0.30    26.97     0.44    0.32    0.29    1.74    0.54     64.00   5.60    48.72   51.06   0.36    545.30     317.93   79.23    0.12      32.46         16.60         12.10          77.58        
129  T0982TS497_1        497s    25.38    100.00  129   -0.67     -0.67      -0.56     -0.56      16.10    -0.85         6.39     10.96    78.766   78.684   267   10   0     0     23.60  32.96  -0.50       -0.50        -0.33        -0.33        32.96  22.678   2.34     2.34        5           104      3        2.92          0.27    20.60     0.44    0.29    0.29    2.02    0.71     40.70   4.42    42.07   45.80   0.35    455.10     3203.90  66.19    0.11      10.21         8.51          7.83           83.63        
130  T0982TS152_2        152s    25.19    100.00  130   N/A       N/A        -0.57     -0.57      15.82    N/A           7.25     11.24    26.823   27.078   267   13   0     0     21.35  31.84  N/A         N/A          -0.47        -0.47        31.84  23.501   2.20     1.60        6.3         121      24.1     3.70          0.28    25.84     0.43    0.31    0.26    1.84    0.54     57.10   4.89    46.47   47.37   0.35    516.80     339.04   82.45    0.12      41.76         12.77         11.74          78.29        
131  T0982TS152_5        152s    24.34    100.00  131   N/A       N/A        -0.65     -0.65      14.51    N/A           7.36     9.81     26.822   27.16    267   6    0     0     0.00   0.00   N/A         N/A          -1.75        -1.75        30.71  20.825   2.35     1.32        5.4         98       3.9      3.57          0.30    27.34     0.44    0.32    0.20    1.79    0.55     68.50   4.58    46.06   47.74   0.35    439.40     330.37   81.27    0.15      34.04         13.19         8.54           82.21        
132  T0982TS282_2        282s    23.69    100.00  132   N/A       N/A        -0.71     -0.71      13.21    N/A           4.12     7.73     23.521   23.588   267   7    0     0     12.73  31.46  N/A         N/A          -0.99        -0.99        31.84  20.992   2.49     1.54        3.8         107      6.8      3.88          0.29    20.60     0.41    0.29    0.24    1.59    0.55     43.70   5.46    47.16   43.64   0.34    395.70     213.99   45.46    0.09      46.30         14.89         13.88          69.04        
133  T0982TS282_1        282s    23.32    100.00  133   -0.86     -0.86      -0.74     -0.74      12.73    -1.24         3.65     7.96     26.835   27.12    267   4    0     0     16.10  32.58  -0.99       -0.99        -0.78        -0.78        32.96  19.994   2.56     1.66        5.1         133      26.8     3.74          0.28    20.04     0.41    0.32    0.39    1.89    0.66     45.40   5.04    46.84   45.49   0.34    443.70     228.49   43.89    0.09      35.41         15.32         12.46          73.31        
134  T0982TS497_5        497s    22.47    100.00  134   N/A       N/A        -0.81     -0.81      12.83    N/A           3.13     7.86     78.833   78.715   267   10   0     0     12.73  28.84  N/A         N/A          -0.99        -0.99        28.84  19.89    2.53     1.09        3.1         93       3.6      3.12          0.25    18.16     0.41    0.26    0.28    2.23    0.66     53.20   4.07    41.67   43.39   0.32    333.50     3298.51  68.32    0.08      11.12         11.49         11.74          79.00        
135  T0982TS497_2        497s    22.47    100.00  134   N/A       N/A        -0.81     -0.81      13.95    N/A           5.21     10.22    78.805   78.769   267   8    0     0     18.73  28.84  N/A         N/A          -0.62        -0.62        29.21  18.785   2.41     1.37        3.4         94       3.7      3.07          0.26    17.79     0.41    0.27    0.27    2.21    0.67     50.60   3.07    41.06   43.72   0.32    355.20     3239.03  67.09    0.09      9.53          12.77         12.10          80.43        
136  T0982TS407_3        407s    21.25    100.00  136   N/A       N/A        -0.92     -0.92      13.20    N/A           5.57     7.43     16.682   17       267   2    0     0     13.48  22.47  N/A         N/A          -0.94        -0.94        25.47  15.798   2.40     0.80        4.4         100      3.9      3.52          0.33    32.96     0.49    0.39    0.33    1.40    0.55     70.00   4.25    54.06   56.82   0.30    334.00     127.89   48.70    0.20      83.52         11.49         1.42           95.37        
137  T0982TS348_4        348s    20.41    100.00  137   N/A       N/A        -1.00     -1.00      9.64     N/A           3.90     6.62     21.671   21.49    267   20   0     0     14.61  29.21  N/A         N/A          -0.87        -0.87        31.46  18.873   2.57     1.43        2.2         104      3.5      3.74          0.22    13.55     0.35    0.25    0.32    1.76    0.51     8.10    5.46    42.06   34.85   0.32    321.40     151.04   83.64    0.06      194.28        0.00          21.00          46.26        
138  T0982TS497_4        497s    20.32    100.00  138   N/A       N/A        -1.00     -1.00      12.27    N/A           2.71     5.26     79.129   79.061   267   3    0     0     8.99   22.47  N/A         N/A          -1.21        -1.21        22.47  16.619   2.35     0.18        2.1         81       3.8      3.31          0.24    17.04     0.40    0.25    0.27    2.16    0.63     48.50   3.89    39.66   42.16   0.28    255.80     3157.22  72.22    0.08      19.97         10.21         13.88          79.00        
139  T0982TS007_2        007s    19.76    100.00  139   N/A       N/A        -1.05     -1.05      13.86    N/A           7.30     11.03    101.822  103.456  267   38   0     0     19.10  24.72  N/A         N/A          -0.60        -0.60        41.20  31.921   1.89     3.37        8.1         117      2.3      4.54          0.09    10.49     0.29    0.17    0.09    3.17    0.56     28.10   4.74    27.39   29.58   0.25    716.70     8692.50  79.82    0.08      219.90        14.47         12.98          67.56        
140  T0982TS348_3        348s    19.66    100.00  140   N/A       N/A        -1.06     -1.06      8.90     N/A           3.62     5.89     21.602   21.385   267   34   0     0     9.74   28.09  N/A         N/A          -1.17        -1.17        28.84  17.284   2.66     0.80        0           0        N/A      4.20          0.21    10.74     0.33    0.23    0.31    1.82    0.51     15.90   5.46    40.96   33.00   0.31    N/A        147.49   83.69    0.06      224.09        3.40          21.71          46.26        
141  T0982TS348_1        348s    19.38    100.00  141   -1.22     -1.22      -1.09     -1.09      8.89     -1.67         2.17     5.42     21.603   21.363   267   24   0     0     9.74   30.34  -1.40       -1.40        -1.17        -1.17        30.71  18.307   2.80     0.75        0           0        N/A      3.80          0.22    11.66     0.34    0.25    0.30    1.80    0.51     18.00   5.33    41.67   32.99   0.31    N/A        150.90   83.43    0.07      230.58        0.85          22.42          47.33        
142  T0982TS348_2        348s    19.20    100.00  142   N/A       N/A        -1.10     -1.10      8.89     N/A           2.80     5.40     21.692   21.657   267   34   0     0     7.49   23.22  N/A         N/A          -1.30        -1.30        25.84  16.779   2.61     0.86        0.7         83       4        3.76          0.20    10.61     0.32    0.23    0.34    1.87    0.51     11.40   5.33    40.81   30.50   0.31    215.40     153.79   81.85    0.05      196.62        0.43          34.88          43.06        
143  T0982TS282_3        282s    18.45    100.00  143   N/A       N/A        -1.17     -1.17      10.67    N/A           3.84     6.91     53.63    53.665   267   8    0     0     12.73  23.60  N/A         N/A          -0.99        -0.99        27.72  17.847   2.39     1.37        3.7         96       4.1      3.15          0.25    17.79     0.40    0.26    0.29    2.09    0.58     38.80   3.50    41.26   41.88   0.27    318.00     1353.40  42.96    0.08      12.03         11.91         8.19           79.72        
144  T0982TS407_5        407s    18.45    100.00  143   N/A       N/A        -1.17     -1.17      12.27    N/A           5.83     8.86     20.782   20.554   267   1    0     0     13.11  22.47  N/A         N/A          -0.96        -0.96        24.34  19.014   2.29     0.40        4.7         83       3.7      3.38          0.30    25.28     0.47    0.35    0.33    1.58    0.51     63.00   3.89    50.48   52.77   0.26    303.80     151.23   48.48    0.19      76.03         11.06         0.36           96.44        
145  T0982TS407_4        407s    18.07    100.00  145   N/A       N/A        -1.20     -1.20      12.17    N/A           3.59     6.49     21.213   21.301   267   0    0     0     0.00   0.00   N/A         N/A          -1.75        -1.75        26.59  18.422   2.26     0.12        4.8         104      16.5     3.40          0.32    24.91     0.47    0.35    0.33    1.49    0.48     75.90   4.74    49.62   52.62   0.23    350.90     139.28   44.45    0.18      79.89         8.51          0.71           95.37        
146  T0982TS365_4        365s    16.95    100.00  146   N/A       N/A        -1.30     -1.30      12.08    N/A           2.06     4.62     27.164   27.087   267   5    0     0     13.11  18.35  N/A         N/A          -0.96        -0.96        20.97  15.841   2.43     0.01        1.7         59       4.1      2.24          0.26    17.23     0.43    0.29    0.35    2.01    0.55     58.00   3.89    42.16   45.60   0.23    200.60     372.97   N/A      0.12      1.59          5.96          5.69           79.36        
147  T0982TS365_2        365s    16.95    100.00  146   N/A       N/A        -1.30     -1.30      12.17    N/A           3.31     6.76     27.21    27.186   267   5    0     0     11.61  19.48  N/A         N/A          -1.05        -1.05        21.72  15.209   2.45     -0.28       1.9         62       3.1      1.99          0.25    17.98     0.41    0.27    0.34    2.03    0.54     55.30   3.89    42.13   45.09   0.23    234.00     365.34   N/A      0.11      0.45          6.81          4.27           82.92        
148  T0982TS407_2        407s    16.76    100.00  148   N/A       N/A        -1.32     -1.32      11.14    N/A           5.27     7.16     20.758   20.678   267   2    0     0     0.00   11.61  N/A         N/A          -1.75        -1.75        23.22  17.277   2.34     -0.22       2.4         58       2.8      1.35          0.29    21.54     0.46    0.30    0.26    1.56    0.51     69.80   4.07    45.90   51.46   0.24    258.40     107.88   42.86    0.16      2.72          0.00          0.71           95.73        
149  T0982TS365_1        365s    16.67    100.00  149   -1.47     -1.47      -1.33     -1.33      11.33    -1.39         2.47     5.38     27.023   27.026   267   5    0     0     11.99  19.10  -1.25       -1.25        -1.03        -1.03        20.97  14.667   2.34     -0.11       1.7         68       4.4      2.13          0.25    17.42     0.42    0.28    0.33    2.00    0.54     54.70   4.07    42.35   45.44   0.22    191.90     374.32   N/A      0.12      1.14          5.96          6.76           81.49        
150  T0982TS365_5        365s    16.48    100.00  150   N/A       N/A        -1.34     -1.34      11.71    N/A           2.00     4.98     27.26    27.217   267   5    0     0     12.73  19.48  N/A         N/A          -0.99        -0.99        20.97  15.002   2.27     -0.45       1.5         54       4.2      1.93          0.25    18.35     0.42    0.29    0.36    1.98    0.55     56.00   4.07    42.84   46.17   0.22    125.40     377.98   N/A      0.12      0.68          4.68          6.76           82.56        
151  T0982TS407_1        407s    16.29    100.00  151   -1.50     -1.50      -1.36     -1.36      10.30    -1.51         3.69     6.66     22.425   22.798   267   0    0     0     1.50   5.24   -1.93       -1.93        -1.66        -1.66        23.22  12.195   2.56     0.40        2.8         81       13.6     1.26          0.27    16.29     0.46    0.28    0.12    1.81    0.52     75.40   4.42    43.95   49.58   0.25    266.50     250.77   41.50    0.14      2.72          0.00          0.36           96.80        
152  T0982TS007_3        007s    15.82    100.00  152   N/A       N/A        -1.40     -1.40      9.83     N/A           3.92     6.79     46.206   45.827   267   57   0     0     10.11  16.48  N/A         N/A          -1.14        -1.14        40.82  32.796   1.95     1.72        8.7         120      2.8      4.79          0.12    5.24      0.30    0.09    -0.01   2.43    0.52     19.80   4.25    29.26   25.08   0.21    757.40     1577.59  84.74    0.08      358.87        16.17         14.51          66.27        
153  T0982TS365_3        365s    15.73    100.00  153   N/A       N/A        -1.41     -1.41      11.33    N/A           3.75     7.08     27.46    27.396   267   3    0     0     12.73  17.98  N/A         N/A          -0.99        -0.99        23.60  16.533   2.37     -0.51       1.6         59       4        1.97          0.25    18.16     0.42    0.28    0.36    1.98    0.55     49.30   3.89    42.32   45.76   0.22    141.40     376.44   N/A      0.11      0.45          6.38          4.27           82.56        
154  T0982TS497_3        497s    15.07    100.00  154   N/A       N/A        -1.47     -1.47      9.46     N/A           2.17     5.81     79.457   79.257   267   11   0     0     0.00   0.00   N/A         N/A          -1.75        -1.75        21.72  15.173   2.49     -0.22       2.1         91       8        3.44          0.23    13.11     0.40    0.23    0.25    2.33    0.48     55.60   4.74    39.77   41.46   0.22    261.20     3272.75  76.45    0.07      25.42         11.06         11.39          79.00        
155  T0982TS007_1        007s    13.39    100.00  155   -1.77     -1.77      -1.62     -1.62      9.46     -1.61         4.90     7.60     55.943   57.38    267   82   0     0     23.22  38.20  -0.53       -0.53        -0.35        -0.35        38.58  29.511   2.02     3.08        7.6         114      2.2      4.73          0.08    3.93      0.26    0.07    -0.16   3.01    0.50     28.30   3.70    23.16   21.86   0.18    657.20     2995.63  87.24    0.06      284.30        14.47         27.38          56.27        
156  T0982TS282_4        282s    13.30    100.00  156   N/A       N/A        -1.62     -1.62      8.05     N/A           2.31     4.04     23.78    23.956   267   8    0     0     2.62   6.37   N/A         N/A          -1.59        -1.59        16.10  10.508   2.60     -0.91       0.9         67       8.3      4.02          0.26    15.36     0.38    0.25    0.23    1.80    0.47     41.00   3.29    42.59   42.31   0.21    153.70     183.61   43.15    0.07      62.64         16.17         15.66          70.46        
157  T0982TS007_5        007s    13.30    100.00  156   N/A       N/A        -1.62     -1.62      9.18     N/A           5.20     6.84     23.012   23.286   267   9    0     0     9.74   13.48  N/A         N/A          -1.17        -1.17        37.83  26.807   2.34     3.08        7.2         124      3        4.06          0.19    6.74      0.33    0.09    -0.10   2.23    0.50     29.60   3.29    24.64   29.41   0.19    667.30     257.92   88.15    0.05      191.78        6.81          4.27           83.63        
158  T0982TS378_1        378s    13.30    100.00  156   -1.77     -1.77      -1.62     -1.62      8.61     -1.70         3.12     5.98     28.22    28.617   267   0    0     0     0.00   10.49  -2.02       -2.02        -1.75        -1.75        17.60  13.409   2.41     -1.08       1.5         64       7.9      4.17          0.15    8.61      0.39    0.17    0.20    2.56    0.53     36.80   2.83    33.04   34.70   0.18    169.20     366.11   20.89    0.07      206.72        10.64         3.56           87.19        
159  T0982TS282_5        282s    12.55    100.00  159   N/A       N/A        -1.69     -1.69      8.34     N/A           1.98     3.71     85.096   84.906   267   4    0     0     0.00   0.00   N/A         N/A          -1.75        -1.75        17.23  11.042   2.38     -0.85       0.7         68       10.8     2.71          0.22    12.17     0.39    0.22    0.28    2.30    0.40     29.60   2.30    37.74   40.30   0.17    173.70     3825.69  41.79    0.06      5.67          7.23          10.32          79.36        
160  T0982TS041_4        041s    12.55    100.00  159   N/A       N/A        -1.69     -1.69      9.27     N/A           3.35     7.08     31.712   31.474   267   7    0     0     1.12   1.12   N/A         N/A          -1.69        -1.69        15.73  10.283   2.82     -1.13       0.1         46       6.2      2.79          0.21    8.99      0.39    0.16    0.21    2.04    0.51     47.80   3.29    34.21   36.78   0.15    109.00     445.94   N/A      0.07      9.76          6.38          8.19           84.70        
161  T0982TS378_2        378s    12.36    100.00  161   N/A       N/A        -1.71     -1.71      8.43     N/A           3.43     5.79     34.99    35.138   267   0    0     0     1.12   10.49  N/A         N/A          -1.69        -1.69        17.98  11.337   2.79     -0.85       0.7         106      45.2     4.00          0.16    9.36      0.38    0.18    0.23    2.39    0.53     26.90   1.64    31.99   35.13   0.18    195.20     723.96   20.81    0.06      163.19        9.36          4.63           88.26        
162  T0982TS458_1        458s    12.27    100.00  162   -1.87     -1.87      -1.72     -1.72      9.08     -1.65         3.74     6.98     36.042   36.451   267   4    0     0     0.00   0.00   -2.02       -2.02        -1.75        -1.75        15.36  10.585   2.45     -1.08       0.9         35       3.3      3.53          0.20    9.55      0.39    0.17    -0.01   2.37    0.50     51.70   3.07    33.42   38.37   0.17    99.80      754.11   57.32    0.07      27.92         14.04         9.96           80.78        
163  T0982TS378_3        378s    11.80    100.00  163   N/A       N/A        -1.76     -1.76      9.08     N/A           3.32     6.70     39.897   40.072   267   1    0     0     0.00   2.62   N/A         N/A          -1.75        -1.75        18.73  11.297   2.80     -1.08       0.5         87       45.9     3.95          0.15    8.99      0.39    0.19    0.12    2.57    0.49     36.00   2.30    32.11   35.51   0.13    93.70      1343.48  21.45    0.06      187.24        10.21         2.85           92.88        
164  T0982TS378_5        378s    11.70    100.00  164   N/A       N/A        -1.77     -1.77      9.27     N/A           3.83     6.63     46.419   46.485   267   0    0     0     0.00   3.37   N/A         N/A          -1.75        -1.75        16.85  10.051   2.75     -1.30       0.7         35       4.4      4.10          0.14    7.68      0.39    0.18    0.21    2.73    0.50     33.60   3.07    27.47   35.24   0.13    95.20      1513.36  20.70    0.06      178.02        11.49         2.49           88.61        
165  T0982TS041_1        041s    11.52    100.00  165   -1.94     -1.94      -1.78     -1.78      8.80     -1.68         2.74     6.73     30.798   30.625   267   9    0     0     0.37   0.37   -2.00       -2.00        -1.73        -1.73        16.85  11.185   2.76     -1.25       0           0        N/A      3.16          0.22    10.11     0.41    0.19    0.23    2.11    0.49     56.60   3.29    34.49   39.59   0.14    N/A        392.96   N/A      0.08      13.39         10.64         9.25           79.36        
166  T0982TS041_2        041s    11.42    100.00  166   N/A       N/A        -1.79     -1.79      8.90     N/A           2.98     7.05     29.673   29.563   267   8    0     0     0.00   0.00   N/A         N/A          -1.75        -1.75        18.73  13.976   2.20     -1.30       0.2         45       6.1      3.07          0.21    9.18      0.40    0.16    0.22    2.27    0.53     39.30   3.50    34.04   37.07   0.14    117.90     424.88   N/A      0.07      12.26         9.79          10.68          81.49        
167  T0982TS458_3        458s    11.24    100.00  167   N/A       N/A        -1.81     -1.81      8.99     N/A           2.56     6.88     34.606   34.833   267   6    0     0     0.00   2.25   N/A         N/A          -1.75        -1.75        16.10  10.949   2.80     -1.30       0.6         30       2.6      3.48          0.20    7.87      0.37    0.15    0.00    2.37    0.49     29.70   1.99    32.37   36.02   0.14    87.40      571.29   62.79    0.07      25.87         11.06         10.68          75.44        
168  T0982TS041_5        041s    11.24    100.00  167   N/A       N/A        -1.81     -1.81      8.43     N/A           3.06     6.52     30.101   30.086   267   7    0     0     0.00   7.12   N/A         N/A          -1.75        -1.75        16.85  11.942   2.44     -1.08       0           0        N/A      2.93          0.21    9.36      0.39    0.16    0.21    2.07    0.52     41.70   2.83    33.47   36.29   0.15    N/A        384.79   N/A      0.07      12.49         5.53          10.68          78.29        
169  T0982TS041_3        041s    11.14    100.00  169   N/A       N/A        -1.82     -1.82      8.71     N/A           2.78     6.61     30.94    31.03    267   9    0     0     0.00   1.12   N/A         N/A          -1.75        -1.75        16.10  10.422   2.69     -1.30       0.3         50       4.2      2.96          0.20    8.61      0.38    0.15    0.17    2.29    0.52     47.80   2.83    31.16   36.01   0.13    112.60     419.34   N/A      0.06      9.76          9.36          9.61           81.85        
170  T0982TS458_4        458s    11.05    100.00  170   N/A       N/A        -1.82     -1.82      9.37     N/A           2.83     6.66     38.1     38.482   267   6    0     0     0.00   1.12   N/A         N/A          -1.75        -1.75        16.10  10.765   2.60     -1.13       0.5         30       2.9      3.45          0.19    8.24      0.38    0.16    0.02    2.38    0.48     44.40   1.99    31.08   36.77   0.15    86.90      907.81   54.83    0.06      26.10         11.06         10.32          78.65        
171  T0982TS378_4        378s    11.05    100.00  170   N/A       N/A        -1.82     -1.82      7.96     N/A           1.89     4.76     31.455   31.787   267   1    0     0     0.00   0.00   N/A         N/A          -1.75        -1.75        16.85  12.945   2.45     -1.25       1.5         57       3.7      4.25          0.14    8.24      0.38    -0.20   0.19    2.35    0.50     35.90   2.30    31.51   35.40   0.14    150.30     662.00   20.42    0.06      201.63        15.32         3.20           88.61        
172  T0982TS348_5        348s    11.05    100.00  170   N/A       N/A        -1.82     -1.82      5.80     N/A           1.53     3.16     22.124   22.085   267   0    0     0     0.00   1.12   N/A         N/A          -1.75        -1.75        22.47  12.554   2.78     -1.59       1.5         94       14.1     3.27          0.22    10.95     0.35    0.21    0.31    2.13    0.48     5.60    4.74    36.92   33.12   0.19    246.00     159.39   75.41    0.07      44.19         1.70          22.42          49.82        
173  T0982TS257_5        257s    10.58    100.00  173   N/A       N/A        -1.86     -1.86      8.90     N/A           3.85     7.07     123.775  124.042  267   6    0     0     0.00   1.87   N/A         N/A          -1.75        -1.75        10.49  8.069    2.21     -1.25       0.6         34       2.5      2.04          0.16    8.99      0.39    0.15    0.39    2.76    0.56     38.20   0.73    24.86   35.06   0.11    93.40      6981.00  98.21    0.07      1.13          5.11          7.83           83.99        
174  T0982TS458_5        458s    10.58    100.00  173   N/A       N/A        -1.86     -1.86      8.62     N/A           2.62     6.37     37.119   37.498   267   12   0     0     1.12   9.36   N/A         N/A          -1.69        -1.69        15.73  13.172   2.12     -1.30       0.6         30       2.5      3.51          0.19    8.43      0.38    0.13    -0.04   2.57    0.50     42.50   3.07    32.10   35.82   0.13    85.60      833.44   60.44    0.06      23.60         16.60         8.90           81.14        
175  T0982TS488_2        488s    10.49    100.00  175   N/A       N/A        -1.87     -1.87      7.12     N/A           2.24     4.57     25.288   25.594   267   1    0     0     0.00   0.00   N/A         N/A          -1.75        -1.75        23.22  13.921   2.72     -0.79       0.4         50       4.4      1.07          0.21    8.99      0.37    0.14    0.03    2.21    0.50     50.70   1.64    32.69   33.09   0.17    121.70     302.84   N/A      0.07      0.68          0.00          1.07           95.02        
176  T0982TS257_3        257s    10.49    100.00  175   N/A       N/A        -1.87     -1.87      8.90     N/A           3.06     6.81     125.25   125.41   267   11   0     0     0.00   0.00   N/A         N/A          -1.75        -1.75        10.86  10.776   1.30     -1.19       0.4         30       2.5      2.26          0.15    7.68      0.39    0.14    0.39    2.86    0.55     31.90   1.64    25.21   33.81   0.11    87.20      7021.62  98.06    0.05      1.82          7.23          8.19           84.70        
177  T0982TS257_4        257s    10.39    100.00  177   N/A       N/A        -1.88     -1.88      8.43     N/A           2.99     6.49     124.489  124.641  267   6    0     0     0.00   9.74   N/A         N/A          -1.75        -1.75        10.11  9.674    2.15     -1.25       0.4         30       2.4      2.06          0.16    8.61      0.39    0.15    0.40    3.03    0.55     35.40   1.24    25.64   34.34   0.11    88.00      7011.79  97.90    0.07      1.36          4.68          9.25           83.63        
178  T0982TS257_2        257s    10.39    100.00  177   N/A       N/A        -1.88     -1.88      8.61     N/A           3.03     6.51     123.91   123.911  267   8    0     0     0.37   2.62   N/A         N/A          -1.73        -1.73        10.11  7.011    2.58     -1.19       0.5         34       2.7      2.23          0.15    7.30      0.39    0.14    0.38    2.80    0.53     35.80   1.99    25.16   33.61   0.11    92.10      6859.83  99.08    0.06      1.82          5.96          9.25           82.56        
179  T0982TS458_2        458s    10.30    100.00  179   N/A       N/A        -1.89     -1.89      7.96     N/A           1.93     4.87     34.464   34.703   267   11   0     0     0.00   0.00   N/A         N/A          -1.75        -1.75        17.60  11.582   2.23     -1.42       0.3         33       3.8      3.56          0.19    8.80      0.37    0.14    0.02    2.40    0.50     30.70   2.58    30.87   34.99   0.14    76.00      715.37   55.27    0.04      27.46         13.19         7.47           75.80        
180  T0982TS257_1        257s    10.30    100.00  179   -2.05     -2.05      -1.89     -1.89      8.99     -1.66         2.63     6.89     123.756  123.975  267   6    0     0     0.00   0.00   -2.02       -2.02        -1.75        -1.75        11.61  11.171   1.71     -1.30       0.3         30       2.6      2.35          0.16    8.05      0.38    0.14    0.40    3.07    0.54     35.10   0.73    25.82   34.01   0.11    87.90      6792.99  97.99    0.06      2.72          5.96          11.03          82.21        
181  T0982TS488_4        488s    9.83     100.00  181   N/A       N/A        -1.93     -1.93      6.09     N/A           1.64     2.93     21.384   21.745   267   7    0     0     0.37   0.75   N/A         N/A          -1.73        -1.73        22.10  13.403   2.50     0.06        1.4         62       4.5      1.61          0.22    5.62      0.37    0.16    0.08    2.09    0.50     63.40   1.99    35.67   33.70   0.17    167.00     193.00   N/A      0.09      3.86          0.00          2.14           93.24        

